fn_video,frame_number,hand_x0,hand_y0,hand_z0,hand_x1,hand_y1,hand_z1,hand_x2,hand_y2,hand_z2,hand_x3,hand_y3,hand_z3,hand_x4,hand_y4,hand_z4,hand_x5,hand_y5,hand_z5,hand_x6,hand_y6,hand_z6,hand_x7,hand_y7,hand_z7,hand_x8,hand_y8,hand_z8,hand_x9,hand_y9,hand_z9,hand_x10,hand_y10,hand_z10,hand_x11,hand_y11,hand_z11,hand_x12,hand_y12,hand_z12,hand_x13,hand_y13,hand_z13,hand_x14,hand_y14,hand_z14,hand_x15,hand_y15,hand_z15,hand_x16,hand_y16,hand_z16,hand_x17,hand_y17,hand_z17,hand_x18,hand_y18,hand_z18,hand_x19,hand_y19,hand_z19,hand_x20,hand_y20,hand_z20,lip_x17,lip_y17,lip_z17,lip_x314,lip_y314,lip_z314,lip_x405,lip_y405,lip_z405,lip_x321,lip_y321,lip_z321,lip_x375,lip_y375,lip_z375,lip_x291,lip_y291,lip_z291,lip_x84,lip_y84,lip_z84,lip_x181,lip_y181,lip_z181,lip_x91,lip_y91,lip_z91,lip_x146,lip_y146,lip_z146,lip_x0,lip_y0,lip_z0,lip_x267,lip_y267,lip_z267,lip_x269,lip_y269,lip_z269,lip_x270,lip_y270,lip_z270,lip_x409,lip_y409,lip_z409,lip_x40,lip_y40,lip_z40,lip_x37,lip_y37,lip_z37,lip_x39,lip_y39,lip_z39,lip_x40,lip_y40,lip_z40,lip_x185,lip_y185,lip_z185,lip_x61,lip_y61,lip_z61,lip_x78,lip_y78,lip_z78,lip_x95,lip_y95,lip_z95,lip_x88,lip_y88,lip_z88,lip_x87,lip_y87,lip_z87,lip_x14,lip_y14,lip_z14,lip_x317,lip_y317,lip_z317,lip_x402,lip_y402,lip_z402,lip_x324,lip_y324,lip_z324,lip_x308,lip_y308,lip_z308,lip_x80,lip_y80,lip_z80,lip_x81,lip_y81,lip_z81,lip_x82,lip_y82,lip_z82,lip_x13,lip_y13,lip_z13,lip_x312,lip_y312,lip_z312,lip_x311,lip_y311,lip_z311,lip_x319,lip_y319,lip_z319,lip_x308,lip_y308,lip_z308,face_x454,face_y454,face_z454,face_x234,face_y234,face_z234,face_x200,face_y200,face_z200,face_x214,face_y214,face_z214,face_x50,face_y50,face_z50
ssirt0486.mp4,1,,,,,,,,,,,,,,,,,,,,,,,,,,,,,,,,,,,,,,,,,,,,,,,,,,,,,,,,,,,,,,,,0.6162205934524536,0.39772137999534607,-0.01938355155289173,0.6230910420417786,0.39657697081565857,-0.01857270486652851,0.6292484998703003,0.39394962787628174,-0.01569395884871483,0.6341471076011658,0.39060258865356445,-0.011883938685059547,0.6376328468322754,0.38799554109573364,-0.006418348290026188,0.6402974128723145,0.3853152394294739,-0.0015912107191979885,0.6091721057891846,0.39767253398895264,-0.01925317943096161,0.6027252674102783,0.3961312472820282,-0.016999563202261925,0.597278892993927,0.3937700390815735,-0.013620661571621895,0.59345543384552,0.3919975757598877,-0.008585941046476364,0.6161426901817322,0.37793031334877014,-0.021627163514494896,0.6232315301895142,0.374496191740036,-0.020305665209889412,0.6296536326408386,0.3771090805530548,-0.01630115509033203,0.6341827511787415,0.3802468776702881,-0.011733388528227806,0.6376800537109375,0.38280975818634033,-0.006564581301063299,0.5970280766487122,0.3835306167602539,-0.013602705672383308,0.6087656617164612,0.3756428360939026,-0.020975273102521896,0.6019389033317566,0.3794363737106323,-0.017626475542783737,0.5970280766487122,0.3835306167602539,-0.013602705672383308,0.5932617783546448,0.3869287669658661,-0.00891686137765646,0.5905603170394897,0.38998550176620483,-0.00419516209512949,0.5926543474197388,0.38920268416404724,-0.00614763842895627,0.5962154269218445,0.3878885507583618,-0.008645543828606606,0.5997886061668396,0.38683634996414185,-0.01184335257858038,0.6099669933319092,0.38573282957077026,-0.016488533467054367,0.6160199642181396,0.38580775260925293,-0.016955740749835968,0.621833860874176,0.38473963737487793,-0.01585524156689644,0.6269622445106506,0.3839776813983917,-0.013288515619933605,0.6346778273582458,0.3843799829483032,-0.0067302146926522255,0.6382324695587158,0.3849649131298065,-0.003924326505511999,0.5998867154121399,0.38677024841308594,-0.010978557169437408,0.6045932173728943,0.3857573866844177,-0.01331076119095087,0.6100481152534485,0.3855411112308502,-0.015234393067657948,0.6160784959793091,0.3856826722621918,-0.015677062794566154,0.6218606233596802,0.3846054971218109,-0.014630621299147606,0.6269742846488953,0.38393041491508484,-0.01222605723887682,0.6323359608650208,0.3855453133583069,-0.011571786366403103,0.6382324695587158,0.3849649131298065,-0.003924326505511999,0.6836555004119873,0.29626309871673584,0.07613110542297363,0.5385594964027405,0.309008926153183,0.0696055218577385,0.6174100041389465,0.43088772892951965,-0.014279511757194996,0.5672719478607178,0.39746493101119995,0.006236176006495953,0.5623198747634888,0.327962726354599,0.0031237811781466007
ssirt0486.mp4,2,,,,,,,,,,,,,,,,,,,,,,,,,,,,,,,,,,,,,,,,,,,,,,,,,,,,,,,,,,,,,,,,0.6166023015975952,0.39712464809417725,-0.01947103440761566,0.6232954859733582,0.3961052894592285,-0.018637988716363907,0.6293483376502991,0.3937270939350128,-0.015862027183175087,0.6342120170593262,0.39058780670166016,-0.012132802046835423,0.6376805901527405,0.3880513906478882,-0.0067360964603722095,0.6403341889381409,0.385403037071228,-0.001874347566626966,0.6097856163978577,0.39710795879364014,-0.019464747980237007,0.6034582853317261,0.3957550525665283,-0.017483282834291458,0.5979794263839722,0.39357617497444153,-0.014292573556303978,0.5940601825714111,0.3918498456478119,-0.009439168497920036,0.616212785243988,0.3781993091106415,-0.021716905757784843,0.6230874061584473,0.37483683228492737,-0.02028622478246689,0.6294488310813904,0.37739449739456177,-0.016268203034996986,0.6340409517288208,0.3804629147052765,-0.011811722069978714,0.6376271843910217,0.38295525312423706,-0.00676990719512105,0.5975673198699951,0.38345667719841003,-0.014200585894286633,0.6090379953384399,0.3758741021156311,-0.021147647872567177,0.6024154424667358,0.3794620633125305,-0.017999771982431412,0.5975673198699951,0.38345667719841003,-0.014200585894286633,0.593783974647522,0.3867994546890259,-0.009701198898255825,0.5910661816596985,0.3898148536682129,-0.005094711668789387,0.5931525826454163,0.38905221223831177,-0.007008058950304985,0.5967084169387817,0.3877154588699341,-0.009434474632143974,0.600288450717926,0.38661372661590576,-0.012466874904930592,0.6103456020355225,0.38535764813423157,-0.01679350808262825,0.6162579655647278,0.38539600372314453,-0.017141826450824738,0.621985137462616,0.3844224214553833,-0.01600218564271927,0.627078115940094,0.38381195068359375,-0.013453202322125435,0.6348081231117249,0.38443440198898315,-0.007029213942587376,0.6382769346237183,0.3850683271884918,-0.004245256073772907,0.6003506779670715,0.38661807775497437,-0.011572571471333504,0.6049948334693909,0.3855818510055542,-0.01374069694429636,0.6103606820106506,0.38533592224121094,-0.015508292242884636,0.6162717342376709,0.3854719400405884,-0.0158274807035923,0.6219728589057922,0.3844427764415741,-0.014728143811225891,0.6270489692687988,0.38385775685310364,-0.012344726361334324,0.632414698600769,0.3854939639568329,-0.011782686226069927,0.6382769346237183,0.3850683271884918,-0.004245256073772907,0.6834906935691833,0.2984573543071747,0.077106773853302,0.5385247468948364,0.310026079416275,0.06860563904047012,0.6180420517921448,0.43064385652542114,-0.014459177851676941,0.5676779747009277,0.39829301834106445,0.005312234163284302,0.5625491738319397,0.32876673340797424,0.0025895468425005674
ssirt0486.mp4,3,,,,,,,,,,,,,,,,,,,,,,,,,,,,,,,,,,,,,,,,,,,,,,,,,,,,,,,,,,,,,,,,0.6161949038505554,0.3976130187511444,-0.01954082027077675,0.623009979724884,0.39664649963378906,-0.018717339262366295,0.6291318535804749,0.39421385526657104,-0.015972426161170006,0.6339803338050842,0.39097243547439575,-0.012258722446858883,0.6373648643493652,0.3884342908859253,-0.006866878364235163,0.6398609280586243,0.38595321774482727,-0.001983433263376355,0.6092726588249207,0.3974802494049072,-0.019539298489689827,0.6029115915298462,0.39590126276016235,-0.01758379489183426,0.5974401831626892,0.39353808760643005,-0.01440530177205801,0.5935764312744141,0.39178726077079773,-0.009549128822982311,0.6158634424209595,0.3781690001487732,-0.021608779206871986,0.62286776304245,0.3747518062591553,-0.020191676914691925,0.6292916536331177,0.37724706530570984,-0.016214631497859955,0.6338438987731934,0.3804352283477783,-0.011817365884780884,0.6373454332351685,0.38315349817276,-0.006835070438683033,0.597029447555542,0.3829977810382843,-0.014180843718349934,0.6085771322250366,0.3756035566329956,-0.02104230597615242,0.6018692255020142,0.37895625829696655,-0.017921840772032738,0.597029447555542,0.3829977810382843,-0.014180843718349934,0.5932692885398865,0.3865598738193512,-0.00974038802087307,0.5906675457954407,0.3898956775665283,-0.005186744965612888,0.5928102731704712,0.389041543006897,-0.0070960340090096,0.5963543057441711,0.3874416947364807,-0.009530877694487572,0.5999400019645691,0.38621532917022705,-0.012535518035292625,0.6099681854248047,0.3850611746311188,-0.016811762005090714,0.6158738732337952,0.38525477051734924,-0.017151476815342903,0.6216012239456177,0.3843063414096832,-0.01602264493703842,0.6266782879829407,0.38372117280960083,-0.013498958200216293,0.6343437433242798,0.3846028447151184,-0.00714024668559432,0.6377374529838562,0.3855166435241699,-0.004348618444055319,0.5999912023544312,0.38620832562446594,-0.01155290100723505,0.6045961380004883,0.38515645265579224,-0.013669967651367188,0.6099503040313721,0.3850307762622833,-0.015407268889248371,0.6158549189567566,0.3853248953819275,-0.015718162059783936,0.6215563416481018,0.38430824875831604,-0.014631940051913261,0.6266266107559204,0.3837165832519531,-0.01228287722915411,0.6320497989654541,0.38567036390304565,-0.011872295290231705,0.6377374529838562,0.3855166435241699,-0.004348618444055319,0.6834544539451599,0.29856547713279724,0.07703009247779846,0.5385357141494751,0.3096703886985779,0.0686357393860817,0.6177027225494385,0.42988061904907227,-0.014608599245548248,0.5675234198570251,0.3977492153644562,0.005238100420683622,0.5625216960906982,0.32855427265167236,0.002626522909849882
ssirt0486.mp4,4,,,,,,,,,,,,,,,,,,,,,,,,,,,,,,,,,,,,,,,,,,,,,,,,,,,,,,,,,,,,,,,,0.6164811849594116,0.3973914682865143,-0.019538769498467445,0.6231979727745056,0.39640527963638306,-0.018702879548072815,0.6292390823364258,0.39399194717407227,-0.015915870666503906,0.6340480446815491,0.39078375697135925,-0.012172321788966656,0.6374458074569702,0.3882179260253906,-0.006753941997885704,0.6400245428085327,0.38562434911727905,-0.0018747845897451043,0.6096228957176208,0.3972976505756378,-0.019527439028024673,0.6032822728157043,0.395804762840271,-0.017536161467432976,0.5978054404258728,0.39352113008499146,-0.014328974299132824,0.5938959717750549,0.39176464080810547,-0.009444166906177998,0.6160837411880493,0.37817472219467163,-0.021645894274115562,0.6229519844055176,0.3748539090156555,-0.02022545039653778,0.6292877793312073,0.3774435520172119,-0.016217822209000587,0.6338369846343994,0.38055557012557983,-0.011775384657084942,0.6373772025108337,0.3830958902835846,-0.006750710308551788,0.5973935723304749,0.3832765221595764,-0.01415066234767437,0.6088942885398865,0.3757621943950653,-0.021080151200294495,0.6022478938102722,0.37927883863449097,-0.01793491281569004,0.5973935723304749,0.3832765221595764,-0.01415066234767437,0.5936072468757629,0.38667550683021545,-0.009664256125688553,0.5909169912338257,0.3897807002067566,-0.00508749857544899,0.5930183529853821,0.3889879286289215,-0.006996021140366793,0.5965878963470459,0.3875424265861511,-0.009437646716833115,0.600174069404602,0.3863868713378906,-0.012475548312067986,0.6102116107940674,0.385159432888031,-0.016806377097964287,0.6161115765571594,0.3852761685848236,-0.017154192551970482,0.6218069791793823,0.3843221068382263,-0.016014037653803825,0.6268576979637146,0.3837398588657379,-0.01346368994563818,0.634502649307251,0.38448670506477356,-0.0070375800132751465,0.6379392743110657,0.3852485418319702,-0.004238744731992483,0.6002354025840759,0.3863886594772339,-0.011517826467752457,0.6048673987388611,0.3853248953819275,-0.013670767657458782,0.6102212071418762,0.38511529564857483,-0.015431939624249935,0.6161186695098877,0.38533225655555725,-0.015749488025903702,0.6217792630195618,0.3843248784542084,-0.014652930200099945,0.6268150210380554,0.3837663531303406,-0.012277239933609962,0.6321859359741211,0.38555842638015747,-0.011805355548858643,0.6379392743110657,0.3852485418319702,-0.004238744731992483,0.683395504951477,0.2988818883895874,0.07707253098487854,0.5385802388191223,0.31000885367393494,0.06864578276872635,0.6178270578384399,0.43044471740722656,-0.014577740803360939,0.567488431930542,0.39809930324554443,0.005314814392477274,0.5624526739120483,0.3286922872066498,0.002629933413118124
ssirt0486.mp4,5,,,,,,,,,,,,,,,,,,,,,,,,,,,,,,,,,,,,,,,,,,,,,,,,,,,,,,,,,,,,,,,,0.6166682243347168,0.39720603823661804,-0.019609035924077034,0.6234694719314575,0.39624878764152527,-0.01879759132862091,0.6295605301856995,0.39376747608184814,-0.016029179096221924,0.634320855140686,0.39044663310050964,-0.012320373207330704,0.6375982165336609,0.387825071811676,-0.006959646940231323,0.6400101780891418,0.3852730393409729,-0.0021181339398026466,0.6097173094749451,0.39702096581459045,-0.019583696499466896,0.6033629775047302,0.3953109383583069,-0.017573699355125427,0.5979599952697754,0.3927965760231018,-0.014383346773684025,0.5941795706748962,0.3909103572368622,-0.009548348374664783,0.6163849830627441,0.3772929012775421,-0.021767087280750275,0.6233075261116028,0.3739738166332245,-0.020359361544251442,0.6296150088310242,0.37648168206214905,-0.0163977462798357,0.634095311164856,0.3796786069869995,-0.011977897956967354,0.6375189423561096,0.3824174404144287,-0.006977123208343983,0.597678542137146,0.3822086453437805,-0.014251039363443851,0.6091606616973877,0.37484750151634216,-0.02117389813065529,0.6025084257125854,0.3782236576080322,-0.018034184351563454,0.597678542137146,0.3822086453437805,-0.014251039363443851,0.5939372777938843,0.3856661319732666,-0.009783702902495861,0.591347873210907,0.3889197111129761,-0.005213720258325338,0.593471884727478,0.3881166875362396,-0.007111298851668835,0.5969815850257874,0.3865714371204376,-0.009514987468719482,0.6005272269248962,0.38537901639938354,-0.012532167136669159,0.6104666590690613,0.3841816186904907,-0.016867736354470253,0.616357147693634,0.3843732476234436,-0.01723661459982395,0.6220195293426514,0.38346922397613525,-0.016116874292492867,0.6270182132720947,0.3829927444458008,-0.013589144684374332,0.634518027305603,0.3839681148529053,-0.007213270291686058,0.6378915905952454,0.3848783075809479,-0.004460702184587717,0.6005863547325134,0.38534027338027954,-0.01167969312518835,0.6051389575004578,0.38426539301872253,-0.013854906894266605,0.610445499420166,0.38407233357429504,-0.01563735119998455,0.6163368225097656,0.3843500316143036,-0.01597420871257782,0.6219735741615295,0.3833661377429962,-0.014896152541041374,0.6269585490226746,0.3828880786895752,-0.012526772916316986,0.6323342323303223,0.38506022095680237,-0.011953181587159634,0.6378915905952454,0.3848783075809479,-0.004460702184587717,0.6835523843765259,0.2983550429344177,0.0767894983291626,0.5386379957199097,0.3098447024822235,0.06864314526319504,0.6178992986679077,0.4293847382068634,-0.014726769179105759,0.5677285194396973,0.39729148149490356,0.0051597654819488525,0.5626798272132874,0.32793042063713074,0.0026757605373859406
ssirt0486.mp4,6,,,,,,,,,,,,,,,,,,,,,,,,,,,,,,,,,,,,,,,,,,,,,,,,,,,,,,,,,,,,,,,,0.6165904402732849,0.39677727222442627,-0.019535530358552933,0.6232733130455017,0.3958057761192322,-0.018714088946580887,0.6292776465415955,0.3934336304664612,-0.01594589650630951,0.6340214610099792,0.39028200507164,-0.012231840752065182,0.6373482942581177,0.38775724172592163,-0.006856336258351803,0.6398500800132751,0.385209858417511,-0.002010505646467209,0.6097785830497742,0.39668720960617065,-0.019518021494150162,0.6034928560256958,0.3952278196811676,-0.017523055896162987,0.5980716347694397,0.3930048644542694,-0.014333854429423809,0.5942263603210449,0.39129507541656494,-0.009494733065366745,0.6162095665931702,0.3777274489402771,-0.021713117137551308,0.6230210661888123,0.37437716126441956,-0.020291883498430252,0.6292830109596252,0.37690597772598267,-0.016303911805152893,0.6337820887565613,0.38001111149787903,-0.011880078352987766,0.6372618675231934,0.38259047269821167,-0.006874566897749901,0.5977098941802979,0.38277238607406616,-0.014213512651622295,0.6090778112411499,0.37530624866485596,-0.021133454516530037,0.6025117635726929,0.37877583503723145,-0.017995130270719528,0.5977098941802979,0.38277238607406616,-0.014213512651622295,0.5939599275588989,0.3861944079399109,-0.009736232459545135,0.5913044214248657,0.3893558979034424,-0.005155682098120451,0.593389630317688,0.38855111598968506,-0.007060075178742409,0.5969092845916748,0.3870643973350525,-0.009476568549871445,0.6004545092582703,0.38588467240333557,-0.012502799741923809,0.6103747487068176,0.3846051096916199,-0.016833463683724403,0.6162237524986267,0.38471919298171997,-0.017189333215355873,0.6218769550323486,0.3837721347808838,-0.016060519963502884,0.6268789172172546,0.3832314610481262,-0.013522522523999214,0.6344181895256042,0.38404834270477295,-0.007126528769731522,0.6377819776535034,0.38484054803848267,-0.00436275452375412,0.6005388498306274,0.3858732283115387,-0.011615646071732044,0.6051054000854492,0.3847942352294922,-0.013783220201730728,0.6103962659835815,0.384572297334671,-0.015554980374872684,0.6162381172180176,0.3847903609275818,-0.01588011160492897,0.6218441724777222,0.38377925753593445,-0.014790919609367847,0.6268230080604553,0.38324230909347534,-0.012415643781423569,0.6321512460708618,0.385092556476593,-0.011871865950524807,0.6377819776535034,0.38484054803848267,-0.00436275452375412,0.6834965944290161,0.2984865605831146,0.07685253769159317,0.5385003089904785,0.3099559247493744,0.06856618076562881,0.6180873513221741,0.42991214990615845,-0.014598624780774117,0.5677768588066101,0.3977838158607483,0.005236376076936722,0.5626963376998901,0.3281651735305786,0.0026520935352891684
ssirt0486.mp4,7,,,,,,,,,,,,,,,,,,,,,,,,,,,,,,,,,,,,,,,,,,,,,,,,,,,,,,,,,,,,,,,,0.617352306842804,0.39541447162628174,-0.020321426913142204,0.6241570711135864,0.39438536763191223,-0.019494444131851196,0.6302332282066345,0.39190998673439026,-0.016699813306331635,0.6349992752075195,0.3886462450027466,-0.012962046079337597,0.6382848620414734,0.3860446810722351,-0.007565346080809832,0.6406821012496948,0.38346564769744873,-0.0026540898252278566,0.6104044318199158,0.3953678011894226,-0.02030065283179283,0.6040624976158142,0.39387062191963196,-0.018297944217920303,0.5987013578414917,0.39156007766723633,-0.015111126936972141,0.5949839949607849,0.3897600769996643,-0.010271657258272171,0.6171162128448486,0.3754037916660309,-0.022171832621097565,0.624054491519928,0.37208306789398193,-0.020742250606417656,0.630379855632782,0.37454545497894287,-0.01679953746497631,0.6348519325256348,0.37776270508766174,-0.012405688874423504,0.6382467150688171,0.38054442405700684,-0.007443632464855909,0.5984599590301514,0.38073962926864624,-0.014767653308808804,0.6099023222923279,0.3731112778186798,-0.021578574553132057,0.6032536029815674,0.3766173720359802,-0.018489599227905273,0.5984599590301514,0.38073962926864624,-0.014767653308808804,0.5947713255882263,0.3843589425086975,-0.010380510240793228,0.5922654867172241,0.38779228925704956,-0.005915271583944559,0.5943582057952881,0.3868979811668396,-0.007782597094774246,0.5978216528892517,0.3852125406265259,-0.010152878239750862,0.6013196110725403,0.3838983476161957,-0.013127111829817295,0.611186146736145,0.3824704885482788,-0.017414741218090057,0.6170543432235718,0.38256704807281494,-0.017776230350136757,0.6227200031280518,0.38159316778182983,-0.016646726056933403,0.6277060508728027,0.381081223487854,-0.01411304622888565,0.6351738572120667,0.38208600878715515,-0.007752303499728441,0.6385696530342102,0.38302430510520935,-0.005002882797271013,0.6014112830162048,0.3837648928165436,-0.012262750416994095,0.6059286594390869,0.3825274705886841,-0.014408519491553307,0.6112059950828552,0.3822138011455536,-0.016170989722013474,0.6170746088027954,0.3824002146720886,-0.016497870907187462,0.622714638710022,0.38136976957321167,-0.015407578088343143,0.6276816725730896,0.3808862566947937,-0.013035922311246395,0.63299560546875,0.3831821084022522,-0.012525010854005814,0.6385696530342102,0.38302430510520935,-0.005002882797271013,0.6841645836830139,0.29720503091812134,0.07703626155853271,0.5392007231712341,0.3099477291107178,0.06841553002595901,0.6186460852622986,0.42842236161231995,-0.015719126909971237,0.5684558153152466,0.3967996835708618,0.004349478520452976,0.56321781873703,0.32706740498542786,0.0025111157447099686
ssirt0486.mp4,8,,,,,,,,,,,,,,,,,,,,,,,,,,,,,,,,,,,,,,,,,,,,,,,,,,,,,,,,,,,,,,,,0.6178266406059265,0.3954458236694336,-0.020146198570728302,0.6245183348655701,0.3945041298866272,-0.01932280696928501,0.6304922699928284,0.3920809328556061,-0.016528179869055748,0.6351502537727356,0.38878828287124634,-0.012801929377019405,0.6383829116821289,0.3861377239227295,-0.007431120611727238,0.6407879590988159,0.3835045099258423,-0.002544360002502799,0.6109208464622498,0.39531391859054565,-0.020126458257436752,0.6045759916305542,0.3937045931816101,-0.01810610480606556,0.5991571545600891,0.3912792503833771,-0.014907380566000938,0.5953336358070374,0.38941526412963867,-0.010065448470413685,0.617357611656189,0.3752599358558655,-0.02218673750758171,0.6241797208786011,0.371942937374115,-0.02075064368546009,0.6304427981376648,0.3745746314525604,-0.01678672432899475,0.6349038481712341,0.3778722882270813,-0.012365923263132572,0.6383082270622253,0.3806506395339966,-0.007381191942840815,0.5987691283226013,0.38054096698760986,-0.014691101387143135,0.6101901531219482,0.372842013835907,-0.021585699170827866,0.603573203086853,0.37642353773117065,-0.018463803455233574,0.5987691283226013,0.38054096698760986,-0.014691101387143135,0.5950499773025513,0.3840855360031128,-0.010237360373139381,0.5924596190452576,0.3873848617076874,-0.0057009365409612656,0.5945306420326233,0.3865272104740143,-0.0075940401293337345,0.5980159044265747,0.3849535882472992,-0.009975905530154705,0.6015563011169434,0.38367581367492676,-0.01297563873231411,0.6115052700042725,0.38227584958076477,-0.01729799248278141,0.6173797845840454,0.3824261426925659,-0.017659563571214676,0.6229797005653381,0.38149580359458923,-0.016526570543646812,0.6279314160346985,0.381017804145813,-0.013988892547786236,0.6353559494018555,0.38206544518470764,-0.007630053907632828,0.6387077569961548,0.3830198347568512,-0.004892777651548386,0.6016227602958679,0.38359397649765015,-0.01217014342546463,0.606196403503418,0.38239040970802307,-0.014349234290421009,0.6115112900733948,0.3821163773536682,-0.016134388744831085,0.6173847317695618,0.38236212730407715,-0.016465192660689354,0.6229555606842041,0.38137519359588623,-0.015370464883744717,0.6278896331787109,0.38091370463371277,-0.012986302375793457,0.6331841945648193,0.3831861615180969,-0.01238426472991705,0.6387077569961548,0.3830198347568512,-0.004892777651548386,0.6845971941947937,0.2975192964076996,0.07695993781089783,0.5393003225326538,0.3091958463191986,0.06870891153812408,0.6187346577644348,0.4288738965988159,-0.015422238036990166,0.5684898495674133,0.3964311480522156,0.004664142616093159,0.563430666923523,0.3261716663837433,0.0026252618990838528
ssirt0486.mp4,9,,,,,,,,,,,,,,,,,,,,,,,,,,,,,,,,,,,,,,,,,,,,,,,,,,,,,,,,,,,,,,,,0.6176737546920776,0.3943340480327606,-0.020238488912582397,0.6243489980697632,0.3933963477611542,-0.019369538873434067,0.6303634643554688,0.39115145802497864,-0.01652604341506958,0.6351038813591003,0.38811156153678894,-0.012766143307089806,0.6383919715881348,0.3856424391269684,-0.007355120033025742,0.6407960653305054,0.3831162452697754,-0.002442573430016637,0.610798716545105,0.39433497190475464,-0.020259594544768333,0.6044619083404541,0.3930431008338928,-0.01827433705329895,0.5990445613861084,0.3909722864627838,-0.015092188492417336,0.5952661633491516,0.38935816287994385,-0.010261558927595615,0.6173162460327148,0.374644011259079,-0.02218737080693245,0.6242087483406067,0.3713271915912628,-0.02072015218436718,0.6304880976676941,0.37391790747642517,-0.01673194207251072,0.6349483132362366,0.377246618270874,-0.01228773221373558,0.6383574604988098,0.3801306188106537,-0.007282101083546877,0.5986893177032471,0.38027483224868774,-0.014832121320068836,0.6101314425468445,0.37237048149108887,-0.021628830581903458,0.6034930348396301,0.37602680921554565,-0.018559647724032402,0.5986893177032471,0.38027483224868774,-0.014832121320068836,0.594981849193573,0.3840024173259735,-0.010421590879559517,0.5924919843673706,0.38751399517059326,-0.005917917937040329,0.5945669412612915,0.3865203857421875,-0.007780742831528187,0.5979836583137512,0.38474106788635254,-0.010143707506358624,0.6015121340751648,0.3833046555519104,-0.013114233501255512,0.611447811126709,0.3816094398498535,-0.017378246411681175,0.6173135042190552,0.3816691040992737,-0.017697321251034737,0.6229172348976135,0.3807573914527893,-0.016524385660886765,0.6278826594352722,0.38035041093826294,-0.013959845528006554,0.6353588700294495,0.3815702199935913,-0.0075545161962509155,0.6387169361114502,0.3825741708278656,-0.004802558105438948,0.6015475988388062,0.38318103551864624,-0.0123142683878541,0.6060889363288879,0.38181692361831665,-0.014466422609984875,0.6114016175270081,0.3814147412776947,-0.016219623386859894,0.617290198802948,0.38156622648239136,-0.016511842608451843,0.6229013800621033,0.3805616497993469,-0.015381642617285252,0.6278632879257202,0.38014906644821167,-0.012968088500201702,0.6331462860107422,0.38257959485054016,-0.012344084680080414,0.6387169361114502,0.3825741708278656,-0.004802558105438948,0.6843018531799316,0.29680946469306946,0.07740825414657593,0.5390790700912476,0.3088225722312927,0.06847671419382095,0.6188348531723022,0.42824089527130127,-0.015570196323096752,0.5686406493186951,0.3959827721118927,0.004346640780568123,0.5634915232658386,0.32594338059425354,0.0023736529983580112
ssirt0486.mp4,10,,,,,,,,,,,,,,,,,,,,,,,,,,,,,,,,,,,,,,,,,,,,,,,,,,,,,,,,,,,,,,,,0.617495059967041,0.4017402231693268,-0.019377529621124268,0.6243144869804382,0.4003768563270569,-0.018603691831231117,0.630090057849884,0.39659634232521057,-0.015941603109240532,0.6343143582344055,0.3916319012641907,-0.012410309165716171,0.63702392578125,0.38785678148269653,-0.007358965929597616,0.6389759182929993,0.38448524475097656,-0.002697912510484457,0.6105510592460632,0.40115654468536377,-0.019390398636460304,0.6044621467590332,0.3981221616268158,-0.017469247803092003,0.5995527505874634,0.39393219351768494,-0.014434575103223324,0.5963056683540344,0.3908372223377228,-0.009878890588879585,0.6170904040336609,0.37306445837020874,-0.022532282397150993,0.6237776279449463,0.3692873418331146,-0.02107003517448902,0.6299586296081543,0.3729146718978882,-0.01711283251643181,0.6339911818504333,0.3771704435348511,-0.012633808888494968,0.6369196176528931,0.38077422976493835,-0.007627367507666349,0.5992537140846252,0.37954041361808777,-0.014852235093712807,0.6101270318031311,0.37008780241012573,-0.021869024261832237,0.6036072373390198,0.3745393753051758,-0.018709108233451843,0.5992537140846252,0.37954041361808777,-0.014852235093712807,0.5960800647735596,0.38383132219314575,-0.01034010760486126,0.5939528346061707,0.3880235552787781,-0.005699549801647663,0.5960459113121033,0.3871057629585266,-0.0075929658487439156,0.5993786454200745,0.3854862451553345,-0.009808381088078022,0.602531373500824,0.38433176279067993,-0.012712079100310802,0.6116015911102295,0.38371938467025757,-0.016978327184915543,0.6171182990074158,0.38418397307395935,-0.017346203327178955,0.6224629282951355,0.3830876052379608,-0.01621793769299984,0.6270392537117004,0.38233399391174316,-0.01373631227761507,0.633683979511261,0.3831191062927246,-0.007557214703410864,0.6368781328201294,0.38401710987091064,-0.005007002502679825,0.6025388240814209,0.38415735960006714,-0.01243666559457779,0.6066965460777283,0.38332468271255493,-0.014710850082337856,0.611628532409668,0.38350701332092285,-0.016536101698875427,0.6171491742134094,0.3840107321739197,-0.016884325072169304,0.6224794387817383,0.3829166293144226,-0.015801221132278442,0.6270549893379211,0.3821631669998169,-0.013396206311881542,0.6320631504058838,0.3848860561847687,-0.012106029316782951,0.6368781328201294,0.38401710987091064,-0.005007002502679825,0.6843340992927551,0.29764658212661743,0.07647664099931717,0.5388409495353699,0.308969110250473,0.06858417391777039,0.6184677481651306,0.43237659335136414,-0.014224125072360039,0.5684481859207153,0.39699530601501465,0.004851398058235645,0.5635074973106384,0.3256155848503113,0.002498215064406395
ssirt0486.mp4,11,,,,,,,,,,,,,,,,,,,,,,,,,,,,,,,,,,,,,,,,,,,,,,,,,,,,,,,,,,,,,,,,0.6175020337104797,0.40308552980422974,-0.01951673999428749,0.6243336200714111,0.40161293745040894,-0.018684672191739082,0.6301450729370117,0.3975469172000885,-0.015927530825138092,0.6344200968742371,0.39218711853027344,-0.012347848154604435,0.637166440486908,0.3880046606063843,-0.007267047185450792,0.6391593217849731,0.38425004482269287,-0.002616725629195571,0.6104538440704346,0.40256136655807495,-0.01955733820796013,0.6042787432670593,0.3994476795196533,-0.017627613618969917,0.5992993116378784,0.3950614035129547,-0.014609795063734055,0.5960068702697754,0.3916972875595093,-0.010098440572619438,0.6171662211418152,0.3729861080646515,-0.02270040288567543,0.6238501071929932,0.36893904209136963,-0.0212032962590456,0.6299784183502197,0.3725828528404236,-0.017222661525011063,0.6340540647506714,0.37691038846969604,-0.01265521440654993,0.6370132565498352,0.3805263638496399,-0.007567932829260826,0.5991982221603394,0.37988781929016113,-0.015124951489269733,0.6101820468902588,0.3699280023574829,-0.022081509232521057,0.6036516427993774,0.374690979719162,-0.01898861490190029,0.5991982221603394,0.37988781929016113,-0.015124951489269733,0.5959047079086304,0.384294718503952,-0.010628685355186462,0.5936270952224731,0.38855069875717163,-0.006003542337566614,0.5956984758377075,0.3877387046813965,-0.00783353578299284,0.5991285443305969,0.3861914575099945,-0.009963014163076878,0.6023612022399902,0.3850453197956085,-0.012817676179111004,0.611565351486206,0.3841061592102051,-0.017050903290510178,0.6171773076057434,0.38445931673049927,-0.017391245812177658,0.6225697994232178,0.38326334953308105,-0.01621631346642971,0.6271741986274719,0.38247352838516235,-0.01368898805230856,0.6338638663291931,0.3831256031990051,-0.007443266920745373,0.6370819807052612,0.38388898968696594,-0.004932086914777756,0.6023753881454468,0.38486361503601074,-0.012791062705218792,0.6065904498100281,0.3839133083820343,-0.015110106207430363,0.6115555763244629,0.38391488790512085,-0.01694597117602825,0.6171625852584839,0.38432154059410095,-0.017266441136598587,0.6225456595420837,0.3831014633178711,-0.016133567318320274,0.6271618604660034,0.38228195905685425,-0.013653305359184742,0.6322224736213684,0.3850897252559662,-0.012045725248754025,0.6370819807052612,0.38388898968696594,-0.004932086914777756,0.6841463446617126,0.29805201292037964,0.07672858238220215,0.5385018587112427,0.30815884470939636,0.0679880753159523,0.6183649897575378,0.4323991537094116,-0.014517338015139103,0.5683510303497314,0.39582958817481995,0.004240061622112989,0.5633870959281921,0.32467806339263916,0.0020642427261918783
ssirt0486.mp4,12,,,,,,,,,,,,,,,,,,,,,,,,,,,,,,,,,,,,,,,,,,,,,,,,,,,,,,,,,,,,,,,,0.6165609359741211,0.4101707935333252,-0.01773683726787567,0.6238014698028564,0.40818148851394653,-0.01702065020799637,0.6296873688697815,0.40259963274002075,-0.014518946409225464,0.6337135434150696,0.3955654501914978,-0.011223169974982738,0.636081874370575,0.3904860019683838,-0.006559331901371479,0.6377062201499939,0.386449933052063,-0.002249960321933031,0.6092368960380554,0.4090561270713806,-0.017773358151316643,0.6031327843666077,0.4042574167251587,-0.015973323956131935,0.5986489653587341,0.3978993892669678,-0.01315735001116991,0.5960263013839722,0.39329439401626587,-0.008972483687102795,0.6161956787109375,0.37037017941474915,-0.02241874858736992,0.6229197382926941,0.36693236231803894,-0.020963646471500397,0.6293943524360657,0.3719022870063782,-0.017032986506819725,0.633367121219635,0.37737607955932617,-0.012418115511536598,0.6360519528388977,0.38192862272262573,-0.007310433313250542,0.5987252593040466,0.3796984851360321,-0.014530784450471401,0.609319269657135,0.3677448630332947,-0.02171751670539379,0.6027972102165222,0.37362226843833923,-0.0185405146330595,0.5987252593040466,0.3796984851360321,-0.014530784450471401,0.5959438681602478,0.38477838039398193,-0.009907949715852737,0.5941839814186096,0.3896089494228363,-0.005122154485434294,0.5964139699935913,0.3888334333896637,-0.006973650306463242,0.5996928215026855,0.3872814476490021,-0.00893743522465229,0.6025227904319763,0.3863319754600525,-0.011695954017341137,0.6108402013778687,0.38616716861724854,-0.015878047794103622,0.6161864995956421,0.3866675794124603,-0.01626558229327202,0.6214773654937744,0.38550201058387756,-0.015152983367443085,0.6258966326713562,0.3846132159233093,-0.012739304453134537,0.6321685910224915,0.38504621386528015,-0.006786109413951635,0.6354537010192871,0.3860316276550293,-0.004501038230955601,0.6026833653450012,0.3862208425998688,-0.012261832132935524,0.6064685583114624,0.38540494441986084,-0.01469267625361681,0.6110636591911316,0.38543617725372314,-0.0165841206908226,0.6163609027862549,0.38584887981414795,-0.01695309393107891,0.6215859651565552,0.38489219546318054,-0.01588636077940464,0.6259700059890747,0.38432323932647705,-0.013442516326904297,0.6309454441070557,0.3876207768917084,-0.011065415106713772,0.6354537010192871,0.3860316276550293,-0.004501038230955601,0.6838585138320923,0.298115074634552,0.0751214325428009,0.5377660989761353,0.3070892095565796,0.06749620288610458,0.6169352531433105,0.43639451265335083,-0.01217680238187313,0.5675881505012512,0.39657509326934814,0.005301852710545063,0.5626834630966187,0.3244437277317047,0.0021479043643921614
ssirt0486.mp4,13,,,,,,,,,,,,,,,,,,,,,,,,,,,,,,,,,,,,,,,,,,,,,,,,,,,,,,,,,,,,,,,,0.6163333654403687,0.4095788300037384,-0.01809740625321865,0.6234351992607117,0.4077538251876831,-0.01742553524672985,0.6292383074760437,0.4025072455406189,-0.014928196556866169,0.6332206130027771,0.3957868814468384,-0.011637143790721893,0.635557234287262,0.39083021879196167,-0.006997515447437763,0.6371937990188599,0.3868371546268463,-0.0026997674722224474,0.6091381907463074,0.4084545969963074,-0.018074283376336098,0.6031171083450317,0.4038541615009308,-0.01617334596812725,0.5986552834510803,0.3977484703063965,-0.013303808867931366,0.5960099697113037,0.39326706528663635,-0.009080769494175911,0.61590975522995,0.3704068064689636,-0.022858748212456703,0.6225253343582153,0.36710309982299805,-0.02144223265349865,0.6288907527923584,0.3722837567329407,-0.017546318471431732,0.6328346729278564,0.377821147441864,-0.012916368432343006,0.6355063319206238,0.38237765431404114,-0.0077833798713982105,0.598657488822937,0.3798801302909851,-0.014716132543981075,0.6091447472572327,0.36787569522857666,-0.022079579532146454,0.6027193069458008,0.37382638454437256,-0.018816402181982994,0.598657488822937,0.3798801302909851,-0.014716132543981075,0.5958901047706604,0.3848775029182434,-0.010028917342424393,0.5941446423530579,0.38958829641342163,-0.00518879434093833,0.5963377952575684,0.3888741135597229,-0.00706916069611907,0.5995934009552002,0.38742804527282715,-0.009033206850290298,0.602401614189148,0.38646167516708374,-0.01183375809341669,0.610649049282074,0.3860623836517334,-0.01613762229681015,0.6159362196922302,0.38651296496391296,-0.01659577339887619,0.6211655735969543,0.3854650855064392,-0.015524715185165405,0.6255273818969727,0.38481730222702026,-0.013129026629030704,0.6317253708839417,0.3855454623699188,-0.007187884300947189,0.6349644660949707,0.38647037744522095,-0.00493531534448266,0.6025387644767761,0.3863105773925781,-0.012509684078395367,0.6062859296798706,0.3854043185710907,-0.015026602894067764,0.6108328700065613,0.38530433177948,-0.01699681207537651,0.6160926818847656,0.3856719136238098,-0.01743580959737301,0.6212663054466248,0.3848038613796234,-0.01640876568853855,0.6255980134010315,0.3844403922557831,-0.013969812542200089,0.6305049061775208,0.38793107867240906,-0.011475850827991962,0.6349644660949707,0.38647037744522095,-0.00493531534448266,0.6843113899230957,0.2980079650878906,0.0749790146946907,0.5377505421638489,0.3072045147418976,0.06849292665719986,0.6169312596321106,0.4368748664855957,-0.012529111467301846,0.5675719380378723,0.3964938223361969,0.005371606443077326,0.5625621676445007,0.3241744339466095,0.00246589002199471
ssirt0486.mp4,14,,,,,,,,,,,,,,,,,,,,,,,,,,,,,,,,,,,,,,,,,,,,,,,,,,,,,,,,,,,,,,,,0.6162567138671875,0.4170807898044586,-0.017916139215230942,0.6240081191062927,0.414836049079895,-0.017197737470269203,0.6300841569900513,0.4085848927497864,-0.014708138071000576,0.6337930560112,0.4000345766544342,-0.011472090147435665,0.6355688571929932,0.3929336667060852,-0.006931586656719446,0.6363639235496521,0.38740095496177673,-0.002708050888031721,0.6084516644477844,0.41590628027915955,-0.017955994233489037,0.6021069884300232,0.4106016755104065,-0.016164036467671394,0.5977471470832825,0.40291422605514526,-0.013404769822955132,0.5955374836921692,0.39652717113494873,-0.00933454092592001,0.6149852871894836,0.36912989616394043,-0.02301418036222458,0.6220628023147583,0.3658312261104584,-0.021525459364056587,0.628725528717041,0.36999595165252686,-0.017593538388609886,0.6326661109924316,0.3756803274154663,-0.012916759587824345,0.6352238655090332,0.3812446892261505,-0.007777255494147539,0.5979039669036865,0.37865620851516724,-0.015019786544144154,0.6079019904136658,0.3669152855873108,-0.02227739989757538,0.6016432642936707,0.37217605113983154,-0.01909594051539898,0.5979039669036865,0.37865620851516724,-0.015019786544144154,0.5954656600952148,0.38493257761001587,-0.010364793241024017,0.5942656397819519,0.3913783133029938,-0.0055558085441589355,0.5969103574752808,0.3902220129966736,-0.007400119677186012,0.6001855134963989,0.3899865746498108,-0.009261753410100937,0.6027256846427917,0.3900667130947113,-0.011986187659204006,0.6103034615516663,0.3916364312171936,-0.016184592619538307,0.6155493855476379,0.39239567518234253,-0.016588354483246803,0.6208094954490662,0.3909060060977936,-0.015458946116268635,0.624979555606842,0.38912296295166016,-0.013042215257883072,0.6305766105651855,0.3871597945690155,-0.007127793040126562,0.6336961984634399,0.38660573959350586,-0.00494586443528533,0.6027429103851318,0.3828158378601074,-0.012879759073257446,0.6059805154800415,0.3800196647644043,-0.0154009023681283,0.6101929545402527,0.3789446949958801,-0.01734086312353611,0.6153091788291931,0.3792852759361267,-0.01772446371614933,0.620483934879303,0.37819457054138184,-0.016647934913635254,0.6247192621231079,0.3784630596637726,-0.014159795828163624,0.6300103664398193,0.39122480154037476,-0.011348223313689232,0.6336961984634399,0.38660573959350586,-0.00494586443528533,0.6839709877967834,0.2986052632331848,0.07486535608768463,0.5373218059539795,0.30780094861984253,0.06747742742300034,0.6170172095298767,0.43923383951187134,-0.012332278303802013,0.5675868391990662,0.3977220058441162,0.004822682123631239,0.5622908473014832,0.32505396008491516,0.0019908074755221605
ssirt0486.mp4,15,,,,,,,,,,,,,,,,,,,,,,,,,,,,,,,,,,,,,,,,,,,,,,,,,,,,,,,,,,,,,,,,0.6160984039306641,0.4193504750728607,-0.017693430185317993,0.623906135559082,0.4169066548347473,-0.016991686075925827,0.6299513578414917,0.410207599401474,-0.014485284686088562,0.6335353255271912,0.401257187128067,-0.011242515407502651,0.6351579427719116,0.3940361738204956,-0.006713177543133497,0.6358520984649658,0.3885968327522278,-0.0025200913660228252,0.6081874966621399,0.41805264353752136,-0.017713701352477074,0.6018055081367493,0.4122760593891144,-0.01587689481675625,0.5975319147109985,0.40402287244796753,-0.013093829154968262,0.5954526662826538,0.3973376750946045,-0.009016516618430614,0.6153170466423035,0.3695002794265747,-0.022993018850684166,0.6222820281982422,0.36624258756637573,-0.021519383415579796,0.6287677884101868,0.3707382380962372,-0.017567671835422516,0.6325049996376038,0.37668371200561523,-0.012836644425988197,0.6348863840103149,0.3823981285095215,-0.007641894277185202,0.5980523824691772,0.379635751247406,-0.014858901500701904,0.6082937717437744,0.3673076033592224,-0.02224118448793888,0.6019028425216675,0.3729828894138336,-0.019013818353414536,0.5980523824691772,0.379635751247406,-0.014858901500701904,0.5955411195755005,0.3858709931373596,-0.010123301297426224,0.5943148136138916,0.3921743333339691,-0.005243843887001276,0.5970484614372253,0.3910387456417084,-0.007096867077052593,0.600320041179657,0.39061659574508667,-0.008959435857832432,0.6028545498847961,0.39074617624282837,-0.011702431365847588,0.6104080677032471,0.39255428314208984,-0.015949461609125137,0.6156009435653687,0.3933905065059662,-0.016376754269003868,0.6207212805747986,0.3918963074684143,-0.01525847241282463,0.6247224807739258,0.39008569717407227,-0.012839574366807938,0.6300431489944458,0.3881424367427826,-0.006916810758411884,0.6331270933151245,0.3878180980682373,-0.0047492096200585365,0.6029424667358398,0.3840641379356384,-0.012701930478215218,0.6062003970146179,0.3814013600349426,-0.015279433690011501,0.6103781461715698,0.3803919851779938,-0.017257478088140488,0.6154104471206665,0.3807727098464966,-0.017667172476649284,0.6204062700271606,0.3797187805175781,-0.016593873500823975,0.6244504451751709,0.380001962184906,-0.014087999239563942,0.6296636462211609,0.3922642767429352,-0.011131041683256626,0.6331270933151245,0.3878180980682373,-0.0047492096200585365,0.6837993860244751,0.2989019751548767,0.07480426132678986,0.536961555480957,0.3080231547355652,0.06758957356214523,0.6165310144424438,0.440506249666214,-0.012067180126905441,0.5670940279960632,0.3985147774219513,0.005132750608026981,0.5618979334831238,0.3253193795681,0.002044210210442543
ssirt0486.mp4,16,0.477131724357605,0.9544745683670044,2.1387783988302544e-07,0.45599621534347534,0.8601361513137817,-0.007319074589759111,0.44676724076271057,0.7656368017196655,-0.01735084317624569,0.43684154748916626,0.6929598450660706,-0.02715165913105011,0.4221504330635071,0.644477367401123,-0.0374460443854332,0.49799850583076477,0.7438107132911682,-0.022823981940746307,0.5331805944442749,0.6507272720336914,-0.03779410943388939,0.5562635660171509,0.5982412099838257,-0.04654752090573311,0.5744084119796753,0.5591798424720764,-0.05126577243208885,0.5256576538085938,0.7699103355407715,-0.02831358276307583,0.5605463981628418,0.6659472584724426,-0.03967670723795891,0.5835945010185242,0.6047438383102417,-0.04575727507472038,0.6015968918800354,0.5591851472854614,-0.04978327453136444,0.5489266514778137,0.803909420967102,-0.033975277096033096,0.5801472067832947,0.7043582797050476,-0.04286754131317139,0.5995129346847534,0.6450693607330322,-0.04644414409995079,0.6135454177856445,0.6012618541717529,-0.048568397760391235,0.5683437585830688,0.8436053991317749,-0.04010121896862984,0.5920392870903015,0.7650303244590759,-0.04654333367943764,0.6055338978767395,0.7162947058677673,-0.046444203704595566,0.6156191825866699,0.6769299507141113,-0.04539693892002106,0.6150064468383789,0.42192381620407104,-0.017178835347294807,0.6225253343582153,0.4193032383918762,-0.016527291387319565,0.6281936168670654,0.41236135363578796,-0.014122439548373222,0.6313643455505371,0.4033831059932709,-0.010951858013868332,0.6327165961265564,0.39638200402259827,-0.006507311016321182,0.6332688927650452,0.39122623205184937,-0.002377487951889634,0.6074027419090271,0.4205648601055145,-0.017183005809783936,0.6012922525405884,0.41462624073028564,-0.015382194891571999,0.5972785949707031,0.40621647238731384,-0.012618296779692173,0.5953494310379028,0.3995664417743683,-0.008548855781555176,0.6144417524337769,0.371694415807724,-0.022766679525375366,0.6211599707603455,0.3684907555580139,-0.021337328478693962,0.6272519826889038,0.37329185009002686,-0.017425568774342537,0.6306268572807312,0.37948930263519287,-0.01272725872695446,0.6326464414596558,0.3852238059043884,-0.0075482819229364395,0.5978745222091675,0.3822520077228546,-0.014507937245070934,0.6076953411102295,0.3695277273654938,-0.021972715854644775,0.6015626192092896,0.3754761517047882,-0.01868237368762493,0.5978745222091675,0.3822520077228546,-0.014507937245070934,0.5954732298851013,0.3884187340736389,-0.009725947864353657,0.594307541847229,0.39449745416641235,-0.004791970364749432,0.597007155418396,0.3933761715888977,-0.00668268371373415,0.6001648902893066,0.3930057883262634,-0.008546456694602966,0.602575957775116,0.39326006174087524,-0.011292158626019955,0.6096693873405457,0.39538899064064026,-0.015542665496468544,0.6145594120025635,0.3962888717651367,-0.015986977145075798,0.6193858981132507,0.3946702182292938,-0.014913102611899376,0.6230443716049194,0.39267975091934204,-0.01254963967949152,0.6277405619621277,0.3906126022338867,-0.006726102903485298,0.6305583119392395,0.3903880715370178,-0.004589060787111521,0.6027451157569885,0.38683784008026123,-0.012343366630375385,0.6058180928230286,0.38427650928497314,-0.014927600510418415,0.6097122430801392,0.3833047151565552,-0.016917703673243523,0.6144219040870667,0.38373371958732605,-0.017350487411022186,0.619094967842102,0.3826638460159302,-0.016323376446962357,0.6227608323097229,0.38294169306755066,-0.013867286033928394,0.6276010870933533,0.3946019113063812,-0.0108658317476511,0.6305583119392395,0.3903880715370178,-0.004589060787111521,0.6839426755905151,0.29981425404548645,0.07427956163883209,0.5368570685386658,0.30907636880874634,0.06801449507474899,0.6156889200210571,0.4426077604293823,-0.01132831908762455,0.5666674375534058,0.4002026319503784,0.0058044614270329475,0.5615829229354858,0.3268287777900696,0.0023346038069576025
ssirt0486.mp4,17,0.47664880752563477,0.9540342092514038,2.8198579116178735e-07,0.455314040184021,0.8608285188674927,-0.005076854024082422,0.4461011588573456,0.764359176158905,-0.013444092124700546,0.43570953607559204,0.6934593915939331,-0.021508436650037766,0.42014679312705994,0.6462496519088745,-0.03008069284260273,0.4978695213794708,0.7404156923294067,-0.020570633932948112,0.5337409377098083,0.6472508907318115,-0.03296700492501259,0.5568276643753052,0.594552218914032,-0.03960030525922775,0.5744343400001526,0.557328462600708,-0.042815495282411575,0.5248953700065613,0.7689234614372253,-0.025535961613059044,0.5602861046791077,0.6655950546264648,-0.03402983397245407,0.5824013352394104,0.6062527894973755,-0.03791659697890282,0.5992804169654846,0.5626193284988403,-0.040496885776519775,0.5485796928405762,0.8044288158416748,-0.03038286790251732,0.5796042680740356,0.7023104429244995,-0.037099920213222504,0.598713755607605,0.6432967185974121,-0.04007316380739212,0.6126079559326172,0.599668025970459,-0.04206226393580437,0.5687450766563416,0.8446535468101501,-0.03525860607624054,0.5911191701889038,0.7639678716659546,-0.04104341194033623,0.6047267913818359,0.7153095602989197,-0.04123299941420555,0.6156951785087585,0.6742538809776306,-0.04038763418793678,0.6148315668106079,0.42079460620880127,-0.017428996041417122,0.6222686767578125,0.41832682490348816,-0.016765540465712547,0.6278872489929199,0.41162359714508057,-0.014316732063889503,0.6310133337974548,0.40288323163986206,-0.011128207668662071,0.6323761940002441,0.39602914452552795,-0.006686861626803875,0.6329610347747803,0.390853613615036,-0.0025714817456901073,0.6074471473693848,0.41948196291923523,-0.017425362020730972,0.6015369892120361,0.41376152634620667,-0.015591971576213837,0.5977237820625305,0.4055567681789398,-0.012828554958105087,0.5959264039993286,0.3990548253059387,-0.008776725269854069,0.6144447922706604,0.3721640110015869,-0.02299436926841736,0.6211076378822327,0.369141161441803,-0.021559856832027435,0.6270414590835571,0.37382617592811584,-0.017654448747634888,0.6303483247756958,0.37980958819389343,-0.012918722815811634,0.6323158144950867,0.38520848751068115,-0.007718849461525679,0.5983272790908813,0.38207608461380005,-0.014742276631295681,0.6078163981437683,0.36991971731185913,-0.022207031026482582,0.6018823981285095,0.3754953444004059,-0.01894460991024971,0.5983272790908813,0.38207608461380005,-0.014742276631295681,0.5960797071456909,0.3880428671836853,-0.009956794790923595,0.5949718952178955,0.39393168687820435,-0.005039685405790806,0.5975856781005859,0.3929280936717987,-0.006899585016071796,0.6006407737731934,0.3927464187145233,-0.008716149255633354,0.6029736995697021,0.3929988145828247,-0.011423961259424686,0.6097917556762695,0.3949052691459656,-0.015655362978577614,0.6145163774490356,0.39579063653945923,-0.01610814593732357,0.6193019151687622,0.3943812847137451,-0.015024468302726746,0.6229268908500671,0.3927227258682251,-0.012658955529332161,0.6275871992111206,0.3908065855503082,-0.006859690882265568,0.6303084492683411,0.3902372419834137,-0.004767675418406725,0.6030758023262024,0.38699230551719666,-0.012648637406527996,0.6060299873352051,0.3847505450248718,-0.015269633382558823,0.6097767949104309,0.383949875831604,-0.01727817766368389,0.6143789887428284,0.38445281982421875,-0.01771736331284046,0.6190503239631653,0.3834874629974365,-0.01667548529803753,0.6226598620414734,0.3837813138961792,-0.01418930571526289,0.6274219751358032,0.39461809396743774,-0.010989719070494175,0.6303084492683411,0.3902372419834137,-0.004767675418406725,0.6835637092590332,0.30036723613739014,0.07418499886989594,0.5368696451187134,0.30973267555236816,0.06771349161863327,0.6157506704330444,0.4425361454486847,-0.011803453788161278,0.5667330026626587,0.40002381801605225,0.005363453179597855,0.5615571141242981,0.32652547955513,0.002176758134737611
ssirt0486.mp4,18,0.46729016304016113,0.9053826928138733,3.723513088971231e-07,0.44011765718460083,0.8201130032539368,-0.008058449253439903,0.42439648509025574,0.7278622984886169,-0.018673161044716835,0.41190654039382935,0.6562108397483826,-0.02854965254664421,0.39512261748313904,0.6116160154342651,-0.039064671844244,0.4732234477996826,0.6969810128211975,-0.02618393488228321,0.5021966695785522,0.592951238155365,-0.04021917283535004,0.5211193561553955,0.5345795154571533,-0.04730745777487755,0.5359593629837036,0.49156469106674194,-0.050641972571611404,0.5017765164375305,0.7179976105690002,-0.0301554873585701,0.5317620038986206,0.6047351360321045,-0.040759410709142685,0.5494725704193115,0.536123514175415,-0.04560528323054314,0.5624541640281677,0.48652470111846924,-0.048705246299505234,0.5265470743179321,0.747266948223114,-0.03402949124574661,0.5521774291992188,0.6401057243347168,-0.04191355034708977,0.5659208297729492,0.5761485695838928,-0.045539043843746185,0.5751968622207642,0.5303462743759155,-0.04787108302116394,0.5480698347091675,0.7822558283805847,-0.0382317490875721,0.5671634078025818,0.696653425693512,-0.044062841683626175,0.577262818813324,0.6464731693267822,-0.04432578757405281,0.5851340293884277,0.6057528853416443,-0.043596863746643066,0.6143687963485718,0.4239320755004883,-0.016643552109599113,0.6217164397239685,0.42108628153800964,-0.016011903062462807,0.6269504427909851,0.41358837485313416,-0.013676776550710201,0.6293869614601135,0.40384358167648315,-0.01061089988797903,0.6300673484802246,0.39639854431152344,-0.006329669151455164,0.6300603747367859,0.39136141538619995,-0.0023313735146075487,0.6071321368217468,0.42241308093070984,-0.016652924939990044,0.6015708446502686,0.41600024700164795,-0.014897605404257774,0.5984213352203369,0.40669816732406616,-0.012236342765390873,0.5972918272018433,0.39943572878837585,-0.008336829952895641,0.6141313910484314,0.37351465225219727,-0.02270340919494629,0.6205959320068359,0.3702356815338135,-0.021280750632286072,0.626037061214447,0.3744431436061859,-0.017410188913345337,0.6287686824798584,0.38042008876800537,-0.012691381387412548,0.6300796270370483,0.3857605457305908,-0.007513043005019426,0.5993210673332214,0.382377028465271,-0.014452718198299408,0.6077910661697388,0.37098562717437744,-0.02191004529595375,0.6023747324943542,0.37593716382980347,-0.018657905980944633,0.5993210673332214,0.382377028465271,-0.014452718198299408,0.5976078510284424,0.3882436156272888,-0.00966824684292078,0.5969583988189697,0.39407283067703247,-0.004708182532340288,0.5997080206871033,0.39320892095565796,-0.006566441152244806,0.6024218797683716,0.3928391933441162,-0.008323770016431808,0.6043583750724792,0.3932107388973236,-0.010978098027408123,0.6099283695220947,0.395425945520401,-0.015146207064390182,0.6140707731246948,0.39644068479537964,-0.015592548996210098,0.618374228477478,0.3948121666908264,-0.01452711597084999,0.6213977932929993,0.39301037788391113,-0.012210741639137268,0.6249797344207764,0.3910359740257263,-0.0065355459228158,0.627261757850647,0.3908141851425171,-0.004513879306614399,0.6046034693717957,0.38826799392700195,-0.012362162582576275,0.6069629192352295,0.386544406414032,-0.014986851252615452,0.6100414395332336,0.38611355423927307,-0.01698562316596508,0.6140251159667969,0.3868253231048584,-0.01741786114871502,0.6181822419166565,0.3856295645236969,-0.01639782451093197,0.6211653351783752,0.38558873534202576,-0.013939227908849716,0.6254502534866333,0.3952188789844513,-0.010533801279962063,0.627261757850647,0.3908141851425171,-0.004513879306614399,0.6839668154716492,0.2993866801261902,0.07369484752416611,0.5366421937942505,0.30904844403266907,0.0674365982413292,0.6158996224403381,0.4434809684753418,-0.010725993663072586,0.5670551657676697,0.40002334117889404,0.005736475810408592,0.5616776943206787,0.3269560635089874,0.0020814044401049614
ssirt0486.mp4,19,0.46463584899902344,0.9059088230133057,2.8051545086782426e-07,0.4386660158634186,0.8204724788665771,-0.005537881515920162,0.42409414052963257,0.728428304195404,-0.014292611740529537,0.4125458300113678,0.6589246988296509,-0.022226674482226372,0.39772409200668335,0.6126134395599365,-0.030778873711824417,0.4719812273979187,0.6966862082481384,-0.026389017701148987,0.5011340975761414,0.5944837927818298,-0.041047047823667526,0.5208269357681274,0.5376235246658325,-0.048417553305625916,0.5368055701255798,0.4966803193092346,-0.05157117545604706,0.500954270362854,0.7194315195083618,-0.03069578856229782,0.5304654240608215,0.6072037220001221,-0.041165146976709366,0.5485392808914185,0.541949987411499,-0.04489602893590927,0.5621734857559204,0.4942508935928345,-0.04706171527504921,0.5266353487968445,0.7494074106216431,-0.03457152098417282,0.5517868995666504,0.641305685043335,-0.042408403009176254,0.5672075748443604,0.5781111121177673,-0.04477836191654205,0.5777778029441833,0.5328553915023804,-0.046076685190200806,0.5486536026000977,0.7837591171264648,-0.03840357065200806,0.5665655732154846,0.6970210671424866,-0.04480256140232086,0.5770401358604431,0.6458021402359009,-0.04481071978807449,0.5847005248069763,0.6033839583396912,-0.04362548142671585,0.6143449544906616,0.4234663248062134,-0.016816403716802597,0.6216112375259399,0.4206903874874115,-0.01618083566427231,0.6268099546432495,0.4133916199207306,-0.013788962736725807,0.6292321681976318,0.4038456976413727,-0.010676993057131767,0.6299164891242981,0.39648136496543884,-0.006350582931190729,0.6299273371696472,0.39139196276664734,-0.002346074441447854,0.6071712970733643,0.42201998829841614,-0.01679888367652893,0.601661741733551,0.41583409905433655,-0.014964905567467213,0.5985569357872009,0.4067750573158264,-0.012245538644492626,0.5974560379981995,0.39964285492897034,-0.008288150653243065,0.6140727400779724,0.37366950511932373,-0.022814230993390083,0.6205211877822876,0.37054443359375,-0.021405518054962158,0.6259379386901855,0.3746873438358307,-0.017524445429444313,0.6286637783050537,0.3806123435497284,-0.012763237580657005,0.6299563646316528,0.38588207960128784,-0.007542456034570932,0.5994035005569458,0.3827332556247711,-0.014457393437623978,0.607765793800354,0.37135717272758484,-0.022009292617440224,0.6024138927459717,0.3763348460197449,-0.018721632659435272,0.5994035005569458,0.3827332556247711,-0.014457393437623978,0.5977444648742676,0.388532817363739,-0.00962151400744915,0.597133219242096,0.39428240060806274,-0.004639007616788149,0.5998868346214294,0.3933892846107483,-0.00649795588105917,0.6025933027267456,0.3932216167449951,-0.008267817087471485,0.6044954061508179,0.3936530351638794,-0.010961444117128849,0.6099671125411987,0.39578479528427124,-0.0152072012424469,0.6140474677085876,0.3967229425907135,-0.015678830444812775,0.6182947158813477,0.39515137672424316,-0.014610894955694675,0.6212912797927856,0.39340806007385254,-0.012275640852749348,0.6248340606689453,0.3913297653198242,-0.006542523857206106,0.6270988583564758,0.39085355401039124,-0.0045170411467552185,0.6046707034111023,0.3883010149002075,-0.012385566718876362,0.6069707870483398,0.38650909066200256,-0.015058958902955055,0.6100049614906311,0.38599085807800293,-0.01709921844303608,0.613974928855896,0.3866569995880127,-0.017555970698595047,0.6181193590164185,0.38546890020370483,-0.016533536836504936,0.6210812926292419,0.38547220826148987,-0.014050906524062157,0.6253116726875305,0.39544248580932617,-0.010587905533611774,0.6270988583564758,0.39085355401039124,-0.0045170411467552185,0.6838861107826233,0.30016183853149414,0.07364907115697861,0.5368448495864868,0.30971047282218933,0.0676376149058342,0.6157995462417603,0.4435954689979553,-0.010974625125527382,0.5669079422950745,0.40016207098960876,0.005769534967839718,0.5615471005439758,0.3270318806171417,0.0021803935524076223
ssirt0486.mp4,20,0.4656795561313629,0.9062016606330872,2.76150785794016e-07,0.4389075040817261,0.8212444186210632,-0.005169484298676252,0.4242362976074219,0.7283097505569458,-0.0133834732696414,0.4128580093383789,0.6590737700462341,-0.02089695818722248,0.39788058400154114,0.6136839389801025,-0.029052894562482834,0.47220325469970703,0.6962960362434387,-0.024818092584609985,0.5011257529258728,0.5942811965942383,-0.03883234038949013,0.520897388458252,0.5370569229125977,-0.04601021111011505,0.5367211699485779,0.49628913402557373,-0.04913458600640297,0.5010388493537903,0.7190983295440674,-0.029288476333022118,0.5300273299217224,0.6072316765785217,-0.039096370339393616,0.5483114719390869,0.5418627262115479,-0.042929090559482574,0.5621843338012695,0.49440997838974,-0.0452597513794899,0.526553750038147,0.7493135333061218,-0.033361274749040604,0.551267147064209,0.6409786939620972,-0.040820080786943436,0.566670835018158,0.5780077576637268,-0.043618958443403244,0.5772601962089539,0.5328249931335449,-0.04533541575074196,0.5485867857933044,0.7839967608451843,-0.03735633194446564,0.566269040107727,0.6981556415557861,-0.04365312680602074,0.5766764283180237,0.6478831768035889,-0.04385688528418541,0.5843555927276611,0.6062644720077515,-0.042893290519714355,0.6145054697990417,0.42322635650634766,-0.01680454984307289,0.6217233538627625,0.4204736351966858,-0.01617581397294998,0.6268907189369202,0.4132482409477234,-0.013787194155156612,0.629304826259613,0.40376919507980347,-0.010681167244911194,0.6299819350242615,0.3964199125766754,-0.006367789581418037,0.629984438419342,0.39129528403282166,-0.0023734665010124445,0.6073246598243713,0.4218027889728546,-0.01678430661559105,0.6017860174179077,0.41568440198898315,-0.01494454313069582,0.5986053347587585,0.40673118829727173,-0.012225382030010223,0.5974256992340088,0.3996620774269104,-0.008272498846054077,0.6140589118003845,0.3736884891986847,-0.022872960194945335,0.6204925775527954,0.3705863952636719,-0.021464910358190536,0.62590092420578,0.3746803402900696,-0.01758066937327385,0.6286414861679077,0.3805469572544098,-0.012810779735445976,0.6299598217010498,0.38578924536705017,-0.007582319900393486,0.5993242859840393,0.38276898860931396,-0.01447748951613903,0.6077354550361633,0.3714221119880676,-0.02205912582576275,0.6023567914962769,0.376392126083374,-0.01875845529139042,0.5993242859840393,0.38276898860931396,-0.01447748951613903,0.597644031047821,0.3885590434074402,-0.009625161066651344,0.5970275402069092,0.39432165026664734,-0.004624401219189167,0.5997698307037354,0.39340969920158386,-0.006488211918622255,0.602522611618042,0.39328956604003906,-0.008254652842879295,0.6044677495956421,0.3937225937843323,-0.010952345095574856,0.6100441217422485,0.39585021138191223,-0.015210035257041454,0.6141636371612549,0.39678019285202026,-0.01568770967423916,0.6184017658233643,0.39521849155426025,-0.014622303657233715,0.6213976144790649,0.393463134765625,-0.0122893201187253,0.6249197721481323,0.39130884408950806,-0.006557415705174208,0.6271700263023376,0.3907654285430908,-0.004541710950434208,0.6045522689819336,0.3882156014442444,-0.012408246286213398,0.6068810224533081,0.3863943815231323,-0.015095698647201061,0.6099564433097839,0.38585609197616577,-0.017146507278084755,0.6139713525772095,0.3865097165107727,-0.01760958321392536,0.6181197166442871,0.3853163719177246,-0.01658906601369381,0.6210926175117493,0.38531407713890076,-0.01410397607833147,0.6254025101661682,0.3954295217990875,-0.010597750544548035,0.6271700263023376,0.3907654285430908,-0.004541710950434208,0.6838511824607849,0.30036425590515137,0.07365883886814117,0.5369204878807068,0.30980363488197327,0.06775921583175659,0.615718424320221,0.44367849826812744,-0.010942046530544758,0.5668585300445557,0.40018555521965027,0.00582135422155261,0.561493456363678,0.3270561099052429,0.0022248057648539543
ssirt0486.mp4,21,0.4581180214881897,0.9008235335350037,3.26872566347447e-07,0.43197715282440186,0.8158990740776062,-0.0024928709026426077,0.4232623875141144,0.7210032939910889,-0.010552171617746353,0.4215974807739258,0.64284348487854,-0.018280263990163803,0.4077194333076477,0.590577244758606,-0.02667863667011261,0.45689722895622253,0.6930932998657227,-0.030089739710092545,0.4870118796825409,0.5837085843086243,-0.045049361884593964,0.5070978999137878,0.5260652303695679,-0.05104158818721771,0.5239341855049133,0.4841780662536621,-0.052502717822790146,0.48550519347190857,0.715378999710083,-0.03527794033288956,0.5166047215461731,0.5915643572807312,-0.04533161222934723,0.5362332463264465,0.5221703052520752,-0.04772486910223961,0.5501570105552673,0.47523629665374756,-0.0486995205283165,0.5130510330200195,0.7470490336418152,-0.03895742818713188,0.545585036277771,0.6409286856651306,-0.04624413326382637,0.5622255206108093,0.5967209339141846,-0.04497309401631355,0.5707036256790161,0.5713139176368713,-0.04278764873743057,0.53730309009552,0.7827572822570801,-0.04227959364652634,0.5616570711135864,0.6930840015411377,-0.04602992907166481,0.5737676620483398,0.6501873135566711,-0.04226566106081009,0.5806131362915039,0.6176970601081848,-0.037905242294073105,0.6157940626144409,0.42223748564720154,-0.01718488149344921,0.6231878399848938,0.41925913095474243,-0.0164778009057045,0.6283690929412842,0.4118064343929291,-0.013928721658885479,0.6306384205818176,0.4023144245147705,-0.010782784782350063,0.6311283707618713,0.395216703414917,-0.0064872256480157375,0.6310669183731079,0.3904227018356323,-0.0025261014234274626,0.6083377599716187,0.4208091199398041,-0.017180606722831726,0.6025760769844055,0.4145165979862213,-0.015298360027372837,0.5993266701698303,0.4051405191421509,-0.012609350495040417,0.5982148051261902,0.3976477086544037,-0.008755523711442947,0.6156045198440552,0.36780574917793274,-0.023237405344843864,0.6220990419387817,0.3650650382041931,-0.021774785593152046,0.6276717185974121,0.37038230895996094,-0.01786119118332863,0.6303150057792664,0.3774760365486145,-0.012992055155336857,0.631380558013916,0.3838917911052704,-0.007711713667958975,0.600241482257843,0.37967875599861145,-0.01497338805347681,0.6091391444206238,0.3661363124847412,-0.02247213013470173,0.6034330129623413,0.3724595904350281,-0.019269006326794624,0.600241482257843,0.37967875599861145,-0.01497338805347681,0.5985247492790222,0.3859718143939972,-0.010147834196686745,0.5979498028755188,0.39206644892692566,-0.005209384020417929,0.6007537245750427,0.39127224683761597,-0.0069955927319824696,0.6034222841262817,0.3914279341697693,-0.00864085741341114,0.6053615212440491,0.3918629586696625,-0.011274225078523159,0.6110236644744873,0.39353811740875244,-0.015505878254771233,0.6153190732002258,0.39432355761528015,-0.015963871031999588,0.6196169257164001,0.3928475081920624,-0.014834797009825706,0.622539222240448,0.3914971947669983,-0.012432826682925224,0.625862181186676,0.3901747167110443,-0.006631822325289249,0.6281929612159729,0.38985544443130493,-0.00468631973490119,0.6057854890823364,0.3857036530971527,-0.013022063300013542,0.6082168817520142,0.38351309299468994,-0.015766814351081848,0.6113942861557007,0.3825267255306244,-0.01783173717558384,0.6155409812927246,0.3829275071620941,-0.018265312537550926,0.6196519136428833,0.382012277841568,-0.017180517315864563,0.6225256323814392,0.382642537355423,-0.014598413370549679,0.6265060901641846,0.3940279483795166,-0.01070521492511034,0.6281929612159729,0.38985544443130493,-0.00468631973490119,0.6831136345863342,0.29753488302230835,0.07367078214883804,0.5367869138717651,0.30949291586875916,0.06658066809177399,0.6170523166656494,0.44202888011932373,-0.011545096524059772,0.5675594210624695,0.39847248792648315,0.004786997102200985,0.5617424249649048,0.3251979649066925,0.0016085306415334344
ssirt0486.mp4,22,0.4609301686286926,0.8948795199394226,3.561654295936023e-07,0.43629759550094604,0.8121235370635986,-0.004099335055798292,0.42965126037597656,0.7192714214324951,-0.013330264016985893,0.43288737535476685,0.6414192914962769,-0.02239316888153553,0.4255440831184387,0.5842665433883667,-0.031216219067573547,0.46010687947273254,0.687294065952301,-0.02910258062183857,0.4900608956813812,0.5812613368034363,-0.04433003440499306,0.5089007019996643,0.5253370404243469,-0.05089135468006134,0.5246025919914246,0.4842402935028076,-0.05249820649623871,0.4873252213001251,0.7108334898948669,-0.03386780619621277,0.5181930661201477,0.5872273445129395,-0.045380860567092896,0.53765469789505,0.5180689692497253,-0.048417381942272186,0.551227867603302,0.4704112410545349,-0.04946677014231682,0.5137471556663513,0.7425299882888794,-0.037152744829654694,0.5465196371078491,0.6381983160972595,-0.04647060111165047,0.5543167591094971,0.6197417378425598,-0.04197124391794205,0.551824152469635,0.6206416487693787,-0.035970017313957214,0.537847101688385,0.7769071459770203,-0.04039977490901947,0.5631619095802307,0.687011182308197,-0.04445487633347511,0.5715168118476868,0.652523398399353,-0.03793763369321823,0.5721735954284668,0.6290501952171326,-0.030709978193044662,0.6160270571708679,0.4208987355232239,-0.017433328554034233,0.6234402060508728,0.4179963171482086,-0.016740601509809494,0.6286742687225342,0.4107075035572052,-0.014219467528164387,0.6310337781906128,0.40142470598220825,-0.01106969639658928,0.6315944790840149,0.39442914724349976,-0.006745384074747562,0.6315569877624512,0.3896282911300659,-0.002766013378277421,0.6085138916969299,0.41943636536598206,-0.01740173250436783,0.6026633977890015,0.4131683111190796,-0.015498445369303226,0.599245548248291,0.4039962589740753,-0.012779711745679379,0.5979457497596741,0.3967498540878296,-0.008879614062607288,0.6155263781547546,0.36727792024612427,-0.02327156439423561,0.6220539212226868,0.364484965801239,-0.021831009536981583,0.6277232766151428,0.36974024772644043,-0.017959322780370712,0.630508542060852,0.37674376368522644,-0.013135653920471668,0.6317336559295654,0.3831292986869812,-0.007894771173596382,0.6000107526779175,0.37922707200050354,-0.015001929365098476,0.6090151071548462,0.36572250723838806,-0.02249053865671158,0.6032748222351074,0.3721233904361725,-0.019284123554825783,0.6000107526779175,0.37922707200050354,-0.015001929365098476,0.5981813073158264,0.38539382815361023,-0.010192995890974998,0.5974940657615662,0.391328901052475,-0.005298645235598087,0.6002814173698425,0.3904995322227478,-0.00709307799115777,0.6030779480934143,0.3906206488609314,-0.008758977055549622,0.6051343679428101,0.39102959632873535,-0.011405332945287228,0.6110532879829407,0.39278316497802734,-0.01565871760249138,0.6154667139053345,0.39362257719039917,-0.016139071434736252,0.619835376739502,0.39212262630462646,-0.015031132847070694,0.6228488087654114,0.39071527123451233,-0.012647627852857113,0.6263512372970581,0.38936465978622437,-0.006871913559734821,0.6287145018577576,0.3890036940574646,-0.004919129889458418,0.6054360866546631,0.3848899006843567,-0.0130848940461874,0.6079743504524231,0.3826616108417511,-0.015823164954781532,0.6112617254257202,0.3816414475440979,-0.017892200499773026,0.6155259013175964,0.382030189037323,-0.018345968797802925,0.619722306728363,0.38104772567749023,-0.01728161610662937,0.6227083802223206,0.3816254734992981,-0.014725033193826675,0.6269124746322632,0.39317795634269714,-0.010947706177830696,0.6287145018577576,0.3890036940574646,-0.004919129889458418,0.6828279495239258,0.296924889087677,0.07334122806787491,0.5367072820663452,0.30964750051498413,0.06654680520296097,0.6172429323196411,0.44076818227767944,-0.01191738061606884,0.567419171333313,0.39768511056900024,0.004684489220380783,0.5616747140884399,0.3242933750152588,0.0017630138900130987
ssirt0486.mp4,23,0.46588045358657837,0.8690620064735413,3.0421938390645664e-07,0.4457298517227173,0.7834014296531677,0.006912107113748789,0.4491163194179535,0.6971649527549744,0.005415766034275293,0.46318158507347107,0.6301203966140747,0.0016048474935814738,0.466205358505249,0.5780688524246216,-0.0016313779633492231,0.46811068058013916,0.6628916263580322,-0.014786598272621632,0.49670878052711487,0.5641734600067139,-0.02620711550116539,0.5155948400497437,0.5098164677619934,-0.030296171084046364,0.5317160487174988,0.47048842906951904,-0.03042464517056942,0.4939830005168915,0.6839378476142883,-0.023724449798464775,0.5233919620513916,0.5738620758056641,-0.03391910716891289,0.5426602959632874,0.5108513832092285,-0.03574683517217636,0.557919979095459,0.4649752974510193,-0.035735536366701126,0.5196497440338135,0.7143707871437073,-0.030472973361611366,0.5480213761329651,0.6306508183479309,-0.039014700800180435,0.5436680912971497,0.6470442414283752,-0.030040383338928223,0.5352433323860168,0.673600435256958,-0.019926423206925392,0.5426734685897827,0.7494701147079468,-0.03673429414629936,0.5642960071563721,0.6672534942626953,-0.0382411889731884,0.5619818568229675,0.664578914642334,-0.026734022423624992,0.5556066632270813,0.6761505603790283,-0.01542353443801403,0.6157875061035156,0.4186006486415863,-0.017430847510695457,0.6233118772506714,0.4155530035495758,-0.016691667959094048,0.6286390423774719,0.4083031713962555,-0.01408432424068451,0.6310657858848572,0.3990880846977234,-0.010900224559009075,0.6316757798194885,0.3921736478805542,-0.00657213618978858,0.6316817402839661,0.3874264061450958,-0.0026175358798354864,0.6082482933998108,0.41740527749061584,-0.01742677018046379,0.6023592352867126,0.4115893244743347,-0.015512273646891117,0.5989406704902649,0.40262675285339355,-0.012790068052709103,0.5976889133453369,0.3953322172164917,-0.008908333256840706,0.6151018738746643,0.36417269706726074,-0.023456312716007233,0.6217535138130188,0.3615870475769043,-0.021975984796881676,0.6276682615280151,0.3670632243156433,-0.018043074756860733,0.6305738687515259,0.37429919838905334,-0.01312753651291132,0.6318604946136475,0.38084590435028076,-0.007810881361365318,0.5995920300483704,0.3772454559803009,-0.01515866257250309,0.6085492372512817,0.36298689246177673,-0.022692866623401642,0.6027845740318298,0.3698001205921173,-0.019483191892504692,0.5995920300483704,0.3772454559803009,-0.01515866257250309,0.5978559255599976,0.3836684226989746,-0.010306663811206818,0.5973163843154907,0.3897649049758911,-0.005373520310968161,0.6001813411712646,0.38901442289352417,-0.007150568068027496,0.6029701232910156,0.38921165466308594,-0.00877990759909153,0.6049835085868835,0.3895843029022217,-0.01144079677760601,0.6107978224754333,0.39073070883750916,-0.015723805874586105,0.6151708364486694,0.39125046133995056,-0.016182908788323402,0.6196093559265137,0.38983774185180664,-0.015025036409497261,0.6226994395256042,0.3886253535747528,-0.012587659992277622,0.6263095736503601,0.3873601257801056,-0.006708676926791668,0.6287573575973511,0.38694676756858826,-0.004769937135279179,0.6053035855293274,0.38341981172561646,-0.013256124220788479,0.6077554821968079,0.38104376196861267,-0.016043217852711678,0.6109809279441833,0.379753440618515,-0.018133893609046936,0.6152061820030212,0.37988758087158203,-0.018567314371466637,0.6194771528244019,0.3789964020252228,-0.01746238023042679,0.6225231885910034,0.3797333836555481,-0.01484115794301033,0.6268503665924072,0.3910866975784302,-0.010832775384187698,0.6287573575973511,0.38694676756858826,-0.004769937135279179,0.6826201677322388,0.29510030150413513,0.07360927760601044,0.5369268655776978,0.308694988489151,0.06644856184720993,0.6174573302268982,0.4397827386856079,-0.011852993629872799,0.5674418210983276,0.3966343402862549,0.004576264880597591,0.5615309476852417,0.32325053215026855,0.0016055955784395337
ssirt0486.mp4,24,0.4719274938106537,0.8495835661888123,3.6759405475095264e-07,0.45748230814933777,0.7526417374610901,0.010923352092504501,0.47071656584739685,0.6792762279510498,0.011176852509379387,0.49997973442077637,0.6509289145469666,0.007714443374425173,0.5252812504768372,0.6456111669540405,0.003911570180207491,0.4770602285861969,0.6404675841331482,-0.0033499998971819878,0.510765016078949,0.5541372299194336,-0.008373856544494629,0.5303197503089905,0.5071361660957336,-0.010387283749878407,0.5461393594741821,0.47139716148376465,-0.010446947067975998,0.505460262298584,0.6605697274208069,-0.012649646028876305,0.5363792777061462,0.5681696534156799,-0.01450415886938572,0.5549753904342651,0.5118740797042847,-0.015611078590154648,0.5694553256034851,0.46977663040161133,-0.016596516594290733,0.5316916108131409,0.691303551197052,-0.01969917304813862,0.5572564601898193,0.6268945932388306,-0.019234606996178627,0.5505128502845764,0.6481507420539856,-0.011661838740110397,0.5404911041259766,0.6743888854980469,-0.004875280894339085,0.5526573657989502,0.7270523309707642,-0.026323523372411728,0.5695642828941345,0.6656587719917297,-0.020725492388010025,0.5619208812713623,0.676999032497406,-0.008113200776278973,0.5523399114608765,0.6984117031097412,0.002510704565793276,0.6158663630485535,0.41637206077575684,-0.01727459952235222,0.6232280135154724,0.41334670782089233,-0.016558773815631866,0.6284329295158386,0.40615174174308777,-0.013983241282403469,0.6308525800704956,0.39717334508895874,-0.010829008184373379,0.6315584778785706,0.3904677927494049,-0.006540544331073761,0.6316786408424377,0.3856859505176544,-0.0026045669801533222,0.6085134148597717,0.4150944948196411,-0.017260650172829628,0.6027249693870544,0.40920767188072205,-0.015381131321191788,0.5992794632911682,0.4002724885940552,-0.01269799005240202,0.5978860259056091,0.3930116295814514,-0.00886658113449812,0.6152184009552002,0.3623766303062439,-0.023467963561415672,0.6218031048774719,0.35989663004875183,-0.021985327824950218,0.6276307106018066,0.3655576705932617,-0.01804405450820923,0.6305146217346191,0.3727862536907196,-0.013132471591234207,0.6318220496177673,0.3792431950569153,-0.007811103016138077,0.5998221039772034,0.37528669834136963,-0.015164394862949848,0.6087778806686401,0.36109936237335205,-0.022695986554026604,0.6030579805374146,0.36796724796295166,-0.019487638026475906,0.5998221039772034,0.37528669834136963,-0.015164394862949848,0.597994327545166,0.38148441910743713,-0.010313090868294239,0.5973402261734009,0.38733211159706116,-0.005366888362914324,0.6001571416854858,0.38674360513687134,-0.007138699293136597,0.6030222177505493,0.3873063623905182,-0.008747832849621773,0.6050880551338196,0.38791918754577637,-0.011391256004571915,0.6110290884971619,0.3895304799079895,-0.015659809112548828,0.6153821349143982,0.39014381170272827,-0.016130546107888222,0.6198098659515381,0.3888097107410431,-0.014997956342995167,0.6228812336921692,0.38755089044570923,-0.012567490339279175,0.6264196038246155,0.3860015869140625,-0.006693260744214058,0.6288421154022217,0.3852636516094208,-0.0047706603072583675,0.6052612662315369,0.3813280165195465,-0.013252818956971169,0.6077477931976318,0.3789736032485962,-0.01604047231376171,0.6109969615936279,0.37766993045806885,-0.01813257671892643,0.6151965260505676,0.3777969181537628,-0.01856932044029236,0.6194911599159241,0.37701091170310974,-0.01747795194387436,0.622554361820221,0.37789952754974365,-0.01485977228730917,0.6268835663795471,0.38959458470344543,-0.010801229625940323,0.6288421154022217,0.3852636516094208,-0.0047706603072583675,0.682325005531311,0.2928437888622284,0.07371027767658234,0.5363875031471252,0.3074151575565338,0.0663493201136589,0.6177218556404114,0.438057541847229,-0.011563852429389954,0.567683219909668,0.39514538645744324,0.004607397597283125,0.5613054633140564,0.32189565896987915,0.0015433892840519547
ssirt0486.mp4,25,0.48488712310791016,0.830866813659668,2.8119168860030186e-07,0.474963515996933,0.7382256984710693,0.009951738640666008,0.4895252585411072,0.6713539958000183,0.013323276303708553,0.5162307620048523,0.6486473679542542,0.013456416316330433,0.5399824380874634,0.6518268585205078,0.013698719441890717,0.49890393018722534,0.6295605301856995,0.007088507991284132,0.5327569246292114,0.5572246313095093,0.008548317477107048,0.5510997772216797,0.5257419943809509,0.010464757680892944,0.5655649304389954,0.5024852156639099,0.012416945770382881,0.5255257487297058,0.6477915644645691,0.0009822905994951725,0.5548758506774902,0.5746056437492371,0.006356903351843357,0.5709991455078125,0.5357650518417358,0.007656943518668413,0.583742082118988,0.5066695809364319,0.007529945578426123,0.5489132404327393,0.6767507791519165,-0.0037695530336350203,0.5666117072105408,0.6383166313171387,0.0029897927306592464,0.5589724183082581,0.6575261354446411,0.007259506732225418,0.549982488155365,0.6799131035804749,0.010047209449112415,0.5673296451568604,0.7092946171760559,-0.008331204764544964,0.5789307951927185,0.673234760761261,0.0010260336566716433,0.5713871717453003,0.6838484406471252,0.009965525008738041,0.5629783272743225,0.7023232579231262,0.016681760549545288,0.6157195568084717,0.414467453956604,-0.017212795093655586,0.6230572462081909,0.41137468814849854,-0.016508130356669426,0.6282328963279724,0.404061496257782,-0.01388532668352127,0.6306127905845642,0.3949251174926758,-0.010690745897591114,0.63126540184021,0.38815248012542725,-0.006360732018947601,0.631370484828949,0.3833158016204834,-0.0024562787730246782,0.6081950068473816,0.41319775581359863,-0.017128294333815575,0.6022752523422241,0.4072592854499817,-0.015095221810042858,0.5987323522567749,0.39840078353881836,-0.012303353287279606,0.5972752571105957,0.39129263162612915,-0.008362486027181149,0.6148405075073242,0.3606310486793518,-0.023333575576543808,0.6213906407356262,0.3580317795276642,-0.02191544510424137,0.6272087097167969,0.36382704973220825,-0.01799842156469822,0.6300987601280212,0.37096714973449707,-0.013038573786616325,0.6314084529876709,0.37720125913619995,-0.0076735070906579494,0.5991308093070984,0.373901903629303,-0.01479488518089056,0.6082961559295654,0.3593449890613556,-0.022537115961313248,0.602436363697052,0.36648687720298767,-0.01925063319504261,0.5991308093070984,0.373901903629303,-0.01479488518089056,0.5973050594329834,0.38004112243652344,-0.009822497144341469,0.5966349244117737,0.3857713043689728,-0.00481904111802578,0.5994471907615662,0.3851315975189209,-0.006614553742110729,0.6023532748222351,0.3855150043964386,-0.008263969793915749,0.6044648885726929,0.38603031635284424,-0.010977246798574924,0.6106212735176086,0.38756054639816284,-0.01539040356874466,0.6151398420333862,0.3881100118160248,-0.015916720032691956,0.6195749044418335,0.38666385412216187,-0.01480073295533657,0.6226392388343811,0.3852388858795166,-0.012370104901492596,0.6261118650436401,0.38352036476135254,-0.006486971862614155,0.6285236477851868,0.38290703296661377,-0.004581523593515158,0.6046298146247864,0.3801334798336029,-0.012907572090625763,0.6072015166282654,0.3779360353946686,-0.015787886455655098,0.6105584502220154,0.3767016530036926,-0.017957808449864388,0.614890456199646,0.3767881393432617,-0.0184547808021307,0.6191644072532654,0.37589073181152344,-0.017382409423589706,0.6222102642059326,0.376521497964859,-0.014753133058547974,0.6266410946846008,0.3871913254261017,-0.010612444952130318,0.6285236477851868,0.38290703296661377,-0.004581523593515158,0.6821184754371643,0.2917218506336212,0.07316063344478607,0.5356165170669556,0.30565956234931946,0.06672445684671402,0.6163673996925354,0.4367888569831848,-0.011611166410148144,0.5661032199859619,0.3932083249092102,0.0050652180798351765,0.5599642992019653,0.31992942094802856,0.0017919038655236363
ssirt0486.mp4,26,0.4846770763397217,0.8200736045837402,2.502756046851573e-07,0.4752030670642853,0.7292665839195251,0.010875978507101536,0.4903770983219147,0.6673683524131775,0.014175145886838436,0.5174452662467957,0.6471958756446838,0.013805517926812172,0.539685845375061,0.6544333696365356,0.013169672340154648,0.5011509656906128,0.6255722641944885,0.007795759942382574,0.5342018604278564,0.5577888488769531,0.008809227496385574,0.5529047846794128,0.5266587734222412,0.01024608500301838,0.5679374933242798,0.5033546686172485,0.011811189353466034,0.5272051095962524,0.6450398564338684,0.0008018381777219474,0.5555723309516907,0.5774828791618347,0.004941997583955526,0.5720806121826172,0.5387996435165405,0.005906674545258284,0.5846595764160156,0.5103161334991455,0.00566676864400506,0.5504491925239563,0.6757786273956299,-0.004861249588429928,0.5685121417045593,0.6381388902664185,0.0003473094548098743,0.5605838298797607,0.6587268710136414,0.00432885205373168,0.5506196022033691,0.6826048493385315,0.0072465152479708195,0.5688575506210327,0.7091882824897766,-0.010181347839534283,0.5798829197883606,0.673970103263855,-0.002254483988508582,0.5716044902801514,0.6841963529586792,0.006044616457074881,0.562356173992157,0.7034289240837097,0.012457690201699734,0.6160029172897339,0.4144337773323059,-0.01777847297489643,0.623457670211792,0.41139793395996094,-0.017066383734345436,0.628715455532074,0.40410497784614563,-0.014412205666303635,0.631059467792511,0.39487335085868835,-0.011179632507264614,0.6315574645996094,0.38801732659339905,-0.006794800981879234,0.6314923167228699,0.38321805000305176,-0.0028464640490710735,0.6082555055618286,0.41306906938552856,-0.017671873793005943,0.6021549105644226,0.4069514870643616,-0.015581672079861164,0.5984950661659241,0.3979303538799286,-0.012740329839289188,0.5969939231872559,0.39074450731277466,-0.008741535246372223,0.614851176738739,0.3600936830043793,-0.023631902411580086,0.6214753985404968,0.35758131742477417,-0.022211266681551933,0.6273459196090698,0.36331644654273987,-0.018311424180865288,0.6302450299263,0.3705134987831116,-0.013363177888095379,0.6315392255783081,0.3769185543060303,-0.008014281280338764,0.5988585352897644,0.37356677651405334,-0.015073440037667751,0.608171284198761,0.35907021164894104,-0.02281908318400383,0.6022067666053772,0.36622756719589233,-0.019529741257429123,0.5988585352897644,0.37356677651405334,-0.015073440037667751,0.5970089435577393,0.3796157240867615,-0.010112672112882137,0.5963484644889832,0.38523101806640625,-0.0051525249145925045,0.5992429852485657,0.3846158981323242,-0.00694636395201087,0.6022402048110962,0.3850112855434418,-0.008607602678239346,0.6044129133224487,0.38552576303482056,-0.011347386986017227,0.6106691956520081,0.3870851993560791,-0.01581152342259884,0.6153026819229126,0.38767173886299133,-0.01635460928082466,0.6197382211685181,0.38623857498168945,-0.015237150713801384,0.6227838397026062,0.3848826587200165,-0.01279599592089653,0.6261785626411438,0.38332560658454895,-0.0068802013993263245,0.6285695433616638,0.38282281160354614,-0.004965965636074543,0.6045255064964294,0.37965258955955505,-0.013241102918982506,0.607127845287323,0.37746232748031616,-0.01613926887512207,0.610527515411377,0.3761953115463257,-0.018329383805394173,0.6149672865867615,0.37627720832824707,-0.018841516226530075,0.6192228198051453,0.37536248564720154,-0.017769211903214455,0.6222413778305054,0.3760313391685486,-0.01513271126896143,0.6268624663352966,0.38702234625816345,-0.011057112365961075,0.6285695433616638,0.38282281160354614,-0.004965965636074543,0.6818099617958069,0.2923027575016022,0.07323615998029709,0.5355897545814514,0.3060297667980194,0.06683161109685898,0.6162531971931458,0.4360227882862091,-0.012349065393209457,0.5660025477409363,0.39256551861763,0.004691132809966803,0.5599482655525208,0.3193407654762268,0.001875001471489668
ssirt0486.mp4,27,0.49025198817253113,0.8279209733009338,-2.0430695713002933e-07,0.48516514897346497,0.7428655028343201,0.011526338756084442,0.5044312477111816,0.6859927773475647,0.014630734920501709,0.5275365710258484,0.663123369216919,0.014564109966158867,0.5503933429718018,0.6650150418281555,0.013750368729233742,0.5249372720718384,0.6335060000419617,0.005783279426395893,0.5570746064186096,0.6044221520423889,0.010031604208052158,0.5750232338905334,0.595780074596405,0.013421840034425259,0.587811291217804,0.5913897156715393,0.014331899583339691,0.5475279092788696,0.6529952883720398,-0.0009308707085438073,0.5602362155914307,0.6651402711868286,0.006513760890811682,0.5524265170097351,0.6869617700576782,0.00993374828249216,0.5449405908584595,0.6982942819595337,0.009634610265493393,0.5644537806510925,0.6894840002059937,-0.005778683815151453,0.5694516897201538,0.6956353783607483,0.0016130574513226748,0.5599656105041504,0.7134429812431335,0.006392129696905613,0.5502460598945618,0.7241437435150146,0.006584147922694683,0.5753079652786255,0.7264781594276428,-0.010036805644631386,0.5772203803062439,0.7248055934906006,-0.0017461908282712102,0.5696696639060974,0.7379446625709534,0.005644684191793203,0.5605729222297668,0.7493406534194946,0.010015634819865227,0.6154566407203674,0.4133039116859436,-0.01781712844967842,0.6226909160614014,0.4103333353996277,-0.01712862029671669,0.6277993321418762,0.40310919284820557,-0.014497046358883381,0.6301319599151611,0.39398568868637085,-0.0112850870937109,0.630757749080658,0.38723859190940857,-0.006931936368346214,0.6308903694152832,0.38244128227233887,-0.0029778596945106983,0.6079258322715759,0.4118953049182892,-0.01771078072488308,0.6019399762153625,0.4057922959327698,-0.015639077872037888,0.5982434153556824,0.3969363570213318,-0.012821078300476074,0.5965542793273926,0.3899955749511719,-0.00885083805769682,0.6143179535865784,0.3600948452949524,-0.023733101785182953,0.6207678318023682,0.35763245820999146,-0.022318366914987564,0.6265171766281128,0.36363598704338074,-0.018423574045300484,0.6294278502464294,0.37077534198760986,-0.01348806731402874,0.630792498588562,0.3767871856689453,-0.0081517044454813,0.5984435081481934,0.3735203146934509,-0.015147275291383266,0.6077790856361389,0.3589191436767578,-0.02289655990898609,0.6018685698509216,0.36616894602775574,-0.019590312615036964,0.5984435081481934,0.3735203146934509,-0.015147275291383266,0.5964958667755127,0.3793834447860718,-0.010213971138000488,0.5956946611404419,0.38462311029434204,-0.005261474289000034,0.5984847545623779,0.38403651118278503,-0.007062189280986786,0.6015055179595947,0.38424405455589294,-0.008721863850951195,0.6037467122077942,0.3845893144607544,-0.011453741230070591,0.6101435422897339,0.38577646017074585,-0.0159157682210207,0.6147282123565674,0.3863236904144287,-0.016473500058054924,0.6191114783287048,0.38498160243034363,-0.01537306047976017,0.6221570372581482,0.38380616903305054,-0.012938246130943298,0.6256521344184875,0.382534921169281,-0.007028542924672365,0.6280817985534668,0.3821040987968445,-0.00510401651263237,0.6038405299186707,0.37998339533805847,-0.01329504419118166,0.6065564155578613,0.37807533144950867,-0.01617915742099285,0.6100069880485535,0.3769640326499939,-0.018364308401942253,0.6144314408302307,0.3771098256111145,-0.018888160586357117,0.6186749339103699,0.3762092590332031,-0.017831476405262947,0.6216892600059509,0.37676727771759033,-0.015213332138955593,0.6261986494064331,0.38606491684913635,-0.011195176281034946,0.6280817985534668,0.3821040987968445,-0.00510401651263237,0.6814604997634888,0.2916486859321594,0.07331550121307373,0.5353894829750061,0.3058866560459137,0.0672023668885231,0.61585533618927,0.43602585792541504,-0.012292786501348019,0.5657867789268494,0.3926852345466614,0.004708024673163891,0.5595824122428894,0.3194759786128998,0.001926271477714181
ssirt0486.mp4,28,0.49056869745254517,0.8107993006706238,-8.245755367397578e-08,0.4873747229576111,0.7299289107322693,0.01028631255030632,0.5056000351905823,0.6772201657295227,0.013017784804105759,0.5273797512054443,0.6637549996376038,0.01279491651803255,0.5472896099090576,0.6761818528175354,0.01176137663424015,0.5259141325950623,0.6317262649536133,0.006861430127173662,0.5567269921302795,0.6055852770805359,0.010882604867219925,0.5731578469276428,0.5931801795959473,0.013463989831507206,0.5859270691871643,0.5840103626251221,0.013575206510722637,0.5493606328964233,0.6532955765724182,0.000773346982896328,0.5630688071250916,0.659011960029602,0.007373052649199963,0.55705726146698,0.6796112060546875,0.010345455259084702,0.5511497855186462,0.6912117600440979,0.010249588638544083,0.5666928291320801,0.6895033717155457,-0.0038272051606327295,0.572900116443634,0.6944465041160583,0.0034538109321147203,0.5635133981704712,0.7101286053657532,0.007676729466766119,0.5534894466400146,0.7191218137741089,0.007823023945093155,0.5778799653053284,0.725818395614624,-0.008023427799344063,0.5797751545906067,0.7284775972366333,0.0006146709201857448,0.5728543996810913,0.7392915487289429,0.0068090506829321384,0.5636824369430542,0.7475804686546326,0.010122692212462425,0.6155170202255249,0.41357845067977905,-0.01822306588292122,0.6228933334350586,0.41061869263648987,-0.017503907904028893,0.6281411051750183,0.4033874273300171,-0.014767196029424667,0.6305659413337708,0.3941997289657593,-0.011457466520369053,0.6312094926834106,0.387356162071228,-0.006978594232350588,0.6313109397888184,0.3824068307876587,-0.002977827563881874,0.6078166365623474,0.41217416524887085,-0.018079061061143875,0.601671576499939,0.4060409665107727,-0.01590605266392231,0.5978291630744934,0.3972015976905823,-0.012991748750209808,0.5960516929626465,0.3902705907821655,-0.008895517326891422,0.6140942573547363,0.36024534702301025,-0.023770056664943695,0.6206910014152527,0.3576416075229645,-0.02236221358180046,0.6266424655914307,0.3634721636772156,-0.018455930054187775,0.6296895146369934,0.3705085813999176,-0.013494282029569149,0.6311465501785278,0.37657004594802856,-0.008127494715154171,0.5979315042495728,0.3736686110496521,-0.01516340859234333,0.6073955297470093,0.359164297580719,-0.022945880889892578,0.6013889908790588,0.3663918375968933,-0.019635668024420738,0.5979315042495728,0.3736686110496521,-0.01516340859234333,0.5959389805793762,0.37952858209609985,-0.010193252004683018,0.5951128005981445,0.38485342264175415,-0.005256782751530409,0.5979182720184326,0.3842405676841736,-0.007047373801469803,0.6010048985481262,0.3845326602458954,-0.008745919913053513,0.6033027768135071,0.38491326570510864,-0.011546186171472073,0.6099032759666443,0.3861805498600006,-0.01609986275434494,0.614654541015625,0.3867065906524658,-0.016676057130098343,0.6191751956939697,0.38528507947921753,-0.015559648163616657,0.6223555207252502,0.38399890065193176,-0.013081486336886883,0.6260213255882263,0.3825887143611908,-0.00705578550696373,0.6284865140914917,0.38204699754714966,-0.005096846725791693,0.6033867597579956,0.3799414336681366,-0.01333464216440916,0.6061782836914062,0.37800541520118713,-0.0162520669400692,0.6097479462623596,0.37688183784484863,-0.018467383459210396,0.6143324971199036,0.37697291374206543,-0.019005386158823967,0.6187035441398621,0.3759769797325134,-0.01793806627392769,0.6218582391738892,0.37642258405685425,-0.015285619534552097,0.6265379786491394,0.38621917366981506,-0.011329145170748234,0.6284865140914917,0.38204699754714966,-0.005096846725791693,0.6812441945075989,0.29206734895706177,0.07344371825456619,0.5352869629859924,0.3060062825679779,0.06717995554208755,0.6156443953514099,0.4356263279914856,-0.012875653803348541,0.5655938982963562,0.3925148546695709,0.004543240647763014,0.5594344139099121,0.31934618949890137,0.0019383385078981519
ssirt0486.mp4,29,0.49408307671546936,0.7965872287750244,1.502094164607115e-07,0.4950020909309387,0.7192326784133911,0.010552898980677128,0.5134192705154419,0.6723964214324951,0.01531307864934206,0.5352157354354858,0.6643609404563904,0.01707921363413334,0.5529486536979675,0.6759945750236511,0.018926916643977165,0.5308803915977478,0.6354663968086243,0.013401728123426437,0.5619580745697021,0.6110711097717285,0.018859129399061203,0.5779961943626404,0.6035223007202148,0.022735383361577988,0.5898951292037964,0.5974259972572327,0.02493911422789097,0.5513789057731628,0.6567742228507996,0.008387447334825993,0.5781115293502808,0.6380006670951843,0.016691014170646667,0.5914047956466675,0.6292078495025635,0.01883382722735405,0.5995442867279053,0.6207270622253418,0.01891971193253994,0.567500650882721,0.689752995967865,0.004223522264510393,0.5762186050415039,0.6956774592399597,0.01281242910772562,0.5651367902755737,0.7142744660377502,0.014049516059458256,0.5523436665534973,0.7253888845443726,0.013635994866490364,0.5797914266586304,0.7260815501213074,0.00036006764275953174,0.5859349966049194,0.731162965297699,0.008866522461175919,0.5771960020065308,0.7418735027313232,0.012786149978637695,0.5660587549209595,0.7490856647491455,0.015185309574007988,0.6150912046432495,0.41422298550605774,-0.018053192645311356,0.6224120259284973,0.4112149477005005,-0.017384584993124008,0.6276515126228333,0.4038146436214447,-0.01481871772557497,0.6301324963569641,0.39440253376960754,-0.01162299420684576,0.6308273673057556,0.3873586356639862,-0.007247328758239746,0.6309521198272705,0.382429838180542,-0.0032572804484516382,0.6074690818786621,0.4128956198692322,-0.01794220320880413,0.6014072895050049,0.4067547619342804,-0.015893789008259773,0.597604513168335,0.39799565076828003,-0.013064580038189888,0.5958957076072693,0.39123883843421936,-0.009048075415194035,0.613723874092102,0.36278343200683594,-0.02373664639890194,0.6202600598335266,0.3595671057701111,-0.02232986129820347,0.6260483264923096,0.36454564332962036,-0.018484147265553474,0.6290834546089172,0.3709997534751892,-0.013642420992255211,0.6306102871894836,0.3767215311527252,-0.008376402780413628,0.5978215336799622,0.37485209107398987,-0.015222197398543358,0.6070498824119568,0.3613007962703705,-0.022886915132403374,0.6011977195739746,0.36787059903144836,-0.0196071807295084,0.5978215336799622,0.37485209107398987,-0.015222197398543358,0.5958681702613831,0.3806799054145813,-0.010323178954422474,0.5950064659118652,0.38615772128105164,-0.005398171488195658,0.5976930856704712,0.38523802161216736,-0.0072203101590275764,0.6006971001625061,0.3849536180496216,-0.008916008286178112,0.6029747724533081,0.38500121235847473,-0.011665351688861847,0.6095106601715088,0.38616013526916504,-0.016124648973345757,0.6141983270645142,0.3868130147457123,-0.016680864617228508,0.6186776757240295,0.3850850760936737,-0.015591930598020554,0.6218931674957275,0.3835088610649109,-0.013184567913413048,0.6257753968238831,0.3821539580821991,-0.0073221297934651375,0.6282393336296082,0.3819282352924347,-0.0053833648562431335,0.6030176877975464,0.380657434463501,-0.013389809988439083,0.6058209538459778,0.3788602650165558,-0.016234086826443672,0.6094078421592712,0.37807077169418335,-0.01839781180024147,0.6139753460884094,0.3783646523952484,-0.018917765468358994,0.6183322668075562,0.37700796127319336,-0.017882559448480606,0.621536135673523,0.3769170641899109,-0.015308259986341,0.6261646747589111,0.38598865270614624,-0.011488208547234535,0.6282393336296082,0.3819282352924347,-0.0053833648562431335,0.6820858120918274,0.2931343913078308,0.07341443747282028,0.5351100564002991,0.3069159686565399,0.06756725162267685,0.6155399680137634,0.4351043105125427,-0.012598682194948196,0.5657628774642944,0.39284083247184753,0.004664459731429815,0.5594155788421631,0.32017606496810913,0.0021194391883909702
ssirt0486.mp4,30,0.4938708245754242,0.788723349571228,1.7312885347564588e-07,0.4928434193134308,0.7102459669113159,0.011745281517505646,0.5099126696586609,0.6589810848236084,0.016775555908679962,0.5318173170089722,0.6449417471885681,0.018645154312253,0.5491052865982056,0.654678463935852,0.02068169042468071,0.5235848426818848,0.6198214292526245,0.01623448356986046,0.5546854138374329,0.5960246324539185,0.022449877113103867,0.5713293552398682,0.5863392353057861,0.025574009865522385,0.5844818353652954,0.5786830186843872,0.026834068819880486,0.5454298853874207,0.6407654285430908,0.01013962272554636,0.5712281465530396,0.6172457933425903,0.019059019163250923,0.5854176878929138,0.606018602848053,0.020679354667663574,0.5955986380577087,0.5946186184883118,0.019913343712687492,0.5638586282730103,0.6736702919006348,0.004909672774374485,0.5818349719047546,0.6660339832305908,0.013345551677048206,0.5741540193557739,0.6855125427246094,0.015137284994125366,0.5626286864280701,0.7006957530975342,0.014937658794224262,0.5785388946533203,0.7107280492782593,0.00015182777133304626,0.5902066230773926,0.7025420665740967,0.009270193055272102,0.5829900503158569,0.714759886264801,0.014529705978929996,0.5725650191307068,0.7262485027313232,0.017749080434441566,0.6145106554031372,0.414296954870224,-0.017531270161271095,0.622202455997467,0.411388635635376,-0.016871105879545212,0.6280120611190796,0.4043627977371216,-0.014221291057765484,0.6313460469245911,0.39556261897087097,-0.010836171917617321,0.6328815221786499,0.38910025358200073,-0.006157615687698126,0.6337339282035828,0.38449177145957947,-0.0020144321024417877,0.6067386865615845,0.4132273197174072,-0.017362521961331367,0.6004514694213867,0.4077899158000946,-0.015192699618637562,0.5962727069854736,0.4001231789588928,-0.012161372229456902,0.5941519737243652,0.39435988664627075,-0.007808639667928219,0.6131078600883484,0.36650946736335754,-0.022810684517025948,0.6201676726341248,0.3627655506134033,-0.021466689184308052,0.6268649101257324,0.36775046586990356,-0.017506061121821404,0.6306115984916687,0.3738761842250824,-0.01262827031314373,0.6328042149543762,0.37922021746635437,-0.007262007798999548,0.5960383415222168,0.3780919015407562,-0.014064161106944084,0.6059759855270386,0.3644028902053833,-0.02197023667395115,0.5996297001838684,0.37096846103668213,-0.018508875742554665,0.5960383415222168,0.3780919015407562,-0.014064161106944084,0.5938746929168701,0.38427305221557617,-0.009042533114552498,0.5928457379341125,0.3900397717952728,-0.003994360566139221,0.5954824090003967,0.3889670670032501,-0.005892363376915455,0.5987185835838318,0.38783958554267883,-0.007850373163819313,0.601183295249939,0.3873390555381775,-0.010837696492671967,0.6085241436958313,0.3879106044769287,-0.015519674867391586,0.6135927438735962,0.3883594572544098,-0.016114603728055954,0.6187073588371277,0.3865925073623657,-0.01505765225738287,0.6227068901062012,0.3848733901977539,-0.012583557516336441,0.627976655960083,0.38375458121299744,-0.0063931685872375965,0.6310193538665771,0.3840451240539551,-0.004193354398012161,0.6013541221618652,0.38458386063575745,-0.01191601064056158,0.6045601963996887,0.3829462230205536,-0.014726501889526844,0.6086358428001404,0.38242781162261963,-0.016911042854189873,0.6135681867599487,0.38265445828437805,-0.01746835932135582,0.6185458898544312,0.3812718093395233,-0.016459578648209572,0.6225253343582153,0.38070738315582275,-0.013903697021305561,0.6276131272315979,0.38723641633987427,-0.010792579501867294,0.6310193538665771,0.3840451240539551,-0.004193354398012161,0.682470440864563,0.2938591241836548,0.07426245510578156,0.5355511903762817,0.30844375491142273,0.06883877515792847,0.6155170202255249,0.4374547004699707,-0.011688580736517906,0.5653842091560364,0.39678284525871277,0.006390340160578489,0.5594444274902344,0.3245728313922882,0.002677781507372856
ssirt0486.mp4,31,0.4941340684890747,0.782245934009552,1.9485344182612607e-07,0.49029189348220825,0.7045068144798279,0.008807213976979256,0.5056251883506775,0.6521329283714294,0.012285221368074417,0.5276153087615967,0.6348558068275452,0.013152874074876308,0.5457426309585571,0.6412954330444336,0.014377979561686516,0.5218404531478882,0.6107757091522217,0.013247565366327763,0.5504714250564575,0.58417809009552,0.017730746418237686,0.567071259021759,0.5718133449554443,0.01944914646446705,0.5799697637557983,0.5633969306945801,0.01992061547935009,0.5430060625076294,0.6318501830101013,0.007579224184155464,0.5687299370765686,0.6016075611114502,0.014272386208176613,0.5850996971130371,0.583422839641571,0.014848945662379265,0.5969604849815369,0.5678194761276245,0.013613439165055752,0.5613768100738525,0.6639360189437866,0.0025370430666953325,0.5822185277938843,0.6459051370620728,0.008318312466144562,0.5797721743583679,0.6607550382614136,0.010039597749710083,0.5714859366416931,0.6761360168457031,0.010431786067783833,0.5759159922599792,0.7008743286132812,-0.0022551303263753653,0.5893385410308838,0.6834607720375061,0.004316382575780153,0.5840774178504944,0.6928274035453796,0.00968828983604908,0.5748790502548218,0.7057254910469055,0.013493766076862812,0.6142224073410034,0.41293972730636597,-0.018235282972455025,0.6222362518310547,0.4103389382362366,-0.017601104453206062,0.6285780668258667,0.4039907157421112,-0.014994070865213871,0.6327118277549744,0.395824134349823,-0.011622599326074123,0.6349762678146362,0.3892769515514374,-0.006934840232133865,0.6363223195075989,0.3841087222099304,-0.0027402702253311872,0.6061700582504272,0.4121820330619812,-0.018064269796013832,0.5994820594787598,0.4074941873550415,-0.01590711623430252,0.5946361422538757,0.40074077248573303,-0.012872166000306606,0.5919169783592224,0.3952983021736145,-0.00849022064357996,0.6126111149787903,0.36765262484550476,-0.023195601999759674,0.6199507713317871,0.3640412390232086,-0.021856116130948067,0.6271685361862183,0.3683360815048218,-0.017964093014597893,0.6316179633140564,0.3737160861492157,-0.013181067071855068,0.6346639394760132,0.378759503364563,-0.007895512506365776,0.5943349599838257,0.37854114174842834,-0.01451778132468462,0.6051747798919678,0.36580678820610046,-0.022322293370962143,0.5984266996383667,0.3718288540840149,-0.018892167136073112,0.5943349599838257,0.37854114174842834,-0.01451778132468462,0.5915820002555847,0.38476696610450745,-0.009576909244060516,0.5901355743408203,0.3908538818359375,-0.004606741014868021,0.5927367806434631,0.3896818459033966,-0.0065005067735910416,0.5963340401649475,0.388883113861084,-0.008459820412099361,0.5991906523704529,0.3885200619697571,-0.011416743509471416,0.6076411008834839,0.3890267610549927,-0.01605282537639141,0.6132631301879883,0.389303982257843,-0.01665133610367775,0.6189238429069519,0.38758015632629395,-0.015621055848896503,0.6235411763191223,0.38570788502693176,-0.013184549286961555,0.6300914883613586,0.38396206498146057,-0.007090403698384762,0.6336797475814819,0.38363832235336304,-0.0049042352475225925,0.5992572903633118,0.38345563411712646,-0.01245051994919777,0.6029440760612488,0.3809412121772766,-0.015224470756947994,0.6076126098632812,0.3798050284385681,-0.017392102628946304,0.6131209135055542,0.3797888159751892,-0.017956798896193504,0.6186941862106323,0.3784734904766083,-0.01697344332933426,0.6233897805213928,0.3782688081264496,-0.014457047916948795,0.6290286779403687,0.38757532835006714,-0.01147986389696598,0.6336797475814819,0.38363832235336304,-0.0049042352475225925,0.6824828386306763,0.2961300313472748,0.0744422897696495,0.5361229181289673,0.3098547160625458,0.06927764415740967,0.6152421832084656,0.43678218126296997,-0.01273450255393982,0.5657511949539185,0.39713752269744873,0.005813847295939922,0.559690535068512,0.3250853419303894,0.002839331515133381
ssirt0486.mp4,32,0.4948839247226715,0.7562515735626221,2.6601043146001757e-07,0.4892492890357971,0.6769688129425049,0.007099457550793886,0.5057709813117981,0.6188760995864868,0.008535551838576794,0.5310580134391785,0.5988924503326416,0.007379892282187939,0.551045835018158,0.5970796942710876,0.006545473821461201,0.5100746750831604,0.5852246284484863,0.004981018602848053,0.5437561273574829,0.5396726131439209,0.0041321516036987305,0.5632321834564209,0.5199797749519348,0.0038753787521272898,0.5773352384567261,0.5073902606964111,0.004184982739388943,0.5324108600616455,0.6060177087783813,-0.0015616347081959248,0.5635247826576233,0.555607259273529,-0.0003658651257865131,0.5810944437980652,0.5316958427429199,-0.0005193524993956089,0.593082845211029,0.5131624341011047,-0.0008759050397202373,0.5534493327140808,0.6362214088439941,-0.0072780027985572815,0.577863872051239,0.5964352488517761,-0.006948436144739389,0.5717893242835999,0.6157310009002686,-0.0034079186152666807,0.5622981786727905,0.6365998983383179,0.00016403791960328817,0.5715169906616211,0.6705878376960754,-0.012598978355526924,0.5855326652526855,0.6323825716972351,-0.009309421293437481,0.5795917510986328,0.6457518935203552,-0.0017635335680097342,0.5723560452461243,0.6644570231437683,0.0048506539314985275,0.6152117848396301,0.411102831363678,-0.017326604574918747,0.6230677962303162,0.408901572227478,-0.016660965979099274,0.6293551921844482,0.40355557203292847,-0.014014797285199165,0.6335175633430481,0.3961631655693054,-0.010647177696228027,0.6358144283294678,0.38977736234664917,-0.005998174659907818,0.6371490359306335,0.3842461407184601,-0.0019244514405727386,0.607021152973175,0.410535603761673,-0.017168305814266205,0.5999922752380371,0.40660029649734497,-0.014999201521277428,0.5945137739181519,0.40063953399658203,-0.011974223889410496,0.5911571979522705,0.39552071690559387,-0.007636640686541796,0.6140199303627014,0.36857306957244873,-0.022704897448420525,0.6214529275894165,0.3648991882801056,-0.02136295475065708,0.6284722685813904,0.36867809295654297,-0.017410172149538994,0.6327182650566101,0.3737853169441223,-0.012525317259132862,0.6355991959571838,0.37877851724624634,-0.00715332105755806,0.5940942168235779,0.37870076298713684,-0.013949284330010414,0.6061620712280273,0.3666102886199951,-0.02187236025929451,0.5987685322761536,0.3722348213195801,-0.018413957208395004,0.5940942168235779,0.37870076298713684,-0.013949284330010414,0.590798556804657,0.3848176598548889,-0.008909587748348713,0.5889186859130859,0.3909139931201935,-0.0038523669354617596,0.5914906859397888,0.3897899389266968,-0.005736017599701881,0.5953996777534485,0.3893705904483795,-0.007664449047297239,0.5986864566802979,0.38911694288253784,-0.010637152008712292,0.6082735657691956,0.38954809308052063,-0.015299087390303612,0.6143833994865417,0.3897230625152588,-0.01588132232427597,0.6201385259628296,0.3882245719432831,-0.014816494658589363,0.6247620582580566,0.38652437925338745,-0.012350615113973618,0.6310890913009644,0.3846766948699951,-0.006207993254065514,0.6345633268356323,0.38381651043891907,-0.004062210209667683,0.5986364483833313,0.38334205746650696,-0.011859026737511158,0.6028579473495483,0.38078969717025757,-0.014694033190608025,0.6080930233001709,0.3796265125274658,-0.016887953504920006,0.6141592860221863,0.37953516840934753,-0.017442088574171066,0.6198737025260925,0.3783397078514099,-0.016426607966423035,0.6245924830436707,0.37818974256515503,-0.013856959529221058,0.6300569176673889,0.38816893100738525,-0.01057350728660822,0.6345633268356323,0.38381651043891907,-0.004062210209667683,0.6821612119674683,0.2968796491622925,0.07391431927680969,0.5358105897903442,0.3103928565979004,0.06849745661020279,0.6149775981903076,0.43844085931777954,-0.011608855798840523,0.5653526186943054,0.39782312512397766,0.006427553482353687,0.5595076680183411,0.3257730305194855,0.002706668106839061
ssirt0486.mp4,33,0.48825907707214355,0.7255457639694214,2.741378679615991e-09,0.48307788372039795,0.6309332251548767,0.008933656848967075,0.4962080121040344,0.5647957921028137,0.007528610061854124,0.5190785527229309,0.5266709923744202,0.002660209545865655,0.5421193242073059,0.5190220475196838,-0.002456224523484707,0.5009164810180664,0.5382559299468994,0.0022537943441420794,0.5380182862281799,0.46770161390304565,-0.0038257187698036432,0.557852029800415,0.4483739733695984,-0.007309593725949526,0.5718078017234802,0.435746967792511,-0.009437698870897293,0.5196760892868042,0.5559775829315186,-0.00770359393209219,0.556442141532898,0.47496113181114197,-0.011778870597481728,0.5759040117263794,0.44893795251846313,-0.013274884782731533,0.5894380211830139,0.43132227659225464,-0.014789591543376446,0.538698673248291,0.5841173529624939,-0.017140204086899757,0.5699721574783325,0.5050628781318665,-0.019280659034848213,0.5851579904556274,0.4728093147277832,-0.01669197715818882,0.5953201651573181,0.4491259455680847,-0.015759453177452087,0.5581637620925903,0.6217169761657715,-0.026243489235639572,0.5780752897262573,0.5580703020095825,-0.025275612249970436,0.5884436368942261,0.5230854749679565,-0.01982918195426464,0.5965483784675598,0.4934521019458771,-0.01610897295176983,0.6142638325691223,0.4140709340572357,-0.016031330451369286,0.6222615838050842,0.41183337569236755,-0.015522894449532032,0.6287028193473816,0.40617525577545166,-0.01315227523446083,0.6330274939537048,0.3982605040073395,-0.009954241104424,0.635505199432373,0.39124417304992676,-0.005473313853144646,0.6370174288749695,0.3848763108253479,-0.0015031659277155995,0.6059170961380005,0.4133949875831604,-0.01580859161913395,0.5987008213996887,0.40912362933158875,-0.013677108101546764,0.5929585099220276,0.4027627110481262,-0.010704374872148037,0.5893023014068604,0.39727404713630676,-0.006453424692153931,0.6130108833312988,0.3691194951534271,-0.022112546488642693,0.620599091053009,0.3653881549835205,-0.02089197002351284,0.6277991533279419,0.3692040741443634,-0.01703547313809395,0.6322475671768188,0.3743414580821991,-0.012193752452731133,0.6353023052215576,0.37934786081314087,-0.006826607510447502,0.5924507975578308,0.3794240951538086,-0.013052274473011494,0.6049798130989075,0.3671272099018097,-0.021204205229878426,0.5973531007766724,0.3728361129760742,-0.01763640157878399,0.5924507975578308,0.3794240951538086,-0.013052274473011494,0.5888699889183044,0.38568565249443054,-0.007913898676633835,0.5867947936058044,0.3920627236366272,-0.0027004587464034557,0.5893421173095703,0.3910622000694275,-0.004647437948733568,0.5934948921203613,0.39154428243637085,-0.006581157445907593,0.5969929099082947,0.39182907342910767,-0.009505635127425194,0.6070608496665955,0.39279428124427795,-0.014138782396912575,0.6134158372879028,0.3929787278175354,-0.014788069762289524,0.6194048523902893,0.3913564085960388,-0.013852580450475216,0.6242400407791138,0.38936853408813477,-0.011546321213245392,0.6309071779251099,0.38645410537719727,-0.005715434905141592,0.634466290473938,0.38462844491004944,-0.0036335689947009087,0.5969232320785522,0.38424670696258545,-0.010899383574724197,0.6014019846916199,0.38164034485816956,-0.013768485747277737,0.6068861484527588,0.3803749680519104,-0.015999797731637955,0.6132124662399292,0.3802306354045868,-0.016637049615383148,0.6191530227661133,0.3790070414543152,-0.015721792355179787,0.6240925192832947,0.3788495659828186,-0.01326742023229599,0.6296776533126831,0.3903787136077881,-0.009856637567281723,0.634466290473938,0.38462844491004944,-0.0036335689947009087,0.682182252407074,0.2946701645851135,0.07312764972448349,0.5358890891075134,0.30886080861091614,0.06934540718793869,0.6149472594261169,0.4375723600387573,-0.00997378770262003,0.5658526420593262,0.3954745829105377,0.007904832251369953,0.5590658783912659,0.32519012689590454,0.0031734411604702473
ssirt0486.mp4,34,0.48525702953338623,0.74452143907547,1.5600235769852588e-07,0.48185622692108154,0.6512546539306641,0.010127520188689232,0.49580252170562744,0.5885496735572815,0.010631831362843513,0.5188712477684021,0.5574108958244324,0.007583737373352051,0.5408452153205872,0.5486100912094116,0.004026258364319801,0.4956682324409485,0.5579773783683777,0.005619201809167862,0.5295345187187195,0.49566876888275146,4.917501792078838e-05,0.5508766174316406,0.4656382203102112,-0.004017585422843695,0.5668100714683533,0.44365188479423523,-0.006677640601992607,0.5159760117530823,0.573968768119812,-0.00530520873144269,0.5494055151939392,0.5054150223731995,-0.007975582033395767,0.5700526237487793,0.4712550938129425,-0.011199157685041428,0.5855229496955872,0.44561946392059326,-0.013805164024233818,0.5366759896278381,0.6000405550003052,-0.01574225351214409,0.5636747479438782,0.529504656791687,-0.017118176445364952,0.5799525380134583,0.49163368344306946,-0.017504727467894554,0.5918704271316528,0.46020060777664185,-0.018368832767009735,0.555963933467865,0.6337719559669495,-0.025750242173671722,0.5737492442131042,0.5705278515815735,-0.025644244626164436,0.5842254161834717,0.5349806547164917,-0.02238159440457821,0.5937586426734924,0.5044944882392883,-0.01981070451438427,0.614134669303894,0.4136046767234802,-0.015984974801540375,0.622177243232727,0.4115205705165863,-0.01545254047960043,0.6287053823471069,0.4059983193874359,-0.013094060122966766,0.6331685781478882,0.39812764525413513,-0.009931296110153198,0.6357489824295044,0.3910614848136902,-0.0055080619640648365,0.6373023986816406,0.3846951723098755,-0.0015644755912944674,0.60587477684021,0.41282743215560913,-0.01580745354294777,0.598793625831604,0.40849170088768005,-0.013745325617492199,0.5932117700576782,0.40204501152038574,-0.010837046429514885,0.5897209048271179,0.3964652419090271,-0.006674508564174175,0.6129473447799683,0.3693128526210785,-0.022199410945177078,0.6205136775970459,0.3656803071498871,-0.020937183871865273,0.6277453303337097,0.36942076683044434,-0.017074454575777054,0.6322768926620483,0.3744141757488251,-0.012232564389705658,0.6354566812515259,0.3792857229709625,-0.0068811774253845215,0.5928148031234741,0.37888917326927185,-0.013264549896121025,0.6050350069999695,0.36718589067459106,-0.021315958350896835,0.5975974202156067,0.3725370764732361,-0.017806362360715866,0.5928148031234741,0.37888917326927185,-0.013264549896121025,0.5893648862838745,0.3850082755088806,-0.008166389539837837,0.5873421430587769,0.39123621582984924,-0.0029784508515149355,0.5898336172103882,0.3902433514595032,-0.004903406836092472,0.5938864350318909,0.39046919345855713,-0.006780141498893499,0.597290575504303,0.39060157537460327,-0.00965241901576519,0.6071142554283142,0.3914569020271301,-0.014202965423464775,0.6133527159690857,0.3917642831802368,-0.014813830144703388,0.6193544864654541,0.39027124643325806,-0.013845415785908699,0.6242539882659912,0.3884786367416382,-0.01153524313122034,0.6311516165733337,0.38598188757896423,-0.005740703549236059,0.6347994208335876,0.3844030797481537,-0.0036968926433473825,0.597192645072937,0.38389667868614197,-0.011142552830278873,0.6015663146972656,0.38150322437286377,-0.013991626910865307,0.6069366931915283,0.38045424222946167,-0.01619131490588188,0.6131652593612671,0.3804943561553955,-0.01679065078496933,0.61915123462677,0.3792937994003296,-0.015848441049456596,0.6241501569747925,0.37908753752708435,-0.013379907235503197,0.6298169493675232,0.3898986577987671,-0.00984235480427742,0.6347994208335876,0.3844030797481537,-0.0036968926433473825,0.6819538474082947,0.2948196530342102,0.07315024733543396,0.5359356999397278,0.3089393079280853,0.06885693222284317,0.615118145942688,0.43753814697265625,-0.009912217035889626,0.5660269260406494,0.39527255296707153,0.007580555509775877,0.5592085123062134,0.3250133693218231,0.0029495314229279757
ssirt0486.mp4,35,0.4888227581977844,0.7153465151786804,9.492040931036172e-09,0.4831298291683197,0.6272051334381104,0.009515656158328056,0.49452126026153564,0.5647051334381104,0.008342859335243702,0.5156213045120239,0.5295249223709106,0.003960310947149992,0.5373867750167847,0.5206026434898376,-0.0009862956358119845,0.49955010414123535,0.5383005738258362,0.0008767585386522114,0.5349398851394653,0.46917295455932617,-0.004642351996153593,0.5547469854354858,0.45194876194000244,-0.007326517254114151,0.5688519477844238,0.44112628698349,-0.008845116943120956,0.5191634893417358,0.5557733774185181,-0.008839821442961693,0.5557599067687988,0.47956383228302,-0.01165388897061348,0.5748177766799927,0.4549921154975891,-0.012786964885890484,0.5880879759788513,0.43816155195236206,-0.014321628026664257,0.5387824773788452,0.5835471153259277,-0.017779173329472542,0.568518340587616,0.5083401799201965,-0.01938588358461857,0.5839274525642395,0.47524088621139526,-0.017516419291496277,0.5945171117782593,0.45007315278053284,-0.01726536639034748,0.5579395294189453,0.6190112829208374,-0.026088299229741096,0.5769205689430237,0.5561605095863342,-0.025296255946159363,0.5871941447257996,0.5210756063461304,-0.020346179604530334,0.595963716506958,0.49116218090057373,-0.017040956765413284,0.6142073273658752,0.41372889280319214,-0.015969010069966316,0.6222424507141113,0.41163310408592224,-0.015428423881530762,0.6287506818771362,0.4060574173927307,-0.013065849430859089,0.6331803798675537,0.398168683052063,-0.009899759665131569,0.635732114315033,0.3911302089691162,-0.005471669603139162,0.6372678875923157,0.3848133981227875,-0.0015205228701233864,0.605958878993988,0.4129297733306885,-0.015801893547177315,0.5988970398902893,0.40853366255760193,-0.013753336854279041,0.5933505296707153,0.4020368754863739,-0.010852563194930553,0.5898861289024353,0.3964430093765259,-0.006697184406220913,0.6130767464637756,0.36938756704330444,-0.022154109552502632,0.6206164956092834,0.3657977283000946,-0.02088461071252823,0.6278114318847656,0.3695671558380127,-0.017017120495438576,0.6323081254959106,0.37456515431404114,-0.012178873643279076,0.635453999042511,0.3794185519218445,-0.006831944454461336,0.5930037498474121,0.37898463010787964,-0.01326487772166729,0.6051985025405884,0.3672885596752167,-0.02128278650343418,0.5977809429168701,0.37265723943710327,-0.017789123579859734,0.5930037498474121,0.37898463010787964,-0.01326487772166729,0.589558482170105,0.38505294919013977,-0.008181706070899963,0.5875349044799805,0.391231507062912,-0.003006140934303403,0.5900298357009888,0.3902597725391388,-0.004925227724015713,0.5940662622451782,0.39046868681907654,-0.0067999777384102345,0.5974538922309875,0.39061999320983887,-0.009662706404924393,0.6072354912757874,0.39152902364730835,-0.014190892688930035,0.6134512424468994,0.3918464779853821,-0.014790903776884079,0.6194332838058472,0.3903617858886719,-0.013815458863973618,0.6243005990982056,0.3885684311389923,-0.011502365581691265,0.6311272978782654,0.3860577344894409,-0.005706890020519495,0.6347595453262329,0.3845190703868866,-0.0036573135294020176,0.5973696112632751,0.38399967551231384,-0.01113379467278719,0.6017245650291443,0.3816221356391907,-0.013967270031571388,0.6070688962936401,0.3805657625198364,-0.016153788194060326,0.6132661700248718,0.380599707365036,-0.016741832718253136,0.6192260384559631,0.3794195055961609,-0.015792163088917732,0.6241902709007263,0.3792373538017273,-0.013323573395609856,0.6298270225524902,0.38997235894203186,-0.009809023700654507,0.6347595453262329,0.3845190703868866,-0.0036573135294020176,0.6819003224372864,0.2947418987751007,0.07315824180841446,0.5359216928482056,0.3089559078216553,0.068670853972435,0.6151517629623413,0.4375147223472595,-0.009910926222801208,0.5660365223884583,0.39534991979599,0.007525708060711622,0.5592598915100098,0.3250177800655365,0.002890881849452853
ssirt0486.mp4,36,0.4963969588279724,0.6937340497970581,1.513179057610614e-07,0.48738768696784973,0.6102932095527649,0.01458727102726698,0.4955180883407593,0.5538299083709717,0.017739994451403618,0.5120577812194824,0.5140252113342285,0.016916627064347267,0.5273863077163696,0.49588754773139954,0.015466664917767048,0.49595218896865845,0.5183655619621277,0.01268321555107832,0.5247445702552795,0.45428386330604553,0.011281933635473251,0.541575014591217,0.42192670702934265,0.010160031728446484,0.5531513690948486,0.397043913602829,0.009431778453290462,0.5145912170410156,0.5243455767631531,0.0015048233326524496,0.5422043800354004,0.4544314444065094,0.0019090004498139024,0.5576145052909851,0.418417364358902,0.0009454401442781091,0.5677843689918518,0.3901215195655823,-0.00010052186553366482,0.5340452194213867,0.5413788557052612,-0.008878274820744991,0.5568012595176697,0.4700900614261627,-0.007700012065470219,0.5690208077430725,0.4316299557685852,-0.006487978622317314,0.5769554376602173,0.4005630612373352,-0.006339287851005793,0.5543328523635864,0.5681492686271667,-0.018374715000391006,0.5684022903442383,0.5009695887565613,-0.016797799617052078,0.5761168599128723,0.4637272357940674,-0.012849549762904644,0.5817461609840393,0.4317341446876526,-0.009658644907176495,0.6114798188209534,0.4128175377845764,-0.017128732055425644,0.620014488697052,0.4101569950580597,-0.01678002066910267,0.6269785165786743,0.4039100408554077,-0.014590473845601082,0.6318332552909851,0.39548033475875854,-0.011538750492036343,0.6345803737640381,0.3883112668991089,-0.007194428704679012,0.6360815763473511,0.38226941227912903,-0.003291172906756401,0.6032291054725647,0.41222959756851196,-0.01670125685632229,0.5964870452880859,0.4079267680644989,-0.014306174591183662,0.5916641354560852,0.4012814164161682,-0.011192970909178257,0.5890644788742065,0.39575183391571045,-0.006826339289546013,0.6096370816230774,0.36597126722335815,-0.022382596507668495,0.6175215840339661,0.3619633615016937,-0.02137298323214054,0.6254013776779175,0.36565062403678894,-0.01786838285624981,0.6304057240486145,0.3707669973373413,-0.013336416333913803,0.634037971496582,0.3761146664619446,-0.00830240361392498,0.5914734601974487,0.3771105110645294,-0.013047907501459122,0.6019858121871948,0.3643123209476471,-0.02130669355392456,0.5953871607780457,0.37029963731765747,-0.01767134666442871,0.5914734601974487,0.3771105110645294,-0.013047907501459122,0.5887645483016968,0.3838559687137604,-0.007949321530759335,0.5874565243721008,0.39086034893989563,-0.0028673058841377497,0.5900943279266357,0.3897058367729187,-0.004886441398411989,0.5936357975006104,0.38985538482666016,-0.006879210472106934,0.5964493155479431,0.38995328545570374,-0.00980441551655531,0.6048442125320435,0.39052942395210266,-0.014562249183654785,0.6106855869293213,0.39066988229751587,-0.01537178922444582,0.6168582439422607,0.3887799382209778,-0.014607689343392849,0.6220389604568481,0.3865581154823303,-0.012520313262939453,0.6295995116233826,0.3835715055465698,-0.007193427998572588,0.6334483027458191,0.381894052028656,-0.00525676878169179,0.5963937640190125,0.3816116154193878,-0.011155842803418636,0.6000102162361145,0.3786001205444336,-0.014056537300348282,0.6046953797340393,0.3770029842853546,-0.016379689797759056,0.6103590130805969,0.37660840153694153,-0.01718149147927761,0.616464376449585,0.37514275312423706,-0.016438454389572144,0.6217567920684814,0.3749157786369324,-0.014187929220497608,0.6280747056007385,0.38772130012512207,-0.01112070120871067,0.6334483027458191,0.381894052028656,-0.00525676878169179,0.6813604831695557,0.2902039885520935,0.0702718049287796,0.5363537073135376,0.30664142966270447,0.07034521549940109,0.6155986189842224,0.43356847763061523,-0.011704246513545513,0.5669543147087097,0.3912598490715027,0.007786585949361324,0.5589241981506348,0.32225045561790466,0.004295313265174627
ssirt0486.mp4,37,0.495578408241272,0.6887637972831726,1.514913066102963e-07,0.48606154322624207,0.6069705486297607,0.015088355168700218,0.4947546124458313,0.5505857467651367,0.01878260262310505,0.5121802687644958,0.5158385038375854,0.01867130771279335,0.531147837638855,0.5005070567131042,0.018017105758190155,0.4963454306125641,0.519451379776001,0.013093937188386917,0.5237674117088318,0.4548664689064026,0.012624384835362434,0.5403068661689758,0.4223497211933136,0.012923574075102806,0.5522974133491516,0.39835530519485474,0.013178858906030655,0.5155064463615417,0.5247028470039368,0.002111927606165409,0.5424976944923401,0.4544917941093445,0.0030768418218940496,0.5578852891921997,0.4204958975315094,0.003082566661760211,0.5684868097305298,0.39461469650268555,0.0029314598068594933,0.535530149936676,0.5410449504852295,-0.007975714281201363,0.5570171475410461,0.4708099365234375,-0.006569499149918556,0.5689394474029541,0.4342840909957886,-0.004664596635848284,0.5768043994903564,0.4041648805141449,-0.0038305423222482204,0.5558423399925232,0.5675129294395447,-0.01705879718065262,0.5687209367752075,0.5012913942337036,-0.014918139204382896,0.5760149955749512,0.4658699333667755,-0.010223292745649815,0.5816599130630493,0.43437251448631287,-0.0064316969364881516,0.611741840839386,0.4121931195259094,-0.017103776335716248,0.6202030777931213,0.40968412160873413,-0.01671513170003891,0.627140462398529,0.4037632942199707,-0.014445808716118336,0.6319931745529175,0.3956693112850189,-0.011315418407320976,0.6347655057907104,0.38858237862586975,-0.0068763927556574345,0.6363086700439453,0.3825450837612152,-0.0029700847808271646,0.6034186482429504,0.4116516709327698,-0.016665926203131676,0.5965397357940674,0.4076055884361267,-0.014205890707671642,0.5914691686630249,0.40139102935791016,-0.011023350059986115,0.5886104702949524,0.39618200063705444,-0.006580378394573927,0.6100698709487915,0.3674820065498352,-0.022321131080389023,0.6178668737411499,0.36357250809669495,-0.021295061334967613,0.6255322098731995,0.36706864833831787,-0.017736360430717468,0.6304951310157776,0.37184032797813416,-0.01312645897269249,0.6341691017150879,0.3768048882484436,-0.008014997467398643,0.591404139995575,0.37820494174957275,-0.012915439903736115,0.6023316383361816,0.3658131957054138,-0.02126629464328289,0.5955895185470581,0.3716244697570801,-0.01760288141667843,0.591404139995575,0.37820494174957275,-0.012915439903736115,0.5883777737617493,0.38473236560821533,-0.007747665513306856,0.5867828130722046,0.3914789855480194,-0.002634965116158128,0.5893741846084595,0.39024752378463745,-0.004642186686396599,0.593059241771698,0.39038652181625366,-0.006657445337623358,0.5960665941238403,0.3904002904891968,-0.009654068388044834,0.6049243807792664,0.39086806774139404,-0.014509101398289204,0.6109405159950256,0.39108818769454956,-0.015314945951104164,0.6171156167984009,0.3891408443450928,-0.014517032541334629,0.6222691535949707,0.3868460953235626,-0.012371404096484184,0.6298415660858154,0.3838440775871277,-0.0069002434611320496,0.6337307691574097,0.38211020827293396,-0.0049362508580088615,0.596030592918396,0.38171350955963135,-0.01102532260119915,0.5998990535736084,0.3784159719944,-0.013986700214445591,0.604799211025238,0.3767031729221344,-0.01634828932583332,0.6106599569320679,0.3764357566833496,-0.017151707783341408,0.6167582869529724,0.37492626905441284,-0.016377897933125496,0.6220275163650513,0.374756395816803,-0.014065739698708057,0.6282929182052612,0.38790324330329895,-0.010919767431914806,0.6337307691574097,0.38211020827293396,-0.0049362508580088615,0.6808575391769409,0.2901500463485718,0.07045800983905792,0.5362446308135986,0.30690592527389526,0.07005859166383743,0.6155430674552917,0.4340335726737976,-0.011679314076900482,0.566877543926239,0.3913757801055908,0.007896426133811474,0.558803141117096,0.3223433196544647,0.00425810506567359
ssirt0486.mp4,38,0.5004822015762329,0.6800279021263123,1.5484073401239584e-07,0.49193084239959717,0.5996035933494568,0.014526912942528725,0.5004521608352661,0.5439846515655518,0.017842084169387817,0.5182520747184753,0.510694146156311,0.017494842410087585,0.5367804765701294,0.4979645013809204,0.016560079529881477,0.5025925040245056,0.5105128288269043,0.012330877594649792,0.5321712493896484,0.4529428780078888,0.01211035717278719,0.5489030480384827,0.4237915575504303,0.012256721965968609,0.5606467127799988,0.4022454619407654,0.012148017063736916,0.5209977030754089,0.5176048278808594,0.0015578275779262185,0.5500519871711731,0.45346760749816895,0.0029071420431137085,0.5660049319267273,0.4218612313270569,0.0028621165547519922,0.576771080493927,0.3975619673728943,0.002403005724772811,0.5401468276977539,0.5355029106140137,-0.008362493477761745,0.5637266039848328,0.46934646368026733,-0.006944968830794096,0.5768697261810303,0.4345491826534271,-0.005708849988877773,0.5855274796485901,0.4055209755897522,-0.005534327123314142,0.5592584013938904,0.562876284122467,-0.01726081222295761,0.5739989280700684,0.5004835724830627,-0.01579631119966507,0.5820304155349731,0.466874361038208,-0.011997656896710396,0.5883162617683411,0.4364374577999115,-0.008928743191063404,0.6123028993606567,0.4054521918296814,-0.01794544979929924,0.6198644638061523,0.40317732095718384,-0.01764375902712345,0.6262322664260864,0.3977041244506836,-0.015758581459522247,0.6308802366256714,0.3907667398452759,-0.012908700853586197,0.6338375806808472,0.3850162625312805,-0.008727960288524628,0.6357959508895874,0.37977707386016846,-0.004753469489514828,0.6050707697868347,0.4049212336540222,-0.017619676887989044,0.5989290475845337,0.4012051224708557,-0.015574718825519085,0.5942994356155396,0.39573803544044495,-0.012688619084656239,0.591435968875885,0.391303688287735,-0.008520823903381824,0.6105675101280212,0.3666191101074219,-0.02269969880580902,0.617702305316925,0.36291375756263733,-0.02163364179432392,0.6247771382331848,0.3662802577018738,-0.018302563577890396,0.6296454668045044,0.3706740140914917,-0.014137482270598412,0.633379340171814,0.3750046491622925,-0.009471542201936245,0.5938339233398438,0.37601491808891296,-0.014000007882714272,0.6036518812179565,0.3649275004863739,-0.021625500172376633,0.5976971387863159,0.3701416850090027,-0.018228109925985336,0.5938339233398438,0.37601491808891296,-0.014000007882714272,0.5910316109657288,0.38156092166900635,-0.009297178126871586,0.5894132256507874,0.3870612382888794,-0.004521860741078854,0.5917307734489441,0.3860751688480377,-0.006524473894387484,0.5950727462768555,0.38586682081222534,-0.008461857214570045,0.5979494452476501,0.38566386699676514,-0.011161782778799534,0.6061887145042419,0.385629266500473,-0.015512454323470592,0.6116561889648438,0.385768860578537,-0.016225522384047508,0.6174609661102295,0.3842485547065735,-0.015499168075621128,0.6224411129951477,0.3827015161514282,-0.013555482029914856,0.6299058198928833,0.3807513117790222,-0.008634379133582115,0.6335616707801819,0.37949201464653015,-0.006737148854881525,0.59771728515625,0.3799443244934082,-0.012194073759019375,0.601283609867096,0.3773200511932373,-0.014799416065216064,0.6058006286621094,0.375848650932312,-0.01690708100795746,0.6111536026000977,0.37556588649749756,-0.01761556789278984,0.6169735193252563,0.37425148487091064,-0.016914604231715202,0.6220734119415283,0.3742569386959076,-0.014838318340480328,0.6280174255371094,0.38392308354377747,-0.012342915870249271,0.6335616707801819,0.37949201464653015,-0.006737148854881525,0.6814067959785461,0.28747767210006714,0.07030414789915085,0.5367106199264526,0.306515634059906,0.06963206082582474,0.6166576743125916,0.42828845977783203,-0.01287655346095562,0.5681594610214233,0.38964614272117615,0.0062787472270429134,0.5599768161773682,0.3208596110343933,0.004119675140827894
ssirt0486.mp4,39,0.5014025568962097,0.6740595102310181,1.6299229343985644e-07,0.49154937267303467,0.593919575214386,0.01377074234187603,0.4996548891067505,0.5389016270637512,0.016412634402513504,0.5187217593193054,0.5054280757904053,0.015464700758457184,0.5378865003585815,0.4915567934513092,0.014023556374013424,0.5010222792625427,0.5086874961853027,0.011636878363788128,0.53045654296875,0.44919413328170776,0.010424382984638214,0.5484705567359924,0.4196811020374298,0.009800897911190987,0.5615445375442505,0.3990100920200348,0.009366695769131184,0.5205776691436768,0.5135729908943176,0.0011543291620910168,0.548643171787262,0.4481070041656494,0.0016180550446733832,0.5654320120811462,0.41763779520988464,0.001095419516786933,0.5767914652824402,0.39553016424179077,0.0006267986027523875,0.5406851172447205,0.52972012758255,-0.008529949933290482,0.5635111331939697,0.4624183177947998,-0.0077118598856031895,0.5767244100570679,0.42798104882240295,-0.006305399816483259,0.5853980779647827,0.3995761573314667,-0.005740216467529535,0.560730516910553,0.5562662482261658,-0.0172582920640707,0.574787437915802,0.4925101399421692,-0.016142256557941437,0.5824853181838989,0.4582715630531311,-0.012228257022798061,0.5883283615112305,0.42724981904029846,-0.008855965919792652,0.6145642995834351,0.396193265914917,-0.016994206234812737,0.6215795278549194,0.39462578296661377,-0.016729289665818214,0.6277792453765869,0.39096781611442566,-0.015016711317002773,0.6326621174812317,0.38622432947158813,-0.012170439586043358,0.6359740495681763,0.38235217332839966,-0.007858587428927422,0.6383301615715027,0.37866613268852234,-0.003771737450733781,0.6077264547348022,0.3960855305194855,-0.016684826463460922,0.601671040058136,0.3939087390899658,-0.01479022391140461,0.5967473387718201,0.3904587924480438,-0.011904650367796421,0.5934844017028809,0.3877198100090027,-0.007617433089762926,0.6137019395828247,0.368572860956192,-0.021397270262241364,0.6206372976303101,0.36451011896133423,-0.020364539697766304,0.6274502277374268,0.3674490451812744,-0.017021607607603073,0.6322393417358398,0.3713783621788025,-0.013039807789027691,0.635864794254303,0.37495434284210205,-0.008479887619614601,0.5962228178977966,0.37560898065567017,-0.012913473881781101,0.6067684292793274,0.36601465940475464,-0.020373526960611343,0.6004800200462341,0.3704110085964203,-0.016963180154561996,0.5962228178977966,0.37560898065567017,-0.012913473881781101,0.593071460723877,0.3803609609603882,-0.00830953661352396,0.5910768508911133,0.38483700156211853,-0.0035466740373522043,0.5930649042129517,0.3839740753173828,-0.005593205336481333,0.5963792204856873,0.3824029564857483,-0.007729664910584688,0.5995626449584961,0.3811611235141754,-0.01050075888633728,0.6086089611053467,0.3795979917049408,-0.014782121405005455,0.6141897439956665,0.3796091675758362,-0.015450896695256233,0.6199204325675964,0.37837523221969604,-0.014778931625187397,0.6250156164169312,0.37751761078834534,-0.012871389277279377,0.63282710313797,0.37784072756767273,-0.00792207196354866,0.6363465189933777,0.3783741295337677,-0.005818844307214022,0.5995758175849915,0.380989670753479,-0.010822956450283527,0.603666365146637,0.37978747487068176,-0.013220816850662231,0.6085355877876282,0.3794362545013428,-0.015200838446617126,0.6140840649604797,0.3795158565044403,-0.015854356810450554,0.6198325157165527,0.37820136547088623,-0.015195461921393871,0.624944806098938,0.37733227014541626,-0.01325515192002058,0.6305311322212219,0.3797134459018707,-0.011668398045003414,0.6363465189933777,0.3783741295337677,-0.005818844307214022,0.6822566390037537,0.2840879559516907,0.0705033391714096,0.5383745431900024,0.3039563298225403,0.06964585930109024,0.6183404922485352,0.42453449964523315,-0.011468335054814816,0.5699361562728882,0.38826510310173035,0.007615630514919758,0.5616645216941833,0.32047176361083984,0.004526105243712664
ssirt0486.mp4,40,0.5002197027206421,0.6725574731826782,1.7858070577858598e-07,0.488624632358551,0.5935783982276917,0.012377345934510231,0.4953981935977936,0.5366885662078857,0.01474377978593111,0.5144578218460083,0.5007268190383911,0.014044124633073807,0.533564031124115,0.48453497886657715,0.013139400631189346,0.4943128526210785,0.5059830546379089,0.008429169654846191,0.5243532061576843,0.4418565630912781,0.00750371441245079,0.5421674847602844,0.41003307700157166,0.00788405817002058,0.5548138618469238,0.3872416019439697,0.008212410844862461,0.5151581168174744,0.5104082822799683,-0.0009696142515167594,0.5444721579551697,0.4431968331336975,-0.00019078579498454928,0.5621734261512756,0.41339388489723206,0.0001856227609096095,0.5742613077163696,0.3931955099105835,0.0004733981331810355,0.5371973514556885,0.5262860059738159,-0.009388625621795654,0.5594754219055176,0.458123117685318,-0.007997863925993443,0.5734549164772034,0.4248996376991272,-0.005786327179521322,0.5830532908439636,0.39928367733955383,-0.004703122191131115,0.5590073466300964,0.5523024797439575,-0.016928212717175484,0.572025716304779,0.48866358399391174,-0.015143495053052902,0.5797802209854126,0.4554719924926758,-0.010732827708125114,0.5860769152641296,0.42686551809310913,-0.006968101020902395,0.6148296594619751,0.3964242935180664,-0.018648661673069,0.6218791604042053,0.39481157064437866,-0.01832747459411621,0.6280790567398071,0.3911032974720001,-0.016326693817973137,0.632910966873169,0.3863260746002197,-0.013155568391084671,0.6361985206604004,0.3825013041496277,-0.008384812623262405,0.6386178135871887,0.37896591424942017,-0.00398804247379303,0.6078448295593262,0.39633309841156006,-0.01820957288146019,0.6015287041664124,0.3942093849182129,-0.015978632494807243,0.5962212681770325,0.3909527659416199,-0.012762399390339851,0.5926216244697571,0.38838452100753784,-0.00800627563148737,0.6144750714302063,0.3701738715171814,-0.02134096808731556,0.621380627155304,0.36622869968414307,-0.02038079872727394,0.627863347530365,0.36936983466148376,-0.017032742500305176,0.6324582099914551,0.3730219900608063,-0.013083087280392647,0.6359988451004028,0.3760159909725189,-0.008548914454877377,0.5961751341819763,0.377274751663208,-0.012841864489018917,0.6074182987213135,0.36750054359436035,-0.020343497395515442,0.600861668586731,0.3721434772014618,-0.016897214576601982,0.5961751341819763,0.377274751663208,-0.012841864489018917,0.5925319194793701,0.3816828429698944,-0.008234841749072075,0.5899419188499451,0.3856409788131714,-0.0036214261781424284,0.5920230746269226,0.3848670721054077,-0.005687885917723179,0.5955507755279541,0.383355975151062,-0.00806017778813839,0.5990155339241028,0.38212811946868896,-0.011029576882719994,0.6087343096733093,0.3804439902305603,-0.015559224411845207,0.6145358085632324,0.38045135140419006,-0.016300933435559273,0.6202858686447144,0.3791424334049225,-0.015634236857295036,0.6253630518913269,0.37815260887145996,-0.01363337691873312,0.6330961585044861,0.3782520890235901,-0.00839806068688631,0.6366497278213501,0.37877559661865234,-0.00606270506978035,0.5991439819335938,0.38191550970077515,-0.010683618485927582,0.6035963296890259,0.3805907368659973,-0.013054706156253815,0.6087852716445923,0.3801898956298828,-0.01507488638162613,0.6145714521408081,0.38031286001205444,-0.015790630131959915,0.6202777028083801,0.3789677321910858,-0.015136346220970154,0.6253511309623718,0.3780975937843323,-0.013189197517931461,0.6308866739273071,0.38004785776138306,-0.012471786700189114,0.6366497278213501,0.37877559661865234,-0.00606270506978035,0.6824898719787598,0.28568848967552185,0.07073347270488739,0.5384097695350647,0.3033568263053894,0.06971603631973267,0.6177005171775818,0.4247561991214752,-0.013743563555181026,0.5691744089126587,0.3883987069129944,0.007202018052339554,0.5615484118461609,0.3203640282154083,0.004756269510835409
ssirt0486.mp4,41,0.4990330636501312,0.6765972375869751,1.779100955445756e-07,0.4877195954322815,0.5938650965690613,0.014024609699845314,0.4955834746360779,0.5370070338249207,0.016729962080717087,0.5158887505531311,0.501827597618103,0.01606735959649086,0.5359693169593811,0.48642775416374207,0.015161572024226189,0.493876576423645,0.5067514777183533,0.01033528707921505,0.5237483382225037,0.4425831735134125,0.010032273828983307,0.5420144200325012,0.41127607226371765,0.010751533322036266,0.5549424886703491,0.38974684476852417,0.011238593608140945,0.5150474309921265,0.5109617710113525,2.344453605473973e-05,0.5438336133956909,0.4427303373813629,0.0016588520957157016,0.5616421699523926,0.4130532145500183,0.0025097972247749567,0.5735848546028137,0.39251410961151123,0.0029775016009807587,0.5373986959457397,0.527105987071991,-0.00922984629869461,0.5591280460357666,0.45766180753707886,-0.007069828454405069,0.5731537342071533,0.4245855212211609,-0.0042275297455489635,0.5824862718582153,0.3980582356452942,-0.0028925216756761074,0.5596209764480591,0.5547703504562378,-0.0175000112503767,0.5725772380828857,0.4898948669433594,-0.01498871948570013,0.5808359384536743,0.4570923447608948,-0.00968270841985941,0.5871631503105164,0.42819055914878845,-0.005391334183514118,0.6144439578056335,0.39577943086624146,-0.018418539315462112,0.6214178800582886,0.3942275643348694,-0.018118226900696754,0.6276229619979858,0.39074599742889404,-0.01616274006664753,0.6325535178184509,0.3861739933490753,-0.013041955418884754,0.6359442472457886,0.3824615180492401,-0.008336866274476051,0.6384280323982239,0.37893879413604736,-0.004000439308583736,0.6075562238693237,0.39570116996765137,-0.01797899417579174,0.6013485193252563,0.39373427629470825,-0.015751313418149948,0.5960946679115295,0.39068907499313354,-0.012547685764729977,0.5924811959266663,0.3882593810558319,-0.007820389233529568,0.6141300797462463,0.370369553565979,-0.02138330601155758,0.6210402250289917,0.36618471145629883,-0.02044413611292839,0.6275504231452942,0.369188517332077,-0.01712227798998356,0.632212221622467,0.37282228469848633,-0.013155833818018436,0.635810375213623,0.37585753202438354,-0.008600398898124695,0.5958629250526428,0.37700432538986206,-0.012760489247739315,0.6070555448532104,0.36748409271240234,-0.020349668338894844,0.6005175709724426,0.37191689014434814,-0.016855880618095398,0.5958629250526428,0.37700432538986206,-0.012760489247739315,0.5922807455062866,0.38145267963409424,-0.008122188970446587,0.5897949934005737,0.385551780462265,-0.003465069690719247,0.5918221473693848,0.3847171664237976,-0.005537792108952999,0.595331072807312,0.3831250071525574,-0.007891281507909298,0.5987831354141235,0.3818516731262207,-0.010857832618057728,0.608461856842041,0.3802778124809265,-0.01540948823094368,0.614254891872406,0.38033297657966614,-0.016160963103175163,0.620039701461792,0.3789876103401184,-0.01550828292965889,0.6251537799835205,0.37798821926116943,-0.013531764037907124,0.6329758167266846,0.3782072067260742,-0.008342425338923931,0.636458158493042,0.3787420094013214,-0.006044167559593916,0.5988688468933105,0.3816434442996979,-0.010628473944962025,0.6032943725585938,0.3803911507129669,-0.013033384457230568,0.6084496378898621,0.38011372089385986,-0.015077119693160057,0.614229679107666,0.38029465079307556,-0.01581021025776863,0.6199720501899719,0.3788861036300659,-0.015175520442426205,0.625081479549408,0.37791410088539124,-0.013237307779490948,0.6306664943695068,0.37990322709083557,-0.01236881036311388,0.636458158493042,0.3787420094013214,-0.006044167559593916,0.6826131343841553,0.28515660762786865,0.07054516673088074,0.538987398147583,0.3032875061035156,0.0703769326210022,0.6176272630691528,0.42425537109375,-0.013424997217953205,0.569290280342102,0.3879398703575134,0.007503764238208532,0.5614938139915466,0.3204304575920105,0.004968481138348579
ssirt0486.mp4,42,0.49747785925865173,0.6799392104148865,5.334403141432631e-08,0.4832833409309387,0.6033526062965393,0.01226432342082262,0.4889155626296997,0.5419819951057434,0.012746252119541168,0.5102208256721497,0.5072948336601257,0.009838451631367207,0.5327141880989075,0.4988260567188263,0.006071712821722031,0.4877468943595886,0.49901869893074036,0.002280294196680188,0.5168974995613098,0.4302707612514496,0.001067713717930019,0.534618079662323,0.39324575662612915,0.0013689378974959254,0.5475064516067505,0.3656720519065857,0.0015589455142617226,0.5085231065750122,0.5044566988945007,-0.007332274690270424,0.5475261211395264,0.458915650844574,-0.008627163246273994,0.5566875338554382,0.48073551058769226,-0.007179791573435068,0.5543881058692932,0.5008849501609802,-0.005297480151057243,0.5318010449409485,0.5231871008872986,-0.01501053012907505,0.5628934502601624,0.4756695628166199,-0.015308469533920288,0.5688705444335938,0.4936210811138153,-0.008714416064321995,0.5654965043067932,0.5096732378005981,-0.0033352270256727934,0.5540605783462524,0.5501064658164978,-0.021607352420687675,0.5760126709938049,0.4870321750640869,-0.017659451812505722,0.5885170698165894,0.4715343117713928,-0.008472240529954433,0.5944541096687317,0.46420302987098694,-0.0010200705146417022,0.615531325340271,0.396194726228714,-0.02018229477107525,0.6223311424255371,0.3947063684463501,-0.01949983648955822,0.6282303929328918,0.3912046551704407,-0.017044756561517715,0.632727324962616,0.38687822222709656,-0.013565652072429657,0.6357960104942322,0.38368719816207886,-0.008441299200057983,0.6380865573883057,0.38060614466667175,-0.0036984356120228767,0.6086177825927734,0.3961940407752991,-0.020076842978596687,0.6022878289222717,0.3941843509674072,-0.01808604598045349,0.5969390273094177,0.39111167192459106,-0.014930806122720242,0.5931983590126038,0.3888607621192932,-0.010148102417588234,0.6150012016296387,0.37066036462783813,-0.02223571576178074,0.6218149065971375,0.3668304681777954,-0.020922280848026276,0.6281980276107788,0.3701288402080536,-0.017208026722073555,0.6325467824935913,0.3740902543067932,-0.013040626421570778,0.6357724070549011,0.3773794174194336,-0.008328044787049294,0.5964486598968506,0.37805992364883423,-0.014581827446818352,0.6078739166259766,0.36817100644111633,-0.021503213793039322,0.6011489033699036,0.37287917733192444,-0.01833215169608593,0.5964486598968506,0.37805992364883423,-0.014581827446818352,0.5928769111633301,0.38243529200553894,-0.010183858685195446,0.5903941988945007,0.3864349126815796,-0.005737227387726307,0.592478334903717,0.3855303227901459,-0.007699653971940279,0.5959649682044983,0.3838955760002136,-0.010060958564281464,0.5994607210159302,0.3825832009315491,-0.012983114458620548,0.6093266606330872,0.3810524344444275,-0.017251593992114067,0.6151168346405029,0.3810041844844818,-0.01769174076616764,0.6207191348075867,0.37981411814689636,-0.016690419986844063,0.6256052851676941,0.3789839446544647,-0.014370969496667385,0.6328290104866028,0.3795285224914551,-0.008525037206709385,0.6360718011856079,0.38022899627685547,-0.005948507227003574,0.5994625687599182,0.3824865221977234,-0.01224099937826395,0.6040099263191223,0.38130417466163635,-0.014398455619812012,0.6092865467071533,0.3809886872768402,-0.016199536621570587,0.6150704622268677,0.3810124695301056,-0.016619082540273666,0.6206746101379395,0.3797895014286041,-0.01566486991941929,0.6255736947059631,0.37896883487701416,-0.013470515608787537,0.630794882774353,0.3809435963630676,-0.01296960562467575,0.6360718011856079,0.38022899627685547,-0.005948507227003574,0.6823328137397766,0.29040274024009705,0.0745382159948349,0.537351667881012,0.30753904581069946,0.06887828558683395,0.6173341870307922,0.42740559577941895,-0.015560649335384369,0.5671465396881104,0.3947471082210541,0.004841262474656105,0.5614525675773621,0.3240334689617157,0.003292209468781948
ssirt0486.mp4,43,0.502053439617157,0.6721491813659668,-5.14766185233384e-08,0.4765743613243103,0.6167968511581421,0.002037470228970051,0.467880517244339,0.5514736175537109,-0.0013686807360500097,0.46722379326820374,0.49478021264076233,-0.0061218710616230965,0.4576972424983978,0.4573449492454529,-0.011467626318335533,0.4932612478733063,0.49297648668289185,-0.010818750597536564,0.518893301486969,0.42092788219451904,-0.01357178669422865,0.5353978276252747,0.380282461643219,-0.0149450758472085,0.547336995601654,0.3504628539085388,-0.01648886688053608,0.5149405598640442,0.4995892345905304,-0.015688540413975716,0.5482481122016907,0.4911717474460602,-0.01907101646065712,0.5461089015007019,0.5233205556869507,-0.018139906227588654,0.5355666279792786,0.5439289808273315,-0.018253177404403687,0.538029670715332,0.5216090679168701,-0.019051741808652878,0.5667052268981934,0.5072593092918396,-0.02270311862230301,0.5630486011505127,0.5346419215202332,-0.01655876822769642,0.5521060824394226,0.5554236173629761,-0.012874705716967583,0.5597151517868042,0.5465701222419739,-0.022008422762155533,0.5839794278144836,0.5163078308105469,-0.02259000949561596,0.5821998119354248,0.5351399183273315,-0.014295504428446293,0.5724839568138123,0.5544644594192505,-0.007536305580288172,0.6151822209358215,0.39819860458374023,-0.019318977370858192,0.6222482323646545,0.396706759929657,-0.018723411485552788,0.6283692121505737,0.3931253254413605,-0.016199419274926186,0.6330299973487854,0.38850826025009155,-0.012746277265250683,0.6362176537513733,0.3849852681159973,-0.007793548982590437,0.638628363609314,0.3815712630748749,-0.0033174403943121433,0.6080884337425232,0.3979692757129669,-0.019088244065642357,0.6016914248466492,0.39566943049430847,-0.016880132257938385,0.5963820815086365,0.39233121275901794,-0.013670248910784721,0.5926857590675354,0.38990578055381775,-0.008938686922192574,0.6142367124557495,0.3706710636615753,-0.022535964846611023,0.6212743520736694,0.36689481139183044,-0.021315477788448334,0.6280929446220398,0.37049347162246704,-0.017591699957847595,0.6327375769615173,0.37469029426574707,-0.013158267363905907,0.6361732482910156,0.3781386613845825,-0.008189584128558636,0.595496416091919,0.37846797704696655,-0.01411251537501812,0.6069269180297852,0.3681967258453369,-0.0216562170535326,0.6001085042953491,0.37306854128837585,-0.018234314396977425,0.595496416091919,0.37846797704696655,-0.01411251537501812,0.5921326279640198,0.3830522894859314,-0.009397265501320362,0.5898782014846802,0.3873286843299866,-0.004693889059126377,0.5919965505599976,0.38633549213409424,-0.0066648684442043304,0.5955283045768738,0.3847036361694336,-0.008908218704164028,0.5989381074905396,0.3833790421485901,-0.011930996552109718,0.6087237596511841,0.38197141885757446,-0.01652291789650917,0.6145837306976318,0.3819882273674011,-0.01712622120976448,0.620387852191925,0.3808060586452484,-0.016183041036128998,0.6254614591598511,0.38001692295074463,-0.01384231261909008,0.6330021619796753,0.3805934488773346,-0.007883938029408455,0.6364970803260803,0.3811909258365631,-0.005466856528073549,0.5989041924476624,0.38325127959251404,-0.011898080818355083,0.6033855676651001,0.3821372389793396,-0.014385188929736614,0.6086874008178711,0.38190189003944397,-0.016429979354143143,0.6145676374435425,0.38198989629745483,-0.017010366544127464,0.6203855276107788,0.38078370690345764,-0.016119085252285004,0.6254600882530212,0.37997719645500183,-0.01382245123386383,0.6309037804603577,0.3821556866168976,-0.012323099188506603,0.6364970803260803,0.3811909258365631,-0.005466856528073549,0.6836998462677002,0.2920756936073303,0.07385846227407455,0.5387816429138184,0.30784979462623596,0.06995198875665665,0.6161977052688599,0.4310881495475769,-0.01431962475180626,0.5668730735778809,0.3951175808906555,0.005988195072859526,0.5612881183624268,0.32381340861320496,0.0036882939748466015
ssirt0486.mp4,44,0.5049816966056824,0.6745287179946899,-1.1981936154370487e-07,0.47601863741874695,0.6202444434165955,0.002761992858722806,0.46698781847953796,0.5539645552635193,-0.0012899122666567564,0.45788127183914185,0.49616900086402893,-0.006688748486340046,0.4428567588329315,0.4602477252483368,-0.013269256800413132,0.5018579363822937,0.4961712062358856,-0.014059480279684067,0.5237094163894653,0.4227571487426758,-0.018397873267531395,0.5386272072792053,0.37981969118118286,-0.021234257146716118,0.5498502254486084,0.3472498059272766,-0.024019623175263405,0.5252626538276672,0.49968814849853516,-0.018135618418455124,0.5420846343040466,0.5080314874649048,-0.019758611917495728,0.5372223854064941,0.5345203876495361,-0.017864439636468887,0.5287298560142517,0.5504762530326843,-0.0185818113386631,0.5486409068107605,0.5278712511062622,-0.020400388166308403,0.5552637577056885,0.5354070067405701,-0.021343328058719635,0.551319420337677,0.557158350944519,-0.015323910862207413,0.543777585029602,0.5736713409423828,-0.013250156305730343,0.5689589381217957,0.5583789944648743,-0.022242410108447075,0.5764983296394348,0.5554497838020325,-0.019843701273202896,0.5709453225135803,0.5746340751647949,-0.011451543308794498,0.5627104043960571,0.59194016456604,-0.005613616202026606,0.6167423129081726,0.40291160345077515,-0.019514571875333786,0.6245154738426208,0.40107637643814087,-0.018754351884126663,0.630942165851593,0.3964557647705078,-0.01589270308613777,0.6354907155036926,0.3904145359992981,-0.012248756363987923,0.6383019089698792,0.38563302159309387,-0.007136869244277477,0.6402651071548462,0.3813927471637726,-0.002657081466168165,0.6087629795074463,0.4027073383331299,-0.019334664568305016,0.6016770005226135,0.3996230959892273,-0.016985060647130013,0.5958780646324158,0.39498114585876465,-0.013700038194656372,0.5920896530151367,0.39128684997558594,-0.008940923027694225,0.6158236861228943,0.36835402250289917,-0.02286672778427601,0.6232240200042725,0.36453762650489807,-0.02153797447681427,0.6303606033325195,0.36825960874557495,-0.017617905512452126,0.6349332928657532,0.37297293543815613,-0.012878606095910072,0.6381597518920898,0.3771229684352875,-0.0076497090049088,0.595365583896637,0.3774847388267517,-0.014438752084970474,0.6079877614974976,0.36603882908821106,-0.022097671404480934,0.6003983616828918,0.3714483380317688,-0.018719447776675224,0.595365583896637,0.3774847388267517,-0.014438752084970474,0.5916950106620789,0.38279789686203003,-0.009570064023137093,0.5893808603286743,0.3878861665725708,-0.004782496951520443,0.5917331576347351,0.3868575692176819,-0.006676667835563421,0.5956308245658875,0.3849244713783264,-0.008855725638568401,0.5993003249168396,0.3834220767021179,-0.011924676597118378,0.6096968650817871,0.38170355558395386,-0.016630686819553375,0.6159163117408752,0.3816966116428375,-0.017186840996146202,0.6218782663345337,0.3804469704627991,-0.016088278964161873,0.6269320845603943,0.37966203689575195,-0.013560914434492588,0.6342700719833374,0.3802993893623352,-0.007246766239404678,0.6379175782203674,0.3810579776763916,-0.004827719647437334,0.5992969870567322,0.3830409348011017,-0.012257990427315235,0.6040777564048767,0.3816438317298889,-0.014907644130289555,0.6097217798233032,0.3812524676322937,-0.017018945887684822,0.6159997582435608,0.3813398778438568,-0.017547138035297394,0.6219775080680847,0.3800852298736572,-0.016500171273946762,0.6270425915718079,0.37932083010673523,-0.013976950198411942,0.6326190233230591,0.3825693130493164,-0.011884741485118866,0.6379175782203674,0.3810579776763916,-0.004827719647437334,0.6833162307739258,0.29452064633369446,0.07468004524707794,0.5378334522247314,0.31030380725860596,0.06912296265363693,0.6173603534698486,0.4325898289680481,-0.014714241027832031,0.566649854183197,0.39618799090385437,0.005354451481252909,0.5612709522247314,0.32405218482017517,0.0029875305481255054
ssirt0486.mp4,45,0.5111018419265747,0.6736392974853516,-1.2246211156252684e-07,0.478596955537796,0.6221161484718323,0.0006250222213566303,0.4669368267059326,0.5605034828186035,-0.00572598772123456,0.4539158046245575,0.503488302230835,-0.013089909218251705,0.43749096989631653,0.46912112832069397,-0.021682225167751312,0.508874773979187,0.5002859234809875,-0.017440246418118477,0.5310426354408264,0.4278549551963806,-0.023861683905124664,0.5460383892059326,0.38462695479393005,-0.028490783646702766,0.5577803254127502,0.35302597284317017,-0.03254596143960953,0.5336077809333801,0.5034121870994568,-0.0208464115858078,0.5449097156524658,0.5201711654663086,-0.02403874509036541,0.5394312143325806,0.5449314713478088,-0.022768931463360786,0.5324476957321167,0.5588494539260864,-0.023856166750192642,0.5560336112976074,0.5328740477561951,-0.022644635289907455,0.5564724206924438,0.5487736463546753,-0.024189917370676994,0.5522305965423584,0.5676028728485107,-0.018457096070051193,0.5455910563468933,0.5806852579116821,-0.01671149954199791,0.5752936601638794,0.5650157928466797,-0.024306058883666992,0.5759673118591309,0.5757251381874084,-0.02206931822001934,0.5693159699440002,0.5926080942153931,-0.014202382415533066,0.5619673728942871,0.6055335998535156,-0.008822300471365452,0.6161088347434998,0.4048314690589905,-0.01996377855539322,0.6242629289627075,0.4030078649520874,-0.01912372186779976,0.631081223487854,0.39837273955345154,-0.015976110473275185,0.635918140411377,0.3920266926288605,-0.012120485305786133,0.638881504535675,0.3865281939506531,-0.006803938187658787,0.6407871246337891,0.3813685178756714,-0.0023449703585356474,0.6077446937561035,0.40443259477615356,-0.019701140001416206,0.6004866361618042,0.40110355615615845,-0.017037367448210716,0.5947124361991882,0.3961179256439209,-0.013529551215469837,0.5909934639930725,0.39190673828125,-0.008578450419008732,0.6147997379302979,0.3657149076461792,-0.023304032161831856,0.6227098703384399,0.362244576215744,-0.021980036050081253,0.6303649544715881,0.3661414086818695,-0.017971789464354515,0.6352711915969849,0.37125658988952637,-0.012952090241014957,0.6387431025505066,0.37610167264938354,-0.007449554279446602,0.5939002633094788,0.3759031593799591,-0.014478744938969612,0.6065556406974792,0.3638874888420105,-0.022532222792506218,0.5988501310348511,0.36948469281196594,-0.019049277529120445,0.5939002633094788,0.3759031593799591,-0.014478744938969612,0.5903949737548828,0.38184255361557007,-0.009353226982057095,0.5883751511573792,0.38770973682403564,-0.004453154746443033,0.5910080075263977,0.38665351271629333,-0.006300883833318949,0.5950852632522583,0.3863368034362793,-0.008457194082438946,0.5986421704292297,0.38593363761901855,-0.011684072203934193,0.6089149713516235,0.3856654763221741,-0.01672402210533619,0.6153908967971802,0.3856733441352844,-0.017352109774947166,0.6216496229171753,0.3844626545906067,-0.01618894748389721,0.6268895268440247,0.38322713971138,-0.013524251990020275,0.6343684196472168,0.38193902373313904,-0.00686932448297739,0.6381208300590515,0.3809971213340759,-0.0044736675918102264,0.5984719395637512,0.38043659925460815,-0.012443454936146736,0.6030048727989197,0.3779674470424652,-0.015371319837868214,0.6085984110832214,0.37672775983810425,-0.017677735537290573,0.6150796413421631,0.37651756405830383,-0.018267260864377022,0.621343195438385,0.3754764199256897,-0.017158817499876022,0.6266863346099854,0.3754456639289856,-0.014450552873313427,0.6327073574066162,0.38481366634368896,-0.011746572330594063,0.6381208300590515,0.3809971213340759,-0.0044736675918102264,0.6836153864860535,0.2961709499359131,0.07486297190189362,0.5371567010879517,0.31153249740600586,0.06939403712749481,0.6170312166213989,0.43287381529808044,-0.015500594861805439,0.5657514333724976,0.39541226625442505,0.005220431834459305,0.56032794713974,0.3228833079338074,0.002942096209153533
ssirt0486.mp4,46,0.5106504559516907,0.6731932163238525,-1.0963304220013015e-07,0.47844964265823364,0.6221688985824585,0.00018544426711741835,0.4662192463874817,0.5601571798324585,-0.006824473850429058,0.45310264825820923,0.502153754234314,-0.014756657183170319,0.4360351860523224,0.46664026379585266,-0.023841392248868942,0.5088131427764893,0.5006585717201233,-0.0184754841029644,0.530582070350647,0.4285295605659485,-0.02537333406507969,0.5458428859710693,0.38539382815361023,-0.03027012199163437,0.5577901601791382,0.35329627990722656,-0.03445001691579819,0.5335606336593628,0.5032028555870056,-0.02185816317796707,0.5451018810272217,0.5195818543434143,-0.025463353842496872,0.5391859412193298,0.5445831418037415,-0.02393491193652153,0.5320743918418884,0.5591222047805786,-0.024677550420165062,0.5557803511619568,0.5322855710983276,-0.023686809465289116,0.5568374991416931,0.5491311550140381,-0.02584458328783512,0.5520020723342896,0.5680081844329834,-0.020074758678674698,0.5451855063438416,0.5812615752220154,-0.018133491277694702,0.5752918720245361,0.5641277432441711,-0.02536551095545292,0.5761688947677612,0.5764925479888916,-0.023448072373867035,0.5693172812461853,0.5934872031211853,-0.015545614063739777,0.5619051456451416,0.6056808233261108,-0.010087832808494568,0.6160200834274292,0.4048422574996948,-0.019938183948397636,0.6241767406463623,0.403056800365448,-0.019085915759205818,0.6310206651687622,0.3984648883342743,-0.015894778072834015,0.6358998417854309,0.3921567499637604,-0.011996975168585777,0.6388977766036987,0.38666388392448425,-0.006628275383263826,0.640828549861908,0.3814833462238312,-0.0021621733903884888,0.6077046990394592,0.4044225811958313,-0.01965026743710041,0.6004889607429504,0.40109217166900635,-0.016932228580117226,0.594749391078949,0.3960908055305481,-0.013376394286751747,0.5910596251487732,0.39184361696243286,-0.00836627185344696,0.6146848797798157,0.36584603786468506,-0.023148495703935623,0.6226115822792053,0.3624013066291809,-0.021841304376721382,0.6303074955940247,0.36630505323410034,-0.01782776415348053,0.6352512240409851,0.37140244245529175,-0.012794014997780323,0.6387574672698975,0.37623685598373413,-0.007270957343280315,0.5938951373100281,0.37585189938545227,-0.014288900420069695,0.6064624190330505,0.3639809191226959,-0.0223814956843853,0.5988046526908875,0.36948439478874207,-0.018881384283304214,0.5938951373100281,0.37585189938545227,-0.014288900420069695,0.5904367566108704,0.38176229596138,-0.009137683548033237,0.5884619951248169,0.38760218024253845,-0.004226164426654577,0.5910783410072327,0.3865489959716797,-0.006078793667256832,0.595116376876831,0.3862745463848114,-0.008265563286840916,0.5986442565917969,0.38589248061180115,-0.011536974459886551,0.6088573336601257,0.38565921783447266,-0.016641849651932716,0.6153064370155334,0.3856946527957916,-0.01728406734764576,0.6215870380401611,0.38451462984085083,-0.016121361404657364,0.626865029335022,0.3833181858062744,-0.013436617329716682,0.6344143748283386,0.38207539916038513,-0.006712661124765873,0.6381726861000061,0.38111335039138794,-0.004289765376597643,0.5984611511230469,0.3803873360157013,-0.012240376323461533,0.6029565930366516,0.37795495986938477,-0.015185869298875332,0.6085255146026611,0.37676167488098145,-0.017508329823613167,0.6149913668632507,0.37658989429473877,-0.018109897151589394,0.6212866306304932,0.37556248903274536,-0.017003783956170082,0.6266713738441467,0.37554842233657837,-0.014286499470472336,0.6327074766159058,0.3849332332611084,-0.01164207048714161,0.6381726861000061,0.38111335039138794,-0.004289765376597643,0.6836891174316406,0.29560959339141846,0.07475950568914413,0.5370274186134338,0.3111879527568817,0.06938044726848602,0.6172164082527161,0.4327414035797119,-0.015438835136592388,0.565787672996521,0.395327627658844,0.005395988468080759,0.5603876113891602,0.32287105917930603,0.002988962223753333
ssirt0486.mp4,47,0.5177316069602966,0.6757256984710693,-1.3312661906184076e-07,0.4859358072280884,0.624232292175293,0.0003817438264377415,0.4748503565788269,0.5658657550811768,-0.006732553709298372,0.46023523807525635,0.5117640495300293,-0.015101892873644829,0.44331827759742737,0.47762975096702576,-0.02489909529685974,0.5202838182449341,0.5076512694358826,-0.01576049067080021,0.5430375933647156,0.4405559301376343,-0.02167060226202011,0.55815589427948,0.40145695209503174,-0.026688510552048683,0.5708473324775696,0.37134629487991333,-0.031238213181495667,0.5456229448318481,0.5134653449058533,-0.018870128318667412,0.5515280961990356,0.5354545712471008,-0.022021250799298286,0.5441471934318542,0.5605207085609436,-0.02163184992969036,0.5374013185501099,0.572729229927063,-0.023313399404287338,0.5661619305610657,0.5452320575714111,-0.020389914512634277,0.5637559294700623,0.5631310939788818,-0.021837741136550903,0.5581151247024536,0.5814933180809021,-0.016613364219665527,0.5511187314987183,0.592432975769043,-0.015116964466869831,0.5823072195053101,0.578081488609314,-0.021773504093289375,0.5818585157394409,0.5909175276756287,-0.01983770914375782,0.5753501653671265,0.6064285039901733,-0.01231769472360611,0.568428099155426,0.6168168783187866,-0.0070058139972388744,0.616521954536438,0.4069938361644745,-0.01954903081059456,0.6243215203285217,0.4052044153213501,-0.01886085793375969,0.6307886838912964,0.4002947211265564,-0.016098832711577415,0.6353486180305481,0.39350569248199463,-0.012545948848128319,0.6381673216819763,0.3875233829021454,-0.007566604297608137,0.6400348544120789,0.38168981671333313,-0.003236789023503661,0.6082828044891357,0.40636730194091797,-0.01928589679300785,0.6010006070137024,0.40254828333854675,-0.016863182187080383,0.5950204133987427,0.3969815969467163,-0.01357617974281311,0.5909748077392578,0.39224642515182495,-0.00886827614158392,0.6152831315994263,0.3650681674480438,-0.023297399282455444,0.6229327321052551,0.36164194345474243,-0.022017037495970726,0.6301732659339905,0.36578071117401123,-0.018215132877230644,0.6348352432250977,0.3711388409137726,-0.01346641592681408,0.6381259560585022,0.3761675953865051,-0.008225440047681332,0.5941476821899414,0.3751830458641052,-0.014592218212783337,0.6071264743804932,0.36294233798980713,-0.022430652752518654,0.5993408560752869,0.3686486780643463,-0.019001571461558342,0.5941476821899414,0.3751830458641052,-0.014592218212783337,0.590321958065033,0.38125237822532654,-0.009633995592594147,0.5880513191223145,0.3873668909072876,-0.0047968714497983456,0.5906113386154175,0.38648417592048645,-0.006677672266960144,0.5948248505592346,0.3871006965637207,-0.008737162686884403,0.5985603332519531,0.3872486352920532,-0.01180044561624527,0.6091904640197754,0.38791385293006897,-0.01661130040884018,0.6157675981521606,0.38815751671791077,-0.017260542139410973,0.6218922734260559,0.38685423135757446,-0.016219627112150192,0.6269022226333618,0.3852573037147522,-0.013757296837866306,0.6338781714439392,0.3830116391181946,-0.007583028171211481,0.6374719142913818,0.38131237030029297,-0.0053359330631792545,0.5983377695083618,0.37937232851982117,-0.012663392350077629,0.6030712723731995,0.37649738788604736,-0.015480433590710163,0.6087997555732727,0.3750130832195282,-0.01771143637597561,0.615337073802948,0.37485575675964355,-0.0183209590613842,0.621436595916748,0.37391045689582825,-0.01733422838151455,0.626569926738739,0.3741844594478607,-0.014807523228228092,0.6323519945144653,0.38618019223213196,-0.01214675698429346,0.6374719142913818,0.38131237030029297,-0.0053359330631792545,0.6841094493865967,0.29551249742507935,0.07392968982458115,0.5372776389122009,0.30973657965660095,0.06959034502506256,0.6162938475608826,0.4318990707397461,-0.014887094497680664,0.5663841366767883,0.39358073472976685,0.005245358217507601,0.5606638193130493,0.3217127025127411,0.0032195153180509806
ssirt0486.mp4,48,0.5206192135810852,0.6779152154922485,-1.1622550744050386e-07,0.48928332328796387,0.6259207725524902,0.0005613666726276278,0.4777003824710846,0.5676381587982178,-0.006583947688341141,0.46431833505630493,0.5128942131996155,-0.014928901568055153,0.4475957155227661,0.4789187014102936,-0.024505574256181717,0.5229719281196594,0.5123132467269897,-0.016683898866176605,0.5466048121452332,0.4472706913948059,-0.022892693057656288,0.5626766681671143,0.4098622798919678,-0.02758672647178173,0.5756816267967224,0.3819882273674011,-0.03186749294400215,0.548309326171875,0.5176478624343872,-0.020148370414972305,0.5548530220985413,0.5397505760192871,-0.023853879421949387,0.5477280616760254,0.5660657286643982,-0.02278541587293148,0.540722668170929,0.5800042748451233,-0.023740991950035095,0.5686773657798767,0.5483511090278625,-0.022100284695625305,0.5659322142601013,0.5687907934188843,-0.023949064314365387,0.560114860534668,0.5878596901893616,-0.0184011273086071,0.5528736114501953,0.5996607542037964,-0.016599226742982864,0.5853644609451294,0.5810170769691467,-0.023987211287021637,0.5844432711601257,0.597840428352356,-0.022460727021098137,0.5781450867652893,0.6134363412857056,-0.015283394604921341,0.5715935826301575,0.6232112050056458,-0.010167879052460194,0.6160945296287537,0.4055669605731964,-0.019207805395126343,0.6237317323684692,0.40392351150512695,-0.018571263179183006,0.6300508975982666,0.39951667189598083,-0.016034970059990883,0.6344890594482422,0.3933248519897461,-0.012650835327804089,0.6371755003929138,0.3877542018890381,-0.007843944244086742,0.6388678550720215,0.3822510242462158,-0.003525198670104146,0.6080343127250671,0.404983252286911,-0.019018026068806648,0.6009378433227539,0.40154996514320374,-0.016821516677737236,0.5951446294784546,0.3963985741138458,-0.013690783642232418,0.5913347601890564,0.39183807373046875,-0.00915254931896925,0.6151755452156067,0.3647519052028656,-0.023205330595374107,0.6226253509521484,0.36156702041625977,-0.021897228434681892,0.6296373009681702,0.36563754081726074,-0.018141910433769226,0.6340835690498352,0.371072918176651,-0.013550741598010063,0.6371846795082092,0.3763851821422577,-0.008461306802928448,0.5946427583694458,0.3747304379940033,-0.014708478935062885,0.6072458624839783,0.3627621829509735,-0.02233104035258293,0.599685549736023,0.3683139383792877,-0.018970780074596405,0.5946427583694458,0.3747304379940033,-0.014708478935062885,0.5908886790275574,0.3808397054672241,-0.009882494807243347,0.5886898040771484,0.38708385825157166,-0.005091214086860418,0.5911660194396973,0.38607126474380493,-0.006994911469519138,0.5951260328292847,0.3868288993835449,-0.009034347720444202,0.5987204313278198,0.3869836628437042,-0.011967914178967476,0.6090223789215088,0.3875654637813568,-0.016544608399271965,0.6154202818870544,0.38782811164855957,-0.017128683626651764,0.6213604807853699,0.3866291046142578,-0.016116149723529816,0.6262206435203552,0.3851880729198456,-0.013757572509348392,0.6329583525657654,0.38321369886398315,-0.00786303449422121,0.6363891363143921,0.38159969449043274,-0.005649717058986425,0.5986457467079163,0.37841489911079407,-0.012736843898892403,0.6032518148422241,0.3754388391971588,-0.01541392132639885,0.6088281273841858,0.37397676706314087,-0.01753573678433895,0.6151847839355469,0.3738846778869629,-0.018093761056661606,0.6210695505142212,0.37303104996681213,-0.017129363492131233,0.6260165572166443,0.37342745065689087,-0.014705457724630833,0.6315297484397888,0.3862954080104828,-0.012228712439537048,0.6363891363143921,0.38159969449043274,-0.005649717058986425,0.6839624047279358,0.29477038979530334,0.0738845095038414,0.5369499921798706,0.30840936303138733,0.06919940561056137,0.6162118315696716,0.43104496598243713,-0.014431278221309185,0.56654953956604,0.392911821603775,0.005208706948906183,0.5609579086303711,0.3210051357746124,0.003158401930704713
ssirt0486.mp4,49,0.5230798721313477,0.6814881563186646,-1.0926329707672267e-07,0.49185794591903687,0.6283676624298096,0.0001277880946872756,0.48124563694000244,0.5707828402519226,-0.007171686738729477,0.4690335988998413,0.5153933763504028,-0.015509488992393017,0.45252466201782227,0.48030704259872437,-0.025078410282731056,0.5273697972297668,0.5149069428443909,-0.015988556668162346,0.5522482395172119,0.4534836709499359,-0.021155763417482376,0.5690466165542603,0.41984665393829346,-0.025538835674524307,0.5827981233596802,0.3947424292564392,-0.02980874292552471,0.5529859066009521,0.5223338007926941,-0.01915852725505829,0.5592520833015442,0.5442602038383484,-0.021718565374612808,0.5517599582672119,0.569037675857544,-0.021137291565537453,0.544860303401947,0.5817884206771851,-0.022749433293938637,0.5729600787162781,0.5549060702323914,-0.02073591947555542,0.5692536234855652,0.57366943359375,-0.021378319710493088,0.5633976459503174,0.5913485288619995,-0.01609424129128456,0.556206464767456,0.6025252938270569,-0.014841077849268913,0.588502049446106,0.5887689590454102,-0.022299842908978462,0.5865294933319092,0.6031633019447327,-0.020209861919283867,0.5805597901344299,0.6174863576889038,-0.013067620806396008,0.5742171406745911,0.6272318363189697,-0.008119354955852032,0.6154393553733826,0.4027351140975952,-0.020423421636223793,0.6228487491607666,0.40136033296585083,-0.019816720858216286,0.6291296482086182,0.3976925015449524,-0.017438620328903198,0.6336679458618164,0.39260751008987427,-0.01413647085428238,0.6364617347717285,0.3881396949291229,-0.009343144483864307,0.6381836533546448,0.3836413621902466,-0.0048524183221161366,0.6080023050308228,0.40223953127861023,-0.02028808742761612,0.6014689803123474,0.3993794918060303,-0.018285781145095825,0.5962204933166504,0.39512521028518677,-0.015254582278430462,0.5928033590316772,0.3914794921875,-0.010741086676716805,0.6138210892677307,0.3644520044326782,-0.023255765438079834,0.6210160255432129,0.3615535795688629,-0.021940359845757484,0.6281918287277222,0.3659180998802185,-0.01837552897632122,0.6329372525215149,0.37167495489120483,-0.014174183830618858,0.6363498568534851,0.37739330530166626,-0.00946566928178072,0.5953487753868103,0.37512344121932983,-0.015405056066811085,0.6065307855606079,0.3628786504268646,-0.022396214306354523,0.5997830629348755,0.3685570955276489,-0.01925554685294628,0.5953487753868103,0.37512344121932983,-0.015405056066811085,0.5921264886856079,0.381358802318573,-0.01097261905670166,0.590394139289856,0.3875919580459595,-0.006512791849672794,0.592826247215271,0.38640525937080383,-0.00841408409178257,0.5963581204414368,0.38620585203170776,-0.010485577397048473,0.5995883941650391,0.38572677969932556,-0.013256771489977837,0.6088366508483887,0.38527628779411316,-0.01750645600259304,0.6146847605705261,0.38539689779281616,-0.018020978197455406,0.6204851269721985,0.3845440745353699,-0.01705612801015377,0.6254021525382996,0.3838077485561371,-0.014815051108598709,0.6324687600135803,0.3834536373615265,-0.009241003543138504,0.63580721616745,0.3827594220638275,-0.006986010819673538,0.5993792414665222,0.37889978289604187,-0.01347997598350048,0.6034136414527893,0.37579140067100525,-0.01583641953766346,0.6084287166595459,0.3741004467010498,-0.017755303531885147,0.6141766309738159,0.3738013505935669,-0.018241534009575844,0.619938850402832,0.3731340169906616,-0.01732720248401165,0.6249389052391052,0.3739009499549866,-0.015087176114320755,0.6307643055915833,0.38579127192497253,-0.013504767790436745,0.63580721616745,0.3827594220638275,-0.006986010819673538,0.6833186149597168,0.295070081949234,0.07360672950744629,0.5370304584503174,0.3100016117095947,0.06856872141361237,0.6167907118797302,0.42888644337654114,-0.016159052029252052,0.5675781965255737,0.39395618438720703,0.003872305154800415,0.5619791746139526,0.3212302625179291,0.0032151814084500074
ssirt0486.mp4,50,0.5241538882255554,0.6818153858184814,-9.718717564055623e-08,0.4929487109184265,0.6294962167739868,0.00016297728870995343,0.48155778646469116,0.5704789757728577,-0.006847260054200888,0.4700101613998413,0.5138771533966064,-0.014761989004909992,0.4533735513687134,0.4791818857192993,-0.023852704092860222,0.5274994969367981,0.5170921683311462,-0.015899311751127243,0.5524610280990601,0.45511311292648315,-0.020700840279459953,0.5688040852546692,0.4190732538700104,-0.024246273562312126,0.5815030932426453,0.39252033829689026,-0.02774682827293873,0.5531862378120422,0.5237030982971191,-0.018802421167492867,0.5596326589584351,0.5433636903762817,-0.021005064249038696,0.551986575126648,0.5679355263710022,-0.01924700289964676,0.5450311303138733,0.5826714038848877,-0.01984546147286892,0.5729042291641235,0.554710328578949,-0.02018481306731701,0.5698286294937134,0.5731534957885742,-0.021339844912290573,0.5633920431137085,0.5914174914360046,-0.015879681333899498,0.5561596751213074,0.6040507555007935,-0.014212540350854397,0.5892199873924255,0.5866773724555969,-0.02142574079334736,0.5872623324394226,0.6020936369895935,-0.019383275881409645,0.5809394717216492,0.6173002123832703,-0.012151611968874931,0.5747366547584534,0.6273877024650574,-0.007149059325456619,0.6147994995117188,0.40433263778686523,-0.019664734601974487,0.6223519444465637,0.40285488963127136,-0.019142910838127136,0.6288006901741028,0.3988804221153259,-0.016915220767259598,0.6335246562957764,0.39330101013183594,-0.013703525997698307,0.6364070177078247,0.3882830739021301,-0.009003719314932823,0.6381514668464661,0.3834020495414734,-0.004573266487568617,0.6074582934379578,0.40381133556365967,-0.01948707178235054,0.601111114025116,0.4007178246974945,-0.01754373125731945,0.5961712002754211,0.395876407623291,-0.014562313444912434,0.5931510925292969,0.39156782627105713,-0.01009535975754261,0.6132785677909851,0.3650110065937042,-0.022858884185552597,0.6205145716667175,0.3621124029159546,-0.021598339080810547,0.6278285384178162,0.36626243591308594,-0.018065426498651505,0.6326856017112732,0.371793657541275,-0.013915522024035454,0.6362316608428955,0.37734389305114746,-0.00923539511859417,0.5956048369407654,0.37506482005119324,-0.014885148033499718,0.6061843633651733,0.363404244184494,-0.02195437252521515,0.5997571349143982,0.3687623143196106,-0.018755946308374405,0.5956048369407654,0.37506482005119324,-0.014885148033499718,0.5926335453987122,0.3811405599117279,-0.010423092171549797,0.5911052227020264,0.3872086703777313,-0.005890861619263887,0.5935424566268921,0.3860434293746948,-0.007834803313016891,0.5968754291534424,0.385928213596344,-0.009933128952980042,0.5998354554176331,0.3856301009654999,-0.012709314934909344,0.6085083484649658,0.3855755031108856,-0.016967011615633965,0.6141456961631775,0.3857845962047577,-0.017527038231492043,0.6199920773506165,0.3848946690559387,-0.016639726236462593,0.6249905228614807,0.3840321898460388,-0.014460225589573383,0.6322630047798157,0.38336488604545593,-0.008971535600721836,0.6357313990592957,0.38256561756134033,-0.006720779929310083,0.5997313261032104,0.3788781762123108,-0.012887225486338139,0.6034733653068542,0.3759264051914215,-0.015232565812766552,0.6081920266151428,0.37437760829925537,-0.017154527828097343,0.6137086749076843,0.37418803572654724,-0.017675386741757393,0.6195186972618103,0.37348294258117676,-0.016831090673804283,0.624591588973999,0.3741946518421173,-0.014663954265415668,0.6304925084114075,0.3860289454460144,-0.01314637716859579,0.6357313990592957,0.38256561756134033,-0.006720779929310083,0.6836503148078918,0.29323336482048035,0.07338694483041763,0.537011444568634,0.30856505036354065,0.06878768652677536,0.616736888885498,0.4293557405471802,-0.014980845153331757,0.5675299167633057,0.3940114378929138,0.004730068612843752,0.5618321895599365,0.32156243920326233,0.00342300022020936
ssirt0486.mp4,51,0.523761510848999,0.6828019618988037,-9.547956381084077e-08,0.49303048849105835,0.6293734312057495,0.0007611605105921626,0.4820111095905304,0.5707871317863464,-0.006185976788401604,0.47008049488067627,0.5146726965904236,-0.014249388128519058,0.45339298248291016,0.47982028126716614,-0.0235383789986372,0.5273672938346863,0.5170230269432068,-0.01461316179484129,0.5521658658981323,0.4556323289871216,-0.019048230722546577,0.5682802796363831,0.41972923278808594,-0.02248362824320793,0.5808180570602417,0.3931420147418976,-0.025971131399273872,0.5527294874191284,0.5238373279571533,-0.017887650057673454,0.5597440004348755,0.5438583493232727,-0.01963367499411106,0.5518674254417419,0.5687271356582642,-0.017917560413479805,0.5445475578308105,0.5835594534873962,-0.018625861033797264,0.5724772810935974,0.5548450946807861,-0.01964125595986843,0.5699297189712524,0.5739877820014954,-0.0202188640832901,0.5632796287536621,0.5925827026367188,-0.014661382883787155,0.5557278990745544,0.6052149534225464,-0.01305854320526123,0.5888283848762512,0.5869507193565369,-0.021257059648633003,0.5873978734016418,0.6027063131332397,-0.018694210797548294,0.5808823704719543,0.6181197166442871,-0.011293659918010235,0.5743750333786011,0.6282446980476379,-0.0062611158937215805,0.6147956848144531,0.40418416261672974,-0.01979132927954197,0.6223509311676025,0.40268152952194214,-0.01926657371222973,0.6288130879402161,0.3987075090408325,-0.017007945105433464,0.6335623860359192,0.39319735765457153,-0.013781512156128883,0.6364880800247192,0.38829663395881653,-0.009075894951820374,0.6382812857627869,0.38347604870796204,-0.004662651102989912,0.6074346303939819,0.4036998450756073,-0.0195921678096056,0.601050078868866,0.40065300464630127,-0.017599157989025116,0.5960706472396851,0.39587411284446716,-0.014591863378882408,0.5930047035217285,0.3916414976119995,-0.010109110735356808,0.6133562326431274,0.3651343286037445,-0.02296232245862484,0.6206147074699402,0.3621900975704193,-0.021708276122808456,0.6279074549674988,0.3663419783115387,-0.018179697915911674,0.6327708959579468,0.37187454104423523,-0.01400979794561863,0.6363338828086853,0.3774213194847107,-0.00931470189243555,0.5955419540405273,0.37522372603416443,-0.01492782961577177,0.6062235236167908,0.3635093569755554,-0.022047093138098717,0.5997567772865295,0.3689104914665222,-0.01883399486541748,0.5955419540405273,0.37522372603416443,-0.01492782961577177,0.59250807762146,0.3812718987464905,-0.010443138889968395,0.5909255146980286,0.3873147964477539,-0.005908964667469263,0.593363344669342,0.38613373041152954,-0.007848808541893959,0.5966969132423401,0.38601407408714294,-0.009938070550560951,0.5996977686882019,0.3856942057609558,-0.012732051312923431,0.6084858775138855,0.38559961318969727,-0.017039358615875244,0.6141760945320129,0.3858015537261963,-0.01761937327682972,0.6200478076934814,0.38488298654556274,-0.0167309008538723,0.6250695586204529,0.3840150833129883,-0.014541102573275566,0.6323846578598022,0.3833954930305481,-0.009027495048940182,0.6358684301376343,0.3826257288455963,-0.006794329266995192,0.5996032357215881,0.3789161443710327,-0.012972738593816757,0.6034058332443237,0.3759385347366333,-0.015357974916696548,0.6081835031509399,0.3743724226951599,-0.017310526221990585,0.6137469410896301,0.3741764426231384,-0.017849184572696686,0.6195746660232544,0.37346309423446655,-0.017005931586027145,0.6246677041053772,0.3741868734359741,-0.014819080010056496,0.6305755972862244,0.38599497079849243,-0.01322207972407341,0.6358684301376343,0.3826257288455963,-0.006794329266995192,0.6835202574729919,0.29328158497810364,0.07322213053703308,0.5368893146514893,0.30882784724235535,0.06882526725530624,0.6167975068092346,0.42928728461265564,-0.015165237709879875,0.567565381526947,0.3938252329826355,0.004648481495678425,0.5617708563804626,0.32147571444511414,0.003452734090387821
ssirt0486.mp4,52,0.5240304470062256,0.6840581297874451,-9.091856156828726e-08,0.49308308959007263,0.6321602463722229,-0.00047785972128622234,0.4814428985118866,0.5733226537704468,-0.008197722025215626,0.4689025580883026,0.5159968733787537,-0.016864048317074776,0.45172590017318726,0.4812096059322357,-0.02671569213271141,0.5266481041908264,0.5189399123191833,-0.01605125516653061,0.5509310364723206,0.45705851912498474,-0.02151782438158989,0.5675113797187805,0.4215887188911438,-0.02573416568338871,0.5806623101234436,0.3955400586128235,-0.02973213978111744,0.5519330501556396,0.5248357653617859,-0.01906990073621273,0.5592955350875854,0.5446032881736755,-0.021658295765519142,0.5516883730888367,0.5696877837181091,-0.020237118005752563,0.5443328022956848,0.5847434997558594,-0.021069204434752464,0.5718704462051392,0.5554565191268921,-0.02070729248225689,0.5696117877960205,0.5747730135917664,-0.02206437475979328,0.5633410215377808,0.5935704112052917,-0.01649380847811699,0.5560020208358765,0.6064552664756775,-0.014730033464729786,0.588577926158905,0.5878026485443115,-0.022314563393592834,0.5871490240097046,0.6034900546073914,-0.020305350422859192,0.580703854560852,0.6190398931503296,-0.012869029305875301,0.574374258518219,0.6293906569480896,-0.007702643517404795,0.6138023138046265,0.41272449493408203,-0.018525568768382072,0.6214709281921387,0.4101164937019348,-0.018029989674687386,0.6275824308395386,0.4035312235355377,-0.015867674723267555,0.6315087080001831,0.39521878957748413,-0.012772849760949612,0.633575439453125,0.3886377215385437,-0.008282676339149475,0.6347290873527527,0.3833981156349182,-0.0040299189276993275,0.6064210534095764,0.4117918312549591,-0.018374314531683922,0.6004526019096375,0.40662479400634766,-0.016500700265169144,0.5965136289596558,0.3989872634410858,-0.013652386143803596,0.5946145057678223,0.39279261231422424,-0.0094089200720191,0.6131492257118225,0.3645234704017639,-0.022746367380023003,0.6201137900352478,0.36129453778266907,-0.0214757788926363,0.6268993020057678,0.3657339811325073,-0.017900940030813217,0.6309434771537781,0.3716095983982086,-0.013630545698106289,0.6336026787757874,0.3773113191127777,-0.008841998875141144,0.5968789458274841,0.37567538022994995,-0.014633412472903728,0.6064791083335876,0.36290374398231506,-0.02183980494737625,0.6004372239112854,0.3690054714679718,-0.018615830689668655,0.5968789458274841,0.37567538022994995,-0.014633412472903728,0.5945805311203003,0.38176611065864563,-0.010067233815789223,0.593540370464325,0.387768417596817,-0.005383356940001249,0.5961365103721619,0.3867946267127991,-0.007326329592615366,0.5992140769958496,0.3866913914680481,-0.009297510609030724,0.6015283465385437,0.38695842027664185,-0.012009738013148308,0.608613908290863,0.3884004056453705,-0.016218656674027443,0.6135533452033997,0.38886338472366333,-0.01677979715168476,0.6188092231750488,0.387363463640213,-0.01588459312915802,0.6230644583702087,0.3855818510055542,-0.013721625320613384,0.628896176815033,0.3835741877555847,-0.00830535776913166,0.6321333050727844,0.38283199071884155,-0.006175231654196978,0.6016398072242737,0.380659282207489,-0.012634949758648872,0.6046422123908997,0.37811726331710815,-0.015066206455230713,0.6085847616195679,0.3768438398838043,-0.017022008076310158,0.6133319139480591,0.3767693042755127,-0.017548469826579094,0.6184778213500977,0.37574684619903564,-0.01669328100979328,0.6227667927742004,0.37602606415748596,-0.01448211818933487,0.6280152201652527,0.38723865151405334,-0.012342754751443863,0.6321333050727844,0.38283199071884155,-0.006175231654196978,0.6838897466659546,0.2937496602535248,0.07314633578062057,0.5361374616622925,0.3082282245159149,0.06837663054466248,0.6157142519950867,0.43337124586105347,-0.013388508930802345,0.5667172074317932,0.39514175057411194,0.005254305899143219,0.5609573721885681,0.3226056396961212,0.0031387447379529476
ssirt0486.mp4,53,0.5234220027923584,0.6844860315322876,-8.941883322677313e-08,0.4928182363510132,0.6314616203308105,6.617254257434979e-05,0.48168984055519104,0.57315593957901,-0.007667980622500181,0.46890246868133545,0.516566812992096,-0.016410650685429573,0.4514327049255371,0.481916606426239,-0.02640490233898163,0.5263388752937317,0.5182846784591675,-0.016072874888777733,0.5512965321540833,0.45657554268836975,-0.021448690444231033,0.5680103302001953,0.42125385999679565,-0.025557979941368103,0.5813120603561401,0.39547842741012573,-0.02947782725095749,0.5518113970756531,0.5250089168548584,-0.019300054758787155,0.5590804815292358,0.5446003079414368,-0.021668264642357826,0.5508642196655273,0.5700053572654724,-0.01995174214243889,0.5431125164031982,0.5854427814483643,-0.020642468705773354,0.571837842464447,0.5558730363845825,-0.021073009818792343,0.5693824291229248,0.5748099684715271,-0.021910184994339943,0.5627730488777161,0.5938339233398438,-0.015904314815998077,0.5550503730773926,0.607043981552124,-0.014025445096194744,0.588361382484436,0.5880637764930725,-0.022811219096183777,0.586608350276947,0.6036753058433533,-0.020502060651779175,0.5800089240074158,0.6196051836013794,-0.012878826819360256,0.5735827088356018,0.630210280418396,-0.0076491315849125385,0.6139048933982849,0.4123108983039856,-0.01871308498084545,0.6216511130332947,0.4100663661956787,-0.01822800002992153,0.6279682517051697,0.4039405882358551,-0.016026614233851433,0.6321558356285095,0.39604467153549194,-0.012866822071373463,0.6344484090805054,0.389689177274704,-0.008273008279502392,0.635814905166626,0.38453564047813416,-0.0040197717025876045,0.6062963008880615,0.4114092290401459,-0.018487639725208282,0.6000151038169861,0.406451940536499,-0.01647370494902134,0.5957096815109253,0.39905232191085815,-0.013500035740435123,0.5934999585151672,0.3928731083869934,-0.009107943624258041,0.6138342022895813,0.36731165647506714,-0.0225610863417387,0.6210358738899231,0.3639679253101349,-0.021357178688049316,0.6276856064796448,0.36796215176582336,-0.017836758866906166,0.6317240595817566,0.3733346462249756,-0.013575343415141106,0.634510338306427,0.37865760922431946,-0.008777370676398277,0.5962690114974976,0.3763877749443054,-0.014307870529592037,0.6067659258842468,0.3651112914085388,-0.021627070382237434,0.60028076171875,0.37032485008239746,-0.018346304073929787,0.5962690114974976,0.3763877749443054,-0.014307870529592037,0.593559741973877,0.38205140829086304,-0.009700397029519081,0.5922504663467407,0.38784152269363403,-0.00504603236913681,0.5948385000228882,0.3868206739425659,-0.006974702700972557,0.598078191280365,0.38662925362586975,-0.00898804608732462,0.6006714701652527,0.38680344820022583,-0.011771448887884617,0.6085543632507324,0.38833296298980713,-0.016114292666316032,0.6139005422592163,0.389017790555954,-0.01672222651541233,0.6193475723266602,0.38757166266441345,-0.015859272330999374,0.6237652897834778,0.38587474822998047,-0.013703543692827225,0.6298272609710693,0.3842812478542328,-0.00825469009578228,0.6332579255104065,0.38386934995651245,-0.0061154356226325035,0.6007309556007385,0.38077694177627563,-0.012374833226203918,0.6041134595870972,0.37832820415496826,-0.014865046367049217,0.6084982752799988,0.37735605239868164,-0.01688145473599434,0.6136873364448547,0.3776346445083618,-0.017459115013480186,0.6190473437309265,0.3765586316585541,-0.01663176529109478,0.6235065460205078,0.376790314912796,-0.01442788727581501,0.6287945508956909,0.38781270384788513,-0.01236224640160799,0.6332579255104065,0.38386934995651245,-0.0061154356226325035,0.6835127472877502,0.2950826585292816,0.07243075221776962,0.5367943048477173,0.30912405252456665,0.06861228495836258,0.6154134273529053,0.4326164126396179,-0.013888618908822536,0.5667911171913147,0.39500612020492554,0.005424670875072479,0.5611914396286011,0.3226286768913269,0.003453534096479416
ssirt0486.mp4,54,0.5220150351524353,0.687320351600647,-9.951224910764722e-08,0.49159497022628784,0.6338947415351868,-0.0004852595739066601,0.4802250862121582,0.5747666954994202,-0.008400818333029747,0.46694499254226685,0.5177630186080933,-0.017336076125502586,0.4498259127140045,0.4821678400039673,-0.027503695338964462,0.5253210067749023,0.5200356245040894,-0.015888981521129608,0.5491108894348145,0.4577391743659973,-0.021889403462409973,0.5653567314147949,0.4216495752334595,-0.026708105579018593,0.578417956829071,0.394992470741272,-0.031068257987499237,0.5508508682250977,0.5265627503395081,-0.018898049369454384,0.5569647550582886,0.5466175079345703,-0.021948974579572678,0.5490116477012634,0.5722832083702087,-0.020870238542556763,0.5414393544197083,0.5874989032745361,-0.02184404619038105,0.5709774494171143,0.5577108860015869,-0.02056245133280754,0.5680108070373535,0.5768367648124695,-0.02218349277973175,0.5615599155426025,0.5961048007011414,-0.016589930281043053,0.5539831519126892,0.6090653538703918,-0.014664024114608765,0.5874731540679932,0.5907142162322998,-0.022204864770174026,0.5860005617141724,0.6055837273597717,-0.02030869759619236,0.5791181325912476,0.621370792388916,-0.012737222947180271,0.5724539160728455,0.6320455074310303,-0.007350832223892212,0.613473117351532,0.41249746084213257,-0.01889461651444435,0.6209657788276672,0.4099661111831665,-0.01827244646847248,0.6268060207366943,0.40359634160995483,-0.01580793224275112,0.6302950978279114,0.3954654932022095,-0.012490389868617058,0.6319907903671265,0.38905128836631775,-0.007758632302284241,0.6328973770141602,0.3840447962284088,-0.0034742364659905434,0.606069028377533,0.4115704596042633,-0.018716612830758095,0.6000805497169495,0.40647196769714355,-0.016630465164780617,0.5961806178092957,0.3989314138889313,-0.013612153008580208,0.5942830443382263,0.39288824796676636,-0.009197253733873367,0.6130555868148804,0.3672853708267212,-0.02276459150016308,0.6199363470077515,0.3642497658729553,-0.02146979607641697,0.6261897683143616,0.3681248724460602,-0.017783332616090775,0.6298344731330872,0.3734787702560425,-0.013304355554282665,0.6320979595184326,0.37858009338378906,-0.008322215639054775,0.5965900421142578,0.3770867586135864,-0.014563903212547302,0.6063236594200134,0.36567944288253784,-0.02192479372024536,0.6002708673477173,0.37098270654678345,-0.018678145483136177,0.5965900421142578,0.3770867586135864,-0.014563903212547302,0.5942414402961731,0.3825865089893341,-0.009882377460598946,0.5932092666625977,0.3879958987236023,-0.005189495161175728,0.5959206223487854,0.3871069848537445,-0.007068593520671129,0.5990150570869446,0.3869839906692505,-0.009049192070960999,0.6014007329940796,0.3872545063495636,-0.011876177974045277,0.608431875705719,0.38866207003593445,-0.01628401130437851,0.6132877469062805,0.38919565081596375,-0.016841735690832138,0.6182565689086914,0.38769790530204773,-0.01585240662097931,0.6221420168876648,0.38607296347618103,-0.013538826256990433,0.6273139715194702,0.38433295488357544,-0.0077772438526153564,0.6302183866500854,0.38368192315101624,-0.005599854979664087,0.6014569401741028,0.3816409409046173,-0.012611706741154194,0.6044350266456604,0.3794548511505127,-0.01517888531088829,0.6083025932312012,0.37845557928085327,-0.01721854880452156,0.6130247712135315,0.3786337375640869,-0.017743978649377823,0.6179114580154419,0.37749314308166504,-0.01679917238652706,0.6218230724334717,0.37766918540000916,-0.014429080300033092,0.6267774105072021,0.38773930072784424,-0.012061385437846184,0.6302183866500854,0.38368192315101624,-0.005599854979664087,0.6831436157226562,0.29566243290901184,0.07337331026792526,0.5362992286682129,0.3099023401737213,0.0680522695183754,0.6159621477127075,0.433347225189209,-0.014046951197087765,0.5666701793670654,0.39530640840530396,0.004981189034879208,0.5608603358268738,0.3229103684425354,0.0029068728908896446
ssirt0486.mp4,55,0.5215251445770264,0.6888637542724609,-1.0295510577407185e-07,0.49083754420280457,0.6360354423522949,6.0688274970743805e-05,0.47912725806236267,0.5763182640075684,-0.0077099609188735485,0.466468870639801,0.5179857611656189,-0.016568630933761597,0.44867390394210815,0.48266780376434326,-0.026687365025281906,0.5244857668876648,0.5208404660224915,-0.01587747037410736,0.5485172271728516,0.4582016170024872,-0.021759849041700363,0.5647420287132263,0.4209318161010742,-0.02634764090180397,0.5775470733642578,0.3937012255191803,-0.030446955934166908,0.5501993894577026,0.5269440412521362,-0.01897434890270233,0.556939959526062,0.5492175817489624,-0.021878331899642944,0.5486766695976257,0.5757519602775574,-0.020311996340751648,0.5407283306121826,0.5914772748947144,-0.02084283158183098,0.5703415274620056,0.5583412647247314,-0.020649274811148643,0.5674253702163696,0.5796705484390259,-0.022668348625302315,0.5607955455780029,0.599439799785614,-0.01719876192510128,0.5529834032058716,0.6124700903892517,-0.01517217792570591,0.5871117115020752,0.5912021994590759,-0.022131141275167465,0.5852280855178833,0.6078470349311829,-0.02038312517106533,0.5782229900360107,0.624130368232727,-0.012705524452030659,0.571276068687439,0.6346487998962402,-0.007181709632277489,0.6134117245674133,0.4123470187187195,-0.018720675259828568,0.6209590435028076,0.4098973274230957,-0.01806088164448738,0.6268657445907593,0.4036763906478882,-0.015550056472420692,0.6304025650024414,0.39558109641075134,-0.012204771861433983,0.6321112513542175,0.38900431990623474,-0.007452353835105896,0.6330028772354126,0.3838902711868286,-0.003149530617520213,0.6061104536056519,0.4114960730075836,-0.018587695434689522,0.6002609133720398,0.4066193699836731,-0.016536148265004158,0.5965200662612915,0.39919131994247437,-0.01353453565388918,0.5947933793067932,0.3930845856666565,-0.009146906435489655,0.61288982629776,0.3680497705936432,-0.022746531292796135,0.619731605052948,0.3650362491607666,-0.02141353115439415,0.6260015368461609,0.36874133348464966,-0.01766001060605049,0.6297180652618408,0.3738325238227844,-0.013109546154737473,0.6320688128471375,0.3786722719669342,-0.008060451596975327,0.5969830751419067,0.3773312270641327,-0.014591519720852375,0.6063134670257568,0.366424560546875,-0.02194521389901638,0.6005052328109741,0.37141862511634827,-0.01871422305703163,0.5969830751419067,0.3773312270641327,-0.014591519720852375,0.5947949290275574,0.38275840878486633,-0.009889928624033928,0.5938619375228882,0.3881099224090576,-0.005168179050087929,0.5964834690093994,0.38718098402023315,-0.007032276596873999,0.5994777679443359,0.38698381185531616,-0.009002831764519215,0.6017604470252991,0.3871128559112549,-0.011812180280685425,0.608478307723999,0.3881525993347168,-0.01617664471268654,0.613192081451416,0.3886999487876892,-0.016697511076927185,0.6181858777999878,0.38723015785217285,-0.015669923275709152,0.622126042842865,0.38576608896255493,-0.0133246760815382,0.6274728775024414,0.3842650055885315,-0.00750705786049366,0.6303693056106567,0.38356590270996094,-0.005303289741277695,0.6017606854438782,0.3815038204193115,-0.012572292238473892,0.6045972108840942,0.3792499005794525,-0.015128964558243752,0.6083024740219116,0.37826216220855713,-0.01714886911213398,0.6129342317581177,0.3785349130630493,-0.017642082646489143,0.6178891658782959,0.37731727957725525,-0.01665635034441948,0.6218599677085876,0.3774934411048889,-0.014248905703425407,0.626871645450592,0.3876849114894867,-0.011799050495028496,0.6303693056106567,0.38356590270996094,-0.005303289741277695,0.6829589605331421,0.2949073910713196,0.07368824630975723,0.5362592339515686,0.30971524119377136,0.06769188493490219,0.6164334416389465,0.43361085653305054,-0.013823818415403366,0.5667170286178589,0.3956208825111389,0.004954312462359667,0.56102055311203,0.32280105352401733,0.002653209725394845
ssirt0486.mp4,56,0.5212578177452087,0.6895325779914856,-1.0573309339179104e-07,0.4908614158630371,0.6365516185760498,0.0007624112768098712,0.47903311252593994,0.5766149759292603,-0.006665701046586037,0.466317743062973,0.5187252759933472,-0.015183896757662296,0.4484829604625702,0.483255535364151,-0.024939289316534996,0.5241822004318237,0.5208675861358643,-0.015859205275774002,0.5484941601753235,0.45796340703964233,-0.02144230715930462,0.5647676587104797,0.4208528995513916,-0.025690123438835144,0.5776363015174866,0.39383333921432495,-0.02952626533806324,0.550012469291687,0.5266043543815613,-0.019091593101620674,0.557432234287262,0.5490219593048096,-0.02129392884671688,0.5491873025894165,0.5754973888397217,-0.019253820180892944,0.5411825180053711,0.591280996799469,-0.019622409716248512,0.5702909827232361,0.5582205653190613,-0.020796429365873337,0.5678043961524963,0.5797154307365417,-0.02225586399435997,0.5612970590591431,0.5993841886520386,-0.016576619818806648,0.5534631013870239,0.612592339515686,-0.01457833219319582,0.5872471332550049,0.5912871956825256,-0.02221798524260521,0.585390567779541,0.6078649759292603,-0.02000552788376808,0.5785430669784546,0.6243228912353516,-0.012098994106054306,0.5716235041618347,0.6350677013397217,-0.006518803536891937,0.6134636402130127,0.41239774227142334,-0.018902931362390518,0.6209658980369568,0.4099474549293518,-0.018268031999468803,0.6268463134765625,0.40368160605430603,-0.015785550698637962,0.6303696632385254,0.39549699425697327,-0.012457218952476978,0.6320801377296448,0.38881996273994446,-0.0077207800932228565,0.6329745650291443,0.38358911871910095,-0.003421310568228364,0.6061922907829285,0.4115039110183716,-0.0187421515583992,0.6003743410110474,0.4065421521663666,-0.016669712960720062,0.5966634154319763,0.39903053641319275,-0.013658578507602215,0.5949456691741943,0.39285120368003845,-0.009259470738470554,0.6127920746803284,0.3681166172027588,-0.022865623235702515,0.6196035742759705,0.3651086986064911,-0.021550271660089493,0.6258625984191895,0.3686799705028534,-0.017829572781920433,0.6296091675758362,0.37365540862083435,-0.013316279277205467,0.6319944858551025,0.3784157931804657,-0.008301438763737679,0.5970404148101807,0.3771558701992035,-0.01466374658048153,0.6062368154525757,0.3665209710597992,-0.022033603861927986,0.6005021929740906,0.37135741114616394,-0.018787719309329987,0.5970404148101807,0.3771558701992035,-0.01466374658048153,0.5949076414108276,0.38249102234840393,-0.009967956691980362,0.5940133333206177,0.3877905607223511,-0.0052597676403820515,0.5966154336929321,0.3868758976459503,-0.007134370040148497,0.599570095539093,0.3868173360824585,-0.009113360196352005,0.6018213629722595,0.3870564103126526,-0.011934623122215271,0.6084794402122498,0.38826194405555725,-0.01633395627140999,0.6131892800331116,0.38881736993789673,-0.016879543662071228,0.618174135684967,0.38732337951660156,-0.01587800122797489,0.6221181154251099,0.385797381401062,-0.013549151830375195,0.6274778246879578,0.38410162925720215,-0.0077584958635270596,0.6303560137748718,0.38328903913497925,-0.005566117353737354,0.6018096804618835,0.3813369572162628,-0.01268042903393507,0.6046080589294434,0.3791751265525818,-0.015249853022396564,0.6082897186279297,0.37824440002441406,-0.01728658750653267,0.6129142045974731,0.378533273935318,-0.017801260575652122,0.6178570985794067,0.3772807717323303,-0.016840673983097076,0.6218318343162537,0.37739479541778564,-0.014452431350946426,0.6268574595451355,0.38761287927627563,-0.012044452130794525,0.6303560137748718,0.38328903913497925,-0.005566117353737354,0.6828333139419556,0.2953980267047882,0.0735434964299202,0.5361091494560242,0.3099146783351898,0.06792154163122177,0.6163928508758545,0.43371641635894775,-0.014030607417225838,0.5667643547058105,0.39558184146881104,0.004916709382086992,0.5609009265899658,0.3228696286678314,0.0028108053375035524
ssirt0486.mp4,57,0.5183850526809692,0.6956265568733215,-1.101670932257548e-07,0.4879951477050781,0.6419669389724731,-0.0002088497276417911,0.4768727421760559,0.5824187397956848,-0.008012228645384312,0.46333450078964233,0.5259066820144653,-0.016989586874842644,0.4470820128917694,0.4889179766178131,-0.027194032445549965,0.5220801830291748,0.5247483849525452,-0.015444780699908733,0.5455020666122437,0.46098965406417847,-0.02124076336622238,0.5613667964935303,0.4228050708770752,-0.026270125061273575,0.574212372303009,0.3942772150039673,-0.030875496566295624,0.5474717617034912,0.5317674875259399,-0.018691986799240112,0.5541091561317444,0.5539728403091431,-0.021808931604027748,0.5464679598808289,0.5804106593132019,-0.021373771131038666,0.538801372051239,0.5939893126487732,-0.022852713242173195,0.5681605339050293,0.5641024708747864,-0.020501671358942986,0.5652369260787964,0.5833361148834229,-0.02189522050321102,0.5589639544487,0.6030650734901428,-0.01648225449025631,0.5512281656265259,0.6147735118865967,-0.014789632521569729,0.5847667455673218,0.5980916619300842,-0.022301439195871353,0.5841134786605835,0.6113659739494324,-0.020267702639102936,0.5771608948707581,0.6269956231117249,-0.012632512487471104,0.5700535774230957,0.6373814940452576,-0.007204876746982336,0.6137020587921143,0.41064736247062683,-0.018400447443127632,0.6214156150817871,0.40837371349334717,-0.017738647758960724,0.6275666356086731,0.4024726450443268,-0.015168024227023125,0.6314603686332703,0.3948327302932739,-0.011781160719692707,0.633455216884613,0.3887227177619934,-0.006996366661041975,0.6345829367637634,0.38392096757888794,-0.002744650933891535,0.6061455011367798,0.40983057022094727,-0.0182122103869915,0.5999289751052856,0.4052477478981018,-0.01604662649333477,0.5956506133079529,0.39844509959220886,-0.012984318658709526,0.5934594869613647,0.3929379880428314,-0.008552315644919872,0.6129366159439087,0.36801576614379883,-0.02250223606824875,0.6199250221252441,0.3648489713668823,-0.021203354001045227,0.6264646053314209,0.36890795826911926,-0.017444295808672905,0.6305093169212341,0.3740212619304657,-0.01283145509660244,0.6332136392593384,0.37881091237068176,-0.007709201890975237,0.5960143804550171,0.37737271189689636,-0.014200776815414429,0.6060681939125061,0.366144597530365,-0.021694717928767204,0.599890947341919,0.3713185489177704,-0.018421759828925133,0.5960143804550171,0.37737271189689636,-0.014200776815414429,0.5934378504753113,0.3829212784767151,-0.009407473728060722,0.5921591520309448,0.38840335607528687,-0.0046218219213187695,0.5947160720825195,0.38742709159851074,-0.006465001963078976,0.5979412794113159,0.386737585067749,-0.008438922464847565,0.6005588173866272,0.3865008056163788,-0.01132236234843731,0.6081795692443848,0.3869355320930481,-0.015832044184207916,0.6133021712303162,0.38735800981521606,-0.016398107632994652,0.6186176538467407,0.38593459129333496,-0.01537641417235136,0.6229059100151062,0.3846471607685089,-0.01299963891506195,0.6289169788360596,0.3837291896343231,-0.007074687164276838,0.6320562958717346,0.3835431933403015,-0.004881325643509626,0.6006189584732056,0.38219311833381653,-0.012207587249577045,0.6039331555366516,0.38018330931663513,-0.014863759279251099,0.6081153750419617,0.3793705403804779,-0.01695401407778263,0.6131500601768494,0.3796164393424988,-0.01747966557741165,0.6184026002883911,0.37837880849838257,-0.016500521451234818,0.6227135062217712,0.3783459961414337,-0.014057746157050133,0.6280279159545898,0.38691532611846924,-0.01143724750727415,0.6320562958717346,0.3835431933403015,-0.004881325643509626,0.6831833720207214,0.2946290075778961,0.0734904333949089,0.5359152555465698,0.3095592260360718,0.06775368750095367,0.6166427731513977,0.4322487711906433,-0.013420183211565018,0.5669193267822266,0.3942323327064514,0.005344059318304062,0.5610047578811646,0.3221713602542877,0.0026923154946416616
ssirt0486.mp4,58,0.5148064494132996,0.6993928551673889,-9.718011284576278e-08,0.4849628210067749,0.6448249220848083,-0.0024939600843936205,0.4738154411315918,0.5848498940467834,-0.011461355723440647,0.4599069058895111,0.5287938714027405,-0.021297236904501915,0.442798912525177,0.4915931820869446,-0.03224971145391464,0.5186089277267456,0.5264418721199036,-0.01798003911972046,0.5412530899047852,0.4626964330673218,-0.02561265602707863,0.5575145483016968,0.42310959100723267,-0.03171170875430107,0.5706997513771057,0.3930662274360657,-0.03686881810426712,0.5444959998130798,0.5346076488494873,-0.02073524333536625,0.5497825145721436,0.5565309524536133,-0.026551369577646255,0.5415932536125183,0.5836841464042664,-0.02691122703254223,0.5337451696395874,0.5983877778053284,-0.02841307781636715,0.5654668211936951,0.5670057535171509,-0.02233532816171646,0.5620365142822266,0.587458610534668,-0.02659139782190323,0.5548343062400818,0.607804536819458,-0.021662652492523193,0.5466975569725037,0.620665431022644,-0.019574489444494247,0.5821207165718079,0.600678026676178,-0.024080118164420128,0.580581545829773,0.6147429943084717,-0.024265384301543236,0.5730491876602173,0.6316644549369812,-0.017193587496876717,0.5658621191978455,0.6435961127281189,-0.011754528619349003,0.6144363284111023,0.4096798002719879,-0.017624858766794205,0.6219416856765747,0.40748900175094604,-0.01703525148332119,0.6277992725372314,0.4018046259880066,-0.014637461863458157,0.6313215494155884,0.3944402039051056,-0.01137653086334467,0.6330214142799377,0.3887508511543274,-0.006728467531502247,0.6339342594146729,0.38445159792900085,-0.0025388002395629883,0.6069943904876709,0.4087989926338196,-0.017447587102651596,0.6009398698806763,0.4042894244194031,-0.015403298661112785,0.5968858599662781,0.3976990580558777,-0.012435340322554111,0.594844400882721,0.3926050662994385,-0.00809399038553238,0.6139553785324097,0.3675570487976074,-0.022119848057627678,0.620733916759491,0.36467063426971436,-0.020851120352745056,0.6270490288734436,0.36915889382362366,-0.017123570665717125,0.6307182908058167,0.37467485666275024,-0.012591259554028511,0.632983386516571,0.3795326352119446,-0.0075292023830115795,0.5972321033477783,0.3778154253959656,-0.013800798915326595,0.6072344779968262,0.36585694551467896,-0.021284297108650208,0.6010230183601379,0.37153375148773193,-0.017977066338062286,0.5972321033477783,0.3778154253959656,-0.013800798915326595,0.5948192477226257,0.3833051919937134,-0.009033691138029099,0.5936614274978638,0.3885177969932556,-0.004205645993351936,0.596236526966095,0.387709379196167,-0.006088667083531618,0.5994072556495667,0.3868839144706726,-0.008065059781074524,0.6019408702850342,0.3864896595478058,-0.010916023515164852,0.6092327833175659,0.38652268052101135,-0.015343145467340946,0.6141159534454346,0.38684502243995667,-0.015907960012555122,0.6191051602363586,0.3856361210346222,-0.01494009979069233,0.6230466365814209,0.3846503496170044,-0.012637452222406864,0.6284254193305969,0.38412290811538696,-0.006856412161141634,0.6313605904579163,0.3841342031955719,-0.004677456337958574,0.6020514369010925,0.3833905756473541,-0.011726725846529007,0.605251133441925,0.3816656768321991,-0.014320069923996925,0.6092416644096375,0.38085800409317017,-0.01636817306280136,0.6140434741973877,0.3809667229652405,-0.016895033419132233,0.6189638376235962,0.37996673583984375,-0.01596624217927456,0.6228960156440735,0.3799811899662018,-0.013606913387775421,0.6278630495071411,0.38702672719955444,-0.01109400950372219,0.6313605904579163,0.3841342031955719,-0.004677456337958574,0.6838541030883789,0.29363641142845154,0.07312552630901337,0.5370236039161682,0.3080906867980957,0.06802858412265778,0.6167904138565063,0.43279361724853516,-0.012256123125553131,0.5677207708358765,0.3941904604434967,0.006080137565732002,0.5616615414619446,0.32264289259910583,0.002915748627856374
ssirt0486.mp4,59,0.5151547193527222,0.7015599012374878,-1.0512736992041027e-07,0.4844953119754791,0.6486721038818359,-0.0005175188416615129,0.471969336271286,0.587242603302002,-0.00890704058110714,0.45881354808807373,0.527900218963623,-0.01843351498246193,0.44098779559135437,0.490791916847229,-0.029125070199370384,0.5169550776481628,0.5282347202301025,-0.017306450754404068,0.5409573316574097,0.4624873399734497,-0.02415904961526394,0.5573458671569824,0.42230212688446045,-0.02931365557014942,0.5699992775917053,0.3919234573841095,-0.033783331513404846,0.5433210134506226,0.5339875817298889,-0.020752739161252975,0.5493332147598267,0.5565547943115234,-0.025457341223955154,0.5409703254699707,0.5851362943649292,-0.02432599849998951,0.5329386591911316,0.6017741560935974,-0.024857575073838234,0.5645696520805359,0.5647615194320679,-0.022845420986413956,0.5615485310554504,0.5872408151626587,-0.026317469775676727,0.5546055436134338,0.6085020303726196,-0.020740073174238205,0.5465554594993591,0.6222112774848938,-0.01839187927544117,0.5824362635612488,0.5968843698501587,-0.024850348010659218,0.5804250836372375,0.61407071352005,-0.024166353046894073,0.5729418396949768,0.632411003112793,-0.016542453318834305,0.5657163262367249,0.644260585308075,-0.010863499715924263,0.614459753036499,0.4098760485649109,-0.01804175227880478,0.6220975518226624,0.4075806438922882,-0.017426341772079468,0.628020167350769,0.4018242061138153,-0.01491485070437193,0.6315202116966248,0.3944726884365082,-0.011563120409846306,0.6331416368484497,0.3888092637062073,-0.006813114043325186,0.6339729428291321,0.3845149278640747,-0.002602512715384364,0.6068133115768433,0.4091028869152069,-0.01782083697617054,0.6005249619483948,0.40466082096099854,-0.015634911134839058,0.5962439775466919,0.39809465408325195,-0.012562857009470463,0.5940749049186707,0.39295172691345215,-0.00811567809432745,0.6141390204429626,0.36751213669776917,-0.022261090576648712,0.6210247278213501,0.36456799507141113,-0.02101137675344944,0.6272918581962585,0.36894404888153076,-0.017272766679525375,0.6308940052986145,0.37445393204689026,-0.012679215520620346,0.6330891847610474,0.37943121790885925,-0.007568597327917814,0.5967656373977661,0.37786850333213806,-0.013829639181494713,0.6072403788566589,0.3658534288406372,-0.021425586193799973,0.6007817983627319,0.37153929471969604,-0.018087556585669518,0.5967656373977661,0.37786850333213806,-0.013829639181494713,0.5941387414932251,0.38344940543174744,-0.00900344830006361,0.5928474068641663,0.3887937366962433,-0.0041848598048090935,0.5954719185829163,0.3878800868988037,-0.006055145058780909,0.5987548828125,0.3870730400085449,-0.008051623590290546,0.6014464497566223,0.3866954445838928,-0.010958383791148663,0.609118640422821,0.3867659270763397,-0.015498802997171879,0.6141722798347473,0.3870767056941986,-0.016095886006951332,0.61922687292099,0.38576802611351013,-0.015114602632820606,0.623172402381897,0.3846898674964905,-0.012771973386406898,0.6284982562065125,0.3841257691383362,-0.0069033484905958176,0.6313944458961487,0.3841283321380615,-0.004714929033070803,0.6015349626541138,0.3831120729446411,-0.01180245541036129,0.6049302816390991,0.38125261664390564,-0.014466410502791405,0.6091120839118958,0.38038796186447144,-0.016572045162320137,0.6140881776809692,0.38048458099365234,-0.017132185399532318,0.619070291519165,0.3794124722480774,-0.01619015634059906,0.6230093836784363,0.37944281101226807,-0.01378534734249115,0.6280117034912109,0.3870397210121155,-0.01122408825904131,0.6313944458961487,0.3841283321380615,-0.004714929033070803,0.6836632490158081,0.2943396270275116,0.07293199747800827,0.5372236371040344,0.3087092638015747,0.06806334108114243,0.6168841123580933,0.43245717883110046,-0.012941909022629261,0.5676336288452148,0.3938039541244507,0.005903221666812897,0.5614901781082153,0.32241466641426086,0.002982557751238346
ssirt0486.mp4,60,0.5068743824958801,0.7103343605995178,-7.454043071675187e-08,0.4760514795780182,0.6551244854927063,-0.002429631305858493,0.4627259373664856,0.5925436019897461,-0.011610894463956356,0.44720005989074707,0.5371639132499695,-0.0215145293623209,0.42890673875808716,0.5015445947647095,-0.03225317224860191,0.506582498550415,0.5300903916358948,-0.0188899002969265,0.527924120426178,0.45980826020240784,-0.02773776836693287,0.5440928339958191,0.4165865182876587,-0.03374321758747101,0.5573657751083374,0.3848010003566742,-0.03830137476325035,0.5325229167938232,0.5388250350952148,-0.021678103134036064,0.5448842644691467,0.5484418272972107,-0.027636941522359848,0.5374298095703125,0.5772832036018372,-0.025841383263468742,0.5292059779167175,0.5955410003662109,-0.025588084012269974,0.5539161562919617,0.5686889886856079,-0.023566633462905884,0.5571823716163635,0.5796663761138916,-0.02822614274919033,0.5506531596183777,0.6018677353858948,-0.021630888804793358,0.5422912836074829,0.6184457540512085,-0.01820523478090763,0.5713255405426025,0.5997470617294312,-0.0255590733140707,0.5728954076766968,0.6067684888839722,-0.02572791650891304,0.5655167698860168,0.6276777982711792,-0.017375731840729713,0.5574746131896973,0.6425061821937561,-0.010979977436363697,0.6152190566062927,0.4115571677684784,-0.01870013028383255,0.6227884292602539,0.40902966260910034,-0.01802727021276951,0.6285536289215088,0.4028814733028412,-0.01543228980153799,0.6318448781967163,0.39498770236968994,-0.012036574073135853,0.6333307027816772,0.3888464570045471,-0.007259364705532789,0.6339942216873169,0.38417109847068787,-0.0030039334669709206,0.6076751947402954,0.4107493758201599,-0.018527714535593987,0.6016359925270081,0.40602999925613403,-0.016355792060494423,0.5977349281311035,0.3990086019039154,-0.013278637081384659,0.5958998799324036,0.39348211884498596,-0.008828315883874893,0.6145106554031372,0.3667328655719757,-0.023000512272119522,0.6214098930358887,0.3635947108268738,-0.021667461842298508,0.6277245879173279,0.367850661277771,-0.017851365730166435,0.6312681436538696,0.3735240399837494,-0.013180403038859367,0.6333367228507996,0.3787267804145813,-0.008014624007046223,0.5980005264282227,0.37751221656799316,-0.014553829096257687,0.6076850295066833,0.36515378952026367,-0.02216457948088646,0.6015729308128357,0.37095367908477783,-0.018819361925125122,0.5980005264282227,0.37751221656799316,-0.014553829096257687,0.5958461165428162,0.38335010409355164,-0.009715080261230469,0.5948944687843323,0.38899779319763184,-0.004889060743153095,0.597584068775177,0.3880504071712494,-0.006767993327230215,0.6006869077682495,0.3876953423023224,-0.00874787662178278,0.6030669808387756,0.38764485716819763,-0.011684063822031021,0.6100147366523743,0.38832277059555054,-0.01627066731452942,0.6148410439491272,0.3886791467666626,-0.016839591786265373,0.6197583675384521,0.3871977627277374,-0.01578439213335514,0.6235400438308716,0.38573765754699707,-0.01336764544248581,0.6285430192947388,0.3843192756175995,-0.007345146965235472,0.6313086152076721,0.3837762773036957,-0.005143207497894764,0.603101372718811,0.3826904296875,-0.012555952183902264,0.6060690879821777,0.3806619644165039,-0.015253003686666489,0.6098988652229309,0.3797203600406647,-0.017370790243148804,0.6146233081817627,0.37979263067245483,-0.0179026797413826,0.6194782853126526,0.37860527634620667,-0.016903070732951164,0.6232820749282837,0.37853848934173584,-0.014428460970520973,0.628211259841919,0.3876088559627533,-0.011756290681660175,0.6313086152076721,0.3837762773036957,-0.005143207497894764,0.6842377781867981,0.29447388648986816,0.07380444556474686,0.53765869140625,0.3097546398639679,0.06877375394105911,0.6177206635475159,0.4342251420021057,-0.013514379039406776,0.567895233631134,0.39542150497436523,0.005362992640584707,0.5617786049842834,0.3233031928539276,0.0028867318760603666
ssirt0486.mp4,61,0.4968438148498535,0.7213221788406372,-3.4249826086352186e-08,0.46729832887649536,0.6634501218795776,-0.0005740970373153687,0.4521408677101135,0.6001341342926025,-0.010277125984430313,0.4346470236778259,0.5441452860832214,-0.02083982713520527,0.4163127541542053,0.5084738731384277,-0.03210651874542236,0.49352791905403137,0.5373145341873169,-0.0183580182492733,0.5155372619628906,0.45891985297203064,-0.026719605550169945,0.5297624468803406,0.4129878282546997,-0.031121402978897095,0.5413634181022644,0.37814053893089294,-0.0344376415014267,0.5193580389022827,0.5478735566139221,-0.0221417099237442,0.5454274415969849,0.5235975384712219,-0.026494871824979782,0.5396085381507874,0.5555676221847534,-0.020800592377781868,0.5286248326301575,0.5814501047134399,-0.017452185973525047,0.5423150062561035,0.5745932459831238,-0.025079647079110146,0.5581443905830383,0.5597781538963318,-0.026616312563419342,0.5526487827301025,0.5861427783966064,-0.016273297369480133,0.5424749255180359,0.6097975373268127,-0.010946705937385559,0.5621685981750488,0.6041940450668335,-0.02813437022268772,0.5702696442604065,0.5946146249771118,-0.02641770802438259,0.5631059408187866,0.6204975843429565,-0.016377968713641167,0.5544278025627136,0.6406868696212769,-0.009378488175570965,0.6170221567153931,0.4159877598285675,-0.018047038465738297,0.625130832195282,0.4132400155067444,-0.01734861359000206,0.6311846375465393,0.4066745340824127,-0.014599756337702274,0.6345216035842896,0.3980572819709778,-0.01121011283248663,0.6358917355537415,0.3911616802215576,-0.006592852063477039,0.6363449692726135,0.3859597146511078,-0.0025349832139909267,0.608629584312439,0.4148181080818176,-0.0178521741181612,0.6020164489746094,0.40935248136520386,-0.015542235225439072,0.5977679491043091,0.40155690908432007,-0.012459429912269115,0.59574955701828,0.39535045623779297,-0.008130822330713272,0.61579430103302,0.36677902936935425,-0.02352459542453289,0.6230456829071045,0.3638523519039154,-0.022162798792123795,0.6296728849411011,0.36811816692352295,-0.018215101212263107,0.6333690285682678,0.37393850088119507,-0.013223965652287006,0.6356025338172913,0.37962082028388977,-0.007792700082063675,0.5980310440063477,0.37806257605552673,-0.014553417451679707,0.6084157824516296,0.36544734239578247,-0.022640574723482132,0.6018210649490356,0.37141016125679016,-0.01913967728614807,0.5980310440063477,0.37806257605552673,-0.014553417451679707,0.5956894755363464,0.3842187523841858,-0.009430943988263607,0.5946768522262573,0.390552282333374,-0.004368111956864595,0.597624659538269,0.38950368762016296,-0.006248095538467169,0.6011546850204468,0.38987505435943604,-0.00811232253909111,0.603675365447998,0.39061152935028076,-0.011125924997031689,0.6110591292381287,0.39301756024360657,-0.01594969630241394,0.6164031028747559,0.3935876786708832,-0.016577281057834625,0.6215647459030151,0.39206212759017944,-0.015474725514650345,0.6254050135612488,0.39002031087875366,-0.01296175830066204,0.6302533149719238,0.38679441809654236,-0.006739343050867319,0.6333180069923401,0.38544702529907227,-0.004654963966459036,0.6036421060562134,0.38224685192108154,-0.012613347731530666,0.6067509651184082,0.379452645778656,-0.015588140115141869,0.6108327507972717,0.37792348861694336,-0.01788604073226452,0.6159303784370422,0.3778003752231598,-0.018479499965906143,0.6208873391151428,0.3768904209136963,-0.01744379848241806,0.624781608581543,0.3774257004261017,-0.01479705236852169,0.6302252411842346,0.39091190695762634,-0.011150411330163479,0.6333180069923401,0.38544702529907227,-0.004654963966459036,0.6849766969680786,0.2953164875507355,0.07378271967172623,0.5376458168029785,0.30898043513298035,0.06906686723232269,0.6173930764198303,0.4394838809967041,-0.012397607788443565,0.567237138748169,0.3963950574398041,0.005856397096067667,0.5615041255950928,0.3229638338088989,0.0026689590886235237
ssirt0486.mp4,62,0.49418357014656067,0.7244331240653992,-3.2601008115307195e-08,0.4643600583076477,0.6654881238937378,0.0007418736349791288,0.4480173885822296,0.6010680794715881,-0.008466827683150768,0.4292186498641968,0.5449730753898621,-0.01867372915148735,0.4098232090473175,0.5115479826927185,-0.029506396502256393,0.4881571829319,0.5374317765235901,-0.017379378899931908,0.5106349587440491,0.45527711510658264,-0.024593248963356018,0.5255077481269836,0.40865516662597656,-0.027817778289318085,0.5377218723297119,0.37375861406326294,-0.03038015402853489,0.5154632329940796,0.5487558245658875,-0.021546591073274612,0.5418142080307007,0.5179188251495361,-0.025360647588968277,0.5358169078826904,0.5513506531715393,-0.01888614147901535,0.5246348977088928,0.5786738395690918,-0.01493565272539854,0.539911687374115,0.5762424468994141,-0.024662580341100693,0.556053102016449,0.5565503835678101,-0.024817366153001785,0.5518215894699097,0.58290034532547,-0.013405414298176765,0.5421215295791626,0.6066185235977173,-0.0075442916713654995,0.5607876777648926,0.606105387210846,-0.027770575135946274,0.5707166194915771,0.5874960422515869,-0.024517647922039032,0.5654096603393555,0.6118710041046143,-0.013359615579247475,0.5570923686027527,0.6316832304000854,-0.005782457999885082,0.6168295741081238,0.41674739122390747,-0.01768096536397934,0.6249884963035583,0.41408616304397583,-0.017016083002090454,0.6312105059623718,0.40758016705513,-0.014317069202661514,0.6347948312759399,0.3987152576446533,-0.011010709218680859,0.6363613605499268,0.3912624418735504,-0.006540084257721901,0.6369410753250122,0.3854030966758728,-0.0026020777877420187,0.6084880828857422,0.4155931770801544,-0.01748298853635788,0.6019021272659302,0.41026127338409424,-0.015168074518442154,0.5976333022117615,0.4025702476501465,-0.012141439132392406,0.5955724716186523,0.39630088210105896,-0.007937636226415634,0.6150565147399902,0.3669702410697937,-0.023644844070076942,0.6224281787872314,0.36415305733680725,-0.022302741184830666,0.6293387413024902,0.3681201934814453,-0.018391476944088936,0.6333553791046143,0.37365391850471497,-0.013356272131204605,0.6358890533447266,0.37917330861091614,-0.007886153645813465,0.5974964499473572,0.37841206789016724,-0.014552303589880466,0.6076363921165466,0.366020143032074,-0.022732660174369812,0.6011648774147034,0.37178701162338257,-0.019217954948544502,0.5974964499473572,0.37841206789016724,-0.014552303589880466,0.5953046083450317,0.3846960663795471,-0.009389340877532959,0.5944434404373169,0.3912048041820526,-0.00426084641367197,0.59731125831604,0.39017292857170105,-0.006128941662609577,0.6007558703422546,0.39089271426200867,-0.007898938842117786,0.6032304167747498,0.39174580574035645,-0.010844116099178791,0.6105889678001404,0.3939281105995178,-0.01563802734017372,0.6160119771957397,0.39433926343917847,-0.016287514939904213,0.6213663816452026,0.39280128479003906,-0.0151999332010746,0.625469446182251,0.39074820280075073,-0.012734757736325264,0.6308273077011108,0.3870747685432434,-0.006655847188085318,0.6339834928512573,0.3850906789302826,-0.004689125344157219,0.6031350493431091,0.3827363848686218,-0.012699698098003864,0.6061928272247314,0.3798453211784363,-0.01575002446770668,0.6102978587150574,0.3781203627586365,-0.018090099096298218,0.6155038475990295,0.377836674451828,-0.018712200224399567,0.62068772315979,0.3768649697303772,-0.01768740825355053,0.6248559951782227,0.37738117575645447,-0.015028716996312141,0.6305370926856995,0.3914845287799835,-0.010946761816740036,0.6339834928512573,0.3850906789302826,-0.004689125344157219,0.6849652528762817,0.29561060667037964,0.0730963870882988,0.5380498170852661,0.308814138174057,0.06883090734481812,0.6176798939704895,0.44078367948532104,-0.012049535289406776,0.567897379398346,0.396328330039978,0.005880054552108049,0.5619066953659058,0.3228823244571686,0.002630451926961541
ssirt0486.mp4,63,0.48535481095314026,0.7417659163475037,1.0117958915145664e-08,0.45474499464035034,0.6814464330673218,-0.0025275596417486668,0.4371345043182373,0.6147704720497131,-0.013437522575259209,0.4196022152900696,0.5587698817253113,-0.025130996480584145,0.39959365129470825,0.5225284099578857,-0.03704207018017769,0.4796522855758667,0.5476316809654236,-0.018992118537425995,0.49918660521507263,0.46186405420303345,-0.029194330796599388,0.513496458530426,0.41213229298591614,-0.03456722944974899,0.5248180031776428,0.3754003047943115,-0.03803376108407974,0.5063246488571167,0.5622292757034302,-0.023302791640162468,0.535778820514679,0.498847633600235,-0.03329743817448616,0.5368204116821289,0.5268756747245789,-0.03098832070827484,0.5298657417297363,0.5573184490203857,-0.027833834290504456,0.5305002927780151,0.5899978280067444,-0.026854485273361206,0.557387113571167,0.5242893099784851,-0.033531539142131805,0.5585957765579224,0.5413837432861328,-0.024696560576558113,0.5503259897232056,0.5659369826316833,-0.017784083262085915,0.5508805513381958,0.6231327056884766,-0.030263325199484825,0.5706319212913513,0.5597327947616577,-0.03225870802998543,0.5684871673583984,0.5589183568954468,-0.023035580292344093,0.5589984655380249,0.5654637217521667,-0.015358226373791695,0.6175220608711243,0.42246013879776,-0.017424963414669037,0.6260530352592468,0.4196387827396393,-0.016696223989129066,0.6325684785842896,0.4125162661075592,-0.013844442553818226,0.6364946365356445,0.4029988646507263,-0.010451306588947773,0.6383002400398254,0.3948577344417572,-0.005924013443291187,0.6390522122383118,0.3881232440471649,-0.0020029714796692133,0.608609676361084,0.42113959789276123,-0.01724621281027794,0.6014194488525391,0.4151688814163208,-0.014881904236972332,0.5963889956474304,0.40652191638946533,-0.011822924949228764,0.5937232971191406,0.3991274833679199,-0.007608470506966114,0.6163396835327148,0.36789679527282715,-0.02376425825059414,0.6239222288131714,0.36467134952545166,-0.02236778289079666,0.6309175491333008,0.36937353014945984,-0.01832694746553898,0.6350381970405579,0.3752761483192444,-0.013095982372760773,0.6377536058425903,0.3812531530857086,-0.007443396840244532,0.5968455672264099,0.37929633259773254,-0.014544107019901276,0.6084946990013123,0.3661443293094635,-0.022887159138917923,0.6012836694717407,0.37246808409690857,-0.019333073869347572,0.5968455672264099,0.37929633259773254,-0.014544107019901276,0.5937929153442383,0.38585683703422546,-0.009236318059265614,0.5921843647956848,0.39287686347961426,-0.003989333752542734,0.595011293888092,0.3919137716293335,-0.005841284058988094,0.5988715291023254,0.3937463164329529,-0.0075911423191428185,0.6018467545509338,0.395375519990921,-0.01058014202862978,0.6107555627822876,0.39921897649765015,-0.015451679937541485,0.6169472932815552,0.399991512298584,-0.016087573021650314,0.6228206157684326,0.3982199728488922,-0.014938108623027802,0.6272586584091187,0.3955152928829193,-0.012376062572002411,0.6328778862953186,0.39051294326782227,-0.0060868398286402225,0.6361820697784424,0.3876626789569855,-0.0041086794808506966,0.6018528342247009,0.38319262862205505,-0.012648118659853935,0.6056944131851196,0.37992894649505615,-0.015802467241883278,0.6105555295944214,0.3781735301017761,-0.018194099888205528,0.6164096593856812,0.37804001569747925,-0.018801499158143997,0.621990442276001,0.377168208360672,-0.01771131530404091,0.6265149712562561,0.3779071569442749,-0.014934559352695942,0.6324383616447449,0.395534485578537,-0.010472077876329422,0.6361820697784424,0.3876626789569855,-0.0041086794808506966,0.6852817535400391,0.29775163531303406,0.07389350235462189,0.5379087924957275,0.30970048904418945,0.06882812082767487,0.6180682182312012,0.4432639479637146,-0.011653268709778786,0.5675064921379089,0.39768338203430176,0.00607922300696373,0.5619297027587891,0.32324934005737305,0.002398825716227293
ssirt0486.mp4,64,0.48465821146965027,0.7462053298950195,-3.3938893917451196e-09,0.4538315236568451,0.6833248734474182,0.0018820296972990036,0.43590036034584045,0.6150885820388794,-0.007601313758641481,0.4172408878803253,0.5583518743515015,-0.0181368887424469,0.3970223665237427,0.5223245620727539,-0.029167329892516136,0.4784255623817444,0.5475329756736755,-0.017108550295233727,0.5004550814628601,0.45979100465774536,-0.025087879970669746,0.5149353742599487,0.40934044122695923,-0.0284572821110487,0.526183545589447,0.37337762117385864,-0.030469750985503197,0.5049048066139221,0.5616231560707092,-0.021952401846647263,0.536279022693634,0.5006271600723267,-0.02680577151477337,0.537326991558075,0.5281038284301758,-0.021151557564735413,0.5306779146194458,0.5569378137588501,-0.016719069331884384,0.5294464826583862,0.5896899700164795,-0.02554425597190857,0.556498646736145,0.5267856121063232,-0.028148846700787544,0.5603896975517273,0.5402884483337402,-0.017759541049599648,0.5539705753326416,0.5611147880554199,-0.01092344056814909,0.5503776669502258,0.623038113117218,-0.028442395851016045,0.5689751505851746,0.5595954656600952,-0.027509406208992004,0.5709528923034668,0.5542045831680298,-0.01681196503341198,0.565126895904541,0.5549820065498352,-0.008670718409121037,0.6179094314575195,0.42269033193588257,-0.017486410215497017,0.6263909935951233,0.4199714660644531,-0.01683626137673855,0.6329508423805237,0.4130856692790985,-0.014145930297672749,0.6369529962539673,0.40367788076400757,-0.010874370113015175,0.6388188600540161,0.3955146372318268,-0.006483257748186588,0.6395758390426636,0.38861456513404846,-0.0026060910895466805,0.608969509601593,0.42145034670829773,-0.017295807600021362,0.6016874313354492,0.4156302213668823,-0.015014821663498878,0.5965187549591064,0.40723350644111633,-0.012045329436659813,0.5937231779098511,0.40005797147750854,-0.007934465073049068,0.6160523295402527,0.366909921169281,-0.023999638855457306,0.6236616373062134,0.36366671323776245,-0.02263360098004341,0.6309124827384949,0.3684450089931488,-0.018682729452848434,0.6352531313896179,0.3747076392173767,-0.01355747040361166,0.6381593346595764,0.38116756081581116,-0.00800099316984415,0.5964844226837158,0.37945038080215454,-0.014777188189327717,0.6081141829490662,0.36551153659820557,-0.023062925785779953,0.6008663773536682,0.3721616268157959,-0.019513405859470367,0.5964844226837158,0.37945038080215454,-0.014777188189327717,0.593522310256958,0.3864608407020569,-0.009548179805278778,0.5920363068580627,0.3939431607723236,-0.0043289330787956715,0.594868004322052,0.39283087849617004,-0.006197105627506971,0.5988587141036987,0.3942858576774597,-0.007901385426521301,0.601867139339447,0.395658403635025,-0.010813245549798012,0.6108005046844482,0.399015873670578,-0.015602800995111465,0.6170459985733032,0.39960452914237976,-0.01626483164727688,0.6229090690612793,0.3979054391384125,-0.015180321410298347,0.6274144053459167,0.39537298679351807,-0.0127053651958704,0.6332502365112305,0.39075416326522827,-0.006610518787056208,0.6366746425628662,0.38809850811958313,-0.004700006917119026,0.6017346978187561,0.3833223283290863,-0.012946171686053276,0.6055293083190918,0.3796813189983368,-0.016068318858742714,0.6104218363761902,0.3776160478591919,-0.018444068729877472,0.6163820624351501,0.3772783875465393,-0.019073914736509323,0.6220104098320007,0.3763587176799774,-0.018043994903564453,0.626631498336792,0.37721872329711914,-0.015344804152846336,0.6327347755432129,0.39571094512939453,-0.010876014828681946,0.6366746425628662,0.38809850811958313,-0.004700006917119026,0.6856191754341125,0.2974771559238434,0.07367559522390366,0.5379737615585327,0.30982068181037903,0.0691605806350708,0.6178454756736755,0.44381511211395264,-0.0116532938554883,0.5676385164260864,0.398067444562912,0.005947787780314684,0.5617234706878662,0.32387620210647583,0.0025684230495244265
ssirt0486.mp4,65,0.4761185944080353,0.7571502327919006,2.425630043489946e-07,0.44861799478530884,0.6919516921043396,-0.0035890769213438034,0.43030866980552673,0.6238465309143066,-0.013014763593673706,0.4113675653934479,0.5683320760726929,-0.022119883447885513,0.39101046323776245,0.5312291383743286,-0.031505782157182693,0.47487300634384155,0.5591144561767578,-0.018024779856204987,0.49557220935821533,0.46788933873176575,-0.026290230453014374,0.5097728967666626,0.4178410768508911,-0.03005456179380417,0.5217993259429932,0.38222217559814453,-0.03179161250591278,0.5004400014877319,0.5762624740600586,-0.021416814997792244,0.5287072062492371,0.49437859654426575,-0.02603846974670887,0.545234739780426,0.46505481004714966,-0.024727515876293182,0.5563400387763977,0.45099180936813354,-0.023670179769396782,0.5238357782363892,0.6050647497177124,-0.024614017456769943,0.5490358471870422,0.5263716578483582,-0.02813379466533661,0.5636818408966064,0.4874563217163086,-0.025435620918869972,0.5715709924697876,0.46322116255760193,-0.02377333864569664,0.5444623827934265,0.637804388999939,-0.027736740186810493,0.5624580383300781,0.5704137086868286,-0.029524795711040497,0.572746753692627,0.5361766815185547,-0.025132954120635986,0.5782473683357239,0.5088422894477844,-0.02135258913040161,0.6171913146972656,0.42389070987701416,-0.016621220856904984,0.6260470151901245,0.42135077714920044,-0.015885770320892334,0.6330974102020264,0.4146499037742615,-0.01301496010273695,0.6377387642860413,0.40502041578292847,-0.00963789876550436,0.6401675939559937,0.3961748778820038,-0.005160752218216658,0.6413661241531372,0.38815605640411377,-0.001344914548099041,0.6081495881080627,0.4225448966026306,-0.01643459126353264,0.6008098125457764,0.4167676866054535,-0.01404501497745514,0.5955395698547363,0.4082809090614319,-0.011001517064869404,0.592475175857544,0.4007636308670044,-0.006844972725957632,0.6152821779251099,0.3671693503856659,-0.023509928956627846,0.6233900785446167,0.36417075991630554,-0.02213769033551216,0.6312230229377747,0.3690522611141205,-0.018053097650408745,0.6360557079315186,0.3749134838581085,-0.012686447240412235,0.6394268274307251,0.38095247745513916,-0.006909437011927366,0.595208466053009,0.37958186864852905,-0.014135085977613926,0.6070916056632996,0.36605727672576904,-0.02265472523868084,0.5997157692909241,0.3726198673248291,-0.019059045240283012,0.595208466053009,0.37958186864852905,-0.014135085977613926,0.5921313762664795,0.38630127906799316,-0.008709834888577461,0.590570330619812,0.3938620090484619,-0.0033417611848562956,0.5933712124824524,0.39288145303726196,-0.005182243417948484,0.597524881362915,0.39585742354393005,-0.006873536854982376,0.600630521774292,0.39800190925598145,-0.00984919723123312,0.6099423170089722,0.40185612440109253,-0.01474302913993597,0.61650550365448,0.40242958068847656,-0.015385892242193222,0.6229344010353088,0.4008309245109558,-0.014228496700525284,0.6280080676078796,0.3982355296611786,-0.011661906726658344,0.6347748041152954,0.39227062463760376,-0.005369939375668764,0.6385029554367065,0.3878663182258606,-0.003447961062192917,0.6001781821250916,0.3828999996185303,-0.012223628349602222,0.6041606664657593,0.37927183508872986,-0.015471027232706547,0.6093270778656006,0.3770897090435028,-0.017911622300744057,0.6156691908836365,0.37657177448272705,-0.01853073388338089,0.6219620704650879,0.3757675588130951,-0.01742541417479515,0.6272121667861938,0.3767379820346832,-0.01460263878107071,0.6337651014328003,0.39769604802131653,-0.009705097414553165,0.6385029554367065,0.3878663182258606,-0.003447961062192917,0.6858593225479126,0.2967894971370697,0.073558010160923,0.5380053520202637,0.3085293173789978,0.06849510222673416,0.6185760498046875,0.44614630937576294,-0.010599015280604362,0.5680705904960632,0.3978646397590637,0.006616193801164627,0.5618876218795776,0.32381248474121094,0.00220288522541523
ssirt0486.mp4,66,0.47165626287460327,0.7724413275718689,2.8887620828754734e-07,0.44421708583831787,0.7059596180915833,-0.004269693978130817,0.42644962668418884,0.6339688897132874,-0.014210369437932968,0.4075470566749573,0.5758050680160522,-0.02386026456952095,0.387126088142395,0.5381750464439392,-0.03394222632050514,0.47157952189445496,0.5721777677536011,-0.020331894978880882,0.49428460001945496,0.4784819781780243,-0.03010624460875988,0.5101507902145386,0.42796409130096436,-0.034983620047569275,0.5233699679374695,0.39138132333755493,-0.03732775151729584,0.4977623224258423,0.5892636179924011,-0.02474602684378624,0.525749146938324,0.4967558979988098,-0.030533036217093468,0.5436588525772095,0.45088261365890503,-0.03101864643394947,0.5572857856750488,0.4218364953994751,-0.03144131600856781,0.5213839411735535,0.6169505715370178,-0.028976108878850937,0.5444455742835999,0.5303494930267334,-0.032423604279756546,0.5586472749710083,0.4823554754257202,-0.03146856650710106,0.5676014423370361,0.449741005897522,-0.03147979825735092,0.5423665642738342,0.6491356492042542,-0.03341718390583992,0.5596497654914856,0.5759549140930176,-0.03576352447271347,0.5703173279762268,0.5359468460083008,-0.03298773989081383,0.577449381351471,0.503661036491394,-0.030554568395018578,0.617190420627594,0.42500007152557373,-0.01619926281273365,0.6262450814247131,0.4219968914985657,-0.015480071306228638,0.6333456039428711,0.41461417078971863,-0.01258931402117014,0.6379316449165344,0.4043400287628174,-0.009226839058101177,0.640267014503479,0.39500659704208374,-0.004820066038519144,0.6413831114768982,0.3867175877094269,-0.0011048044543713331,0.6079180836677551,0.4237678349018097,-0.015970421954989433,0.6003682017326355,0.4178573787212372,-0.013523796573281288,0.594933271408081,0.40904659032821655,-0.010494319722056389,0.5918232798576355,0.4011850953102112,-0.006403317674994469,0.6155423521995544,0.3663454055786133,-0.023442821577191353,0.6237268447875977,0.36332282423973083,-0.02209121733903885,0.6315470933914185,0.3678378462791443,-0.018006157130002975,0.636310875415802,0.3735348880290985,-0.012565444223582745,0.6395793557167053,0.37956228852272034,-0.00672577042132616,0.5948911905288696,0.37924107909202576,-0.013925578445196152,0.6072287559509277,0.3654826581478119,-0.022572385147213936,0.5995879769325256,0.3720932602882385,-0.018951477482914925,0.5948911905288696,0.37924107909202576,-0.013925578445196152,0.5916122198104858,0.38623180985450745,-0.008431615307927132,0.5899786949157715,0.39399704337120056,-0.0029988018795847893,0.5928611159324646,0.39307525753974915,-0.004810410551726818,0.5970497131347656,0.396312952041626,-0.006436419673264027,0.6002542972564697,0.3987944722175598,-0.009405218064785004,0.6098518371582031,0.4029644727706909,-0.014351768419146538,0.616549551486969,0.4033430218696594,-0.015029555186629295,0.6230760216712952,0.4014343023300171,-0.013885067775845528,0.628142237663269,0.39833980798721313,-0.011317307129502296,0.6347946524620056,0.391385018825531,-0.005030268337577581,0.638472855091095,0.3866589665412903,-0.0031791874207556248,0.600053071975708,0.38322579860687256,-0.012067846953868866,0.6041926145553589,0.3796232342720032,-0.015414386987686157,0.6094661951065063,0.377307265996933,-0.017917826771736145,0.6158518195152283,0.3766075670719147,-0.01856890507042408,0.6221123337745667,0.3757108151912689,-0.01747138984501362,0.6273056864738464,0.37652045488357544,-0.014610842801630497,0.633882462978363,0.39723825454711914,-0.009344453923404217,0.638472855091095,0.3866589665412903,-0.0031791874207556248,0.6863024234771729,0.2946462333202362,0.07334987074136734,0.5381595492362976,0.3066231906414032,0.0684313178062439,0.6191253066062927,0.4452676773071289,-0.010071530938148499,0.5686893463134766,0.39594995975494385,0.006813946645706892,0.5619937777519226,0.32271870970726013,0.002069759415462613
ssirt0486.mp4,67,0.47322553396224976,0.7739678025245667,2.805309975428827e-07,0.44412416219711304,0.7069849967956543,-0.0036848289892077446,0.4255172312259674,0.6357195377349854,-0.013685067184269428,0.40792736411094666,0.5772041082382202,-0.02333264984190464,0.38859832286834717,0.5388991236686707,-0.03339717164635658,0.47109705209732056,0.575810432434082,-0.021719902753829956,0.49469825625419617,0.48151612281799316,-0.03128578141331673,0.5109272003173828,0.43152427673339844,-0.03580668941140175,0.5239248871803284,0.39557039737701416,-0.037813905626535416,0.49766579270362854,0.5922099947929382,-0.026090597733855247,0.5256271362304688,0.49726709723472595,-0.031210530549287796,0.5427026748657227,0.45010364055633545,-0.031061051413416862,0.5554199814796448,0.42031633853912354,-0.031261660158634186,0.5215988159179688,0.6192434430122375,-0.030019203200936317,0.5446272492408752,0.5279775857925415,-0.03291119262576103,0.5582806468009949,0.47843217849731445,-0.031545814126729965,0.5665462613105774,0.44589686393737793,-0.03145068883895874,0.5428766012191772,0.6508932709693909,-0.034063875675201416,0.5602619647979736,0.575671374797821,-0.03608987480401993,0.5707472562789917,0.5348557233810425,-0.033118780702352524,0.577343225479126,0.502921462059021,-0.030568715184926987,0.6168486475944519,0.4244574010372162,-0.01607733964920044,0.6260194778442383,0.4218912124633789,-0.015366469509899616,0.6333096623420715,0.41511648893356323,-0.012473039329051971,0.638151228427887,0.4053787589073181,-0.009104417636990547,0.6407166719436646,0.39634615182876587,-0.004693555645644665,0.6420053243637085,0.3881378769874573,-0.0009765350259840488,0.6075686812400818,0.4231361150741577,-0.015840662643313408,0.6000264286994934,0.4173477590084076,-0.013367020525038242,0.5946105122566223,0.4086666703224182,-0.010315819643437862,0.5914848446846008,0.4008186459541321,-0.0062044644728302956,0.6152660250663757,0.3664020001888275,-0.023433810099959373,0.623592734336853,0.36361390352249146,-0.02208719402551651,0.6316106915473938,0.3687001168727875,-0.017976129427552223,0.6365484595298767,0.3746623992919922,-0.01250331662595272,0.6400097012519836,0.3808234930038452,-0.006633122451603413,0.5945734977722168,0.37898457050323486,-0.013811616227030754,0.6068990230560303,0.3653492033481598,-0.022553879767656326,0.5992697477340698,0.37194424867630005,-0.018885424360632896,0.5945734977722168,0.37898457050323486,-0.013811616227030754,0.5912911891937256,0.3858259618282318,-0.00826561264693737,0.5896198153495789,0.39358487725257874,-0.002788931829854846,0.5925047397613525,0.3926435112953186,-0.00461980327963829,0.5967811346054077,0.39595043659210205,-0.00627253670245409,0.5999811291694641,0.3983847498893738,-0.009273259900510311,0.6095591187477112,0.40246298909187317,-0.014264700934290886,0.6162605285644531,0.4029899537563324,-0.014953403733670712,0.6228955984115601,0.4014012813568115,-0.013812404125928879,0.6281137466430664,0.39876577258110046,-0.011239852756261826,0.635137140750885,0.39249658584594727,-0.004927386064082384,0.6390716433525085,0.38789433240890503,-0.0030593452975153923,0.5996830463409424,0.38255730271339417,-0.011913329362869263,0.6038349866867065,0.3789726495742798,-0.015282271429896355,0.6091464161872864,0.37677738070487976,-0.017805024981498718,0.6156083345413208,0.3762669861316681,-0.018469886854290962,0.6220636367797852,0.3755713999271393,-0.0173735860735178,0.627433180809021,0.37666746973991394,-0.014508018270134926,0.6340687870979309,0.39813247323036194,-0.009244286455214024,0.6390716433525085,0.38789433240890503,-0.0030593452975153923,0.6861085891723633,0.2944592833518982,0.0733456015586853,0.5383942723274231,0.3062112629413605,0.0685579925775528,0.6191220283508301,0.4456397294998169,-0.009857166558504105,0.5688468217849731,0.3957507610321045,0.007082965690642595,0.5620782375335693,0.3226246237754822,0.002143005607649684
ssirt0486.mp4,68,0.47291088104248047,0.7746256589889526,2.886820311687188e-07,0.4439312815666199,0.7070097327232361,-0.003766254987567663,0.4257955253124237,0.6359182000160217,-0.01365610770881176,0.40835002064704895,0.577999472618103,-0.02317911945283413,0.389193594455719,0.539890468120575,-0.03315749764442444,0.4708760380744934,0.5765059590339661,-0.021581659093499184,0.49431389570236206,0.48208343982696533,-0.03109566867351532,0.510431706905365,0.4314655661582947,-0.03568175807595253,0.523317277431488,0.39522066712379456,-0.03775791823863983,0.49732890725135803,0.5927955508232117,-0.025954095646739006,0.525681734085083,0.49804049730300903,-0.031041691079735756,0.5429071187973022,0.4510706663131714,-0.031037146225571632,0.5555143356323242,0.4218595027923584,-0.03135068342089653,0.521193265914917,0.6197049021720886,-0.029896436259150505,0.5448532104492188,0.5281490087509155,-0.03278055042028427,0.5586161613464355,0.47885894775390625,-0.03159759193658829,0.5668438673019409,0.44665226340293884,-0.031645312905311584,0.5423085689544678,0.6513490080833435,-0.03394779935479164,0.5601345896720886,0.5761255621910095,-0.03609678894281387,0.5706725120544434,0.5348764657974243,-0.03333481028676033,0.5771721005439758,0.5025458335876465,-0.03093218058347702,0.616849422454834,0.42446932196617126,-0.016032345592975616,0.6260027289390564,0.4218687415122986,-0.015328928828239441,0.6332650780677795,0.4150557816028595,-0.012452374212443829,0.6380892395973206,0.40529417991638184,-0.00910179689526558,0.6406518220901489,0.39625588059425354,-0.004716613329946995,0.6419517397880554,0.38802966475486755,-0.0010074424790218472,0.6075698137283325,0.42316246032714844,-0.01580423302948475,0.600014328956604,0.41736698150634766,-0.013348657637834549,0.5945744514465332,0.4086431860923767,-0.010316004045307636,0.5914180874824524,0.4007313549518585,-0.006229888182133436,0.6153501272201538,0.3662796914577484,-0.023472860455513,0.6236478090286255,0.36353743076324463,-0.022121688351035118,0.6316182613372803,0.3686354160308838,-0.01801060140132904,0.6365246772766113,0.37458398938179016,-0.012540740892291069,0.639962911605835,0.3807312846183777,-0.006673309952020645,0.5945947766304016,0.37892088294029236,-0.01385042816400528,0.6069956421852112,0.3652767837047577,-0.022589214146137238,0.5993369221687317,0.37190908193588257,-0.01892051473259926,0.5945947766304016,0.37892088294029236,-0.01385042816400528,0.5912566184997559,0.3857094943523407,-0.00830787606537342,0.5895314812660217,0.3934183716773987,-0.002821549540385604,0.5924086570739746,0.3925102949142456,-0.004655739758163691,0.5967040061950684,0.3959301710128784,-0.006298701744526625,0.5999306440353394,0.3984300494194031,-0.009288379922509193,0.6095700263977051,0.4025366008281708,-0.014263598248362541,0.6162844896316528,0.4030432105064392,-0.014948989264667034,0.6229120492935181,0.4014451205730438,-0.01380955334752798,0.6281140446662903,0.39879894256591797,-0.011244050227105618,0.6351032257080078,0.39246344566345215,-0.00495111895725131,0.6390303373336792,0.38780277967453003,-0.0030923110898584127,0.5996487140655518,0.38249287009239197,-0.0119490260258317,0.603844940662384,0.37892672419548035,-0.015315049327909946,0.6091817617416382,0.3767140805721283,-0.017833463847637177,0.6156536340713501,0.37618231773376465,-0.018496667966246605,0.622092604637146,0.37550753355026245,-0.017401304095983505,0.6274396181106567,0.3766201436519623,-0.014539247378706932,0.6340415477752686,0.39811548590660095,-0.009249502792954445,0.6390303373336792,0.38780277967453003,-0.0030923110898584127,0.6861355304718018,0.29430919885635376,0.07339901477098465,0.5384918451309204,0.30608901381492615,0.06864641606807709,0.6191321015357971,0.44566211104393005,-0.009776460938155651,0.5689372420310974,0.3957284092903137,0.007096434477716684,0.562158465385437,0.32263344526290894,0.002145015401765704
ssirt0486.mp4,69,0.47201260924339294,0.7801769971847534,2.7135104119224707e-07,0.44540858268737793,0.7108199000358582,-0.0038593143690377474,0.4316062331199646,0.6358683705329895,-0.012895713560283184,0.42080819606781006,0.5716359615325928,-0.021328503265976906,0.40626075863838196,0.5268169641494751,-0.03022889234125614,0.47101902961730957,0.5863463878631592,-0.02394312620162964,0.4975968897342682,0.4901359975337982,-0.03520679101347923,0.5145782232284546,0.4400639533996582,-0.03996465355157852,0.5279737114906311,0.4039117097854614,-0.041529785841703415,0.49713194370269775,0.6038680076599121,-0.028119957074522972,0.5251234173774719,0.5020341277122498,-0.035330675542354584,0.5418493151664734,0.44806620478630066,-0.03607524186372757,0.5542684197425842,0.4122368395328522,-0.03628261387348175,0.520962119102478,0.6307345032691956,-0.03169252350926399,0.5438841581344604,0.5339400768280029,-0.03679479658603668,0.5577934980392456,0.47935086488723755,-0.036227308213710785,0.5669541358947754,0.44305887818336487,-0.035837020725011826,0.5426461696624756,0.6625751852989197,-0.035240352153778076,0.5596674084663391,0.5834423303604126,-0.038995902985334396,0.5695182681083679,0.5391775965690613,-0.036896802484989166,0.5760728120803833,0.5044765472412109,-0.03441626951098442,0.6167150735855103,0.425468385219574,-0.017279667779803276,0.6258679032325745,0.42254433035850525,-0.016604570671916008,0.6330795884132385,0.41522347927093506,-0.013732104562222958,0.637776255607605,0.4048836827278137,-0.010373002849519253,0.640211284160614,0.39526063203811646,-0.005948260426521301,0.641389012336731,0.3864404559135437,-0.00214935839176178,0.6071973443031311,0.42434269189834595,-0.01699943281710148,0.5993480682373047,0.4185098111629486,-0.014449082314968109,0.5935790538787842,0.40962398052215576,-0.011336277239024639,0.5902127623558044,0.40148958563804626,-0.007141697220504284,0.61525559425354,0.36581742763519287,-0.024092571809887886,0.6234670281410217,0.362771600484848,-0.022778062149882317,0.6312476992607117,0.36759477853775024,-0.01877695694565773,0.636076033115387,0.37340790033340454,-0.013420231640338898,0.6394718885421753,0.3793993592262268,-0.007671557366847992,0.5937582850456238,0.3790653645992279,-0.014431891031563282,0.6067806482315063,0.36478108167648315,-0.023143207654356956,0.598831057548523,0.3717220723628998,-0.01946912333369255,0.5937582850456238,0.3790653645992279,-0.014431891031563282,0.5901135802268982,0.38611558079719543,-0.008956353180110455,0.5881749391555786,0.3938462734222412,-0.003583498764783144,0.5910431146621704,0.39298295974731445,-0.0054420302622020245,0.5954224467277527,0.396535724401474,-0.007119342684745789,0.5988706350326538,0.39908429980278015,-0.010118759237229824,0.609118640422821,0.4032241106033325,-0.015143804252147675,0.6161543726921082,0.4036853313446045,-0.015872973948717117,0.6228370070457458,0.4017311930656433,-0.014771153219044209,0.6279841065406799,0.3985860347747803,-0.012247912585735321,0.6347805857658386,0.39144471287727356,-0.006054874509572983,0.6385637521743774,0.3863849341869354,-0.00420381547883153,0.5987110733985901,0.3826310634613037,-0.012654529884457588,0.6031827926635742,0.378658652305603,-0.016006993129849434,0.6087368726730347,0.3760988712310791,-0.018549581989645958,0.6153991222381592,0.37542834877967834,-0.019263027235865593,0.6217753291130066,0.3745327591896057,-0.018210140988230705,0.627036988735199,0.375558078289032,-0.015398765914142132,0.6338077783584595,0.39740189909935,-0.010362913832068443,0.6385637521743774,0.3863849341869354,-0.00420381547883153,0.6859105825424194,0.29493948817253113,0.07327976822853088,0.5382049679756165,0.30657637119293213,0.06938821822404861,0.6181259751319885,0.44439786672592163,-0.011485191993415356,0.5682989358901978,0.3948189914226532,0.0063819983042776585,0.5616278648376465,0.3217971622943878,0.002493632724508643
ssirt0486.mp4,70,0.47258731722831726,0.7807354927062988,1.4794099456594267e-07,0.44927307963371277,0.707129180431366,0.006302886176854372,0.4514847695827484,0.6305757761001587,0.006648566108196974,0.46261319518089294,0.5695609450340271,0.0065232510678470135,0.4610539674758911,0.5256741642951965,0.00594800990074873,0.47192633152008057,0.589635968208313,-0.014049685560166836,0.4965251684188843,0.4950792193412781,-0.023203913122415543,0.5137370824813843,0.4450218081474304,-0.02560153603553772,0.5274984240531921,0.4099987745285034,-0.025323033332824707,0.4962466061115265,0.6066824793815613,-0.020930597558617592,0.5218738317489624,0.5029876232147217,-0.02773510292172432,0.5380656719207764,0.44727253913879395,-0.02749420329928398,0.5502398610115051,0.40819284319877625,-0.026440465822815895,0.5194626450538635,0.6311565637588501,-0.02644290402531624,0.5414066314697266,0.5304189920425415,-0.03164133056998253,0.5546390414237976,0.47570228576660156,-0.03091569058597088,0.5642144083976746,0.4366820752620697,-0.029814686626195908,0.54033362865448,0.6603752970695496,-0.0311396736651659,0.5563894510269165,0.5814967751502991,-0.0358138233423233,0.5650044083595276,0.5351596474647522,-0.03535186126828194,0.5716840028762817,0.49779197573661804,-0.033772267401218414,0.616585373878479,0.4250222146511078,-0.017658598721027374,0.625671923160553,0.4219299256801605,-0.01695634424686432,0.6328225135803223,0.4145204722881317,-0.013913319446146488,0.637456476688385,0.40425699949264526,-0.010416585020720959,0.6398995518684387,0.39470040798187256,-0.0058430880308151245,0.6411718726158142,0.38569265604019165,-0.0020233667455613613,0.607025682926178,0.42416590452194214,-0.017295848578214645,0.5990615487098694,0.4187115728855133,-0.014526521787047386,0.5931121706962585,0.4101649820804596,-0.01124791894108057,0.5895613431930542,0.4021294414997101,-0.0068777017295360565,0.6152474880218506,0.3658384084701538,-0.02420831471681595,0.6235418915748596,0.3627285063266754,-0.02293609082698822,0.6312378644943237,0.3671676516532898,-0.018915778025984764,0.6360195279121399,0.37279975414276123,-0.013441492803394794,0.6393356919288635,0.37870556116104126,-0.007579009514302015,0.5931961536407471,0.37928229570388794,-0.014311045408248901,0.6065950989723206,0.36498063802719116,-0.023250265046954155,0.5984649062156677,0.37192872166633606,-0.019504040479660034,0.5931961536407471,0.37928229570388794,-0.014311045408248901,0.5893887877464294,0.386408269405365,-0.00869250949472189,0.5873618125915527,0.3941996395587921,-0.0032762247137725353,0.5901998281478882,0.3932715356349945,-0.005124347750097513,0.5945949554443359,0.39760521054267883,-0.006833684165030718,0.5981851816177368,0.4002985954284668,-0.009938785806298256,0.6088382601737976,0.4040624499320984,-0.015171587467193604,0.6160202026367188,0.40428316593170166,-0.015964152291417122,0.6227554082870483,0.40218794345855713,-0.0148539450019598,0.6279324293136597,0.39895033836364746,-0.012272169813513756,0.6346757411956787,0.3914381265640259,-0.005913241766393185,0.6383708119392395,0.3856349289417267,-0.0040469300001859665,0.5979336500167847,0.38233962655067444,-0.012585802935063839,0.6025978326797485,0.37812912464141846,-0.016071775928139687,0.6083667874336243,0.37539517879486084,-0.018722863867878914,0.6152645945549011,0.37462761998176575,-0.019495725631713867,0.6217527389526367,0.373576283454895,-0.018432997167110443,0.6270686388015747,0.37450647354125977,-0.015549159608781338,0.6336628794670105,0.39735791087150574,-0.010357397608458996,0.6383708119392395,0.3856349289417267,-0.0040469300001859665,0.6854246854782104,0.2948887348175049,0.073218435049057,0.5377171039581299,0.307829886674881,0.06979117542505264,0.6178601384162903,0.44405269622802734,-0.01210943516343832,0.567356526851654,0.39467653632164,0.0064506521448493,0.5606715679168701,0.3212985396385193,0.0026180162094533443
ssirt0486.mp4,71,0.4731821119785309,0.7780864238739014,1.940221494578509e-07,0.4512062072753906,0.705942690372467,0.005136654246598482,0.4523842930793762,0.6296526193618774,0.003883064491674304,0.4621141254901886,0.5682443380355835,0.0019099689088761806,0.4613007605075836,0.5249412059783936,-0.0009214032324962318,0.4701811373233795,0.5888782739639282,-0.015564682893455029,0.49570736289024353,0.49406319856643677,-0.025991367176175117,0.5134099721908569,0.44452306628227234,-0.029386742040514946,0.5277871489524841,0.40847834944725037,-0.030025187879800797,0.4938056468963623,0.6050814390182495,-0.022937588393688202,0.5206669569015503,0.5035494565963745,-0.030814943835139275,0.5383328795433044,0.4491344094276428,-0.032034989446401596,0.552121639251709,0.40986883640289307,-0.032383982092142105,0.5170893669128418,0.6294059753417969,-0.02911273203790188,0.5400123000144958,0.5325239896774292,-0.03518744558095932,0.5538803339004517,0.47824084758758545,-0.035793811082839966,0.5642380118370056,0.43842044472694397,-0.035921886563301086,0.5388409495353699,0.6580206155776978,-0.03455313667654991,0.5553593635559082,0.578046977519989,-0.04020645096898079,0.5640090703964233,0.531189501285553,-0.04079625383019447,0.5711697936058044,0.49250635504722595,-0.04018039256334305,0.6165133714675903,0.4253309369087219,-0.017502054572105408,0.6257198452949524,0.4222533702850342,-0.01682615652680397,0.6329553127288818,0.41476598381996155,-0.013837650418281555,0.63763827085495,0.40436887741088867,-0.010376177728176117,0.6400654315948486,0.39474189281463623,-0.005844084545969963,0.6412707567214966,0.3858466148376465,-0.0020451017189770937,0.6068728566169739,0.4243050217628479,-0.017132172361016273,0.5989043712615967,0.41855955123901367,-0.01438850350677967,0.5930124521255493,0.40976497530937195,-0.011129632592201233,0.5895350575447083,0.4016856551170349,-0.00678430637344718,0.6150320172309875,0.36539557576179504,-0.024230467155575752,0.6233543753623962,0.3622840642929077,-0.02296517789363861,0.6311777830123901,0.36695635318756104,-0.018950175493955612,0.6360208988189697,0.3727470934391022,-0.01348721981048584,0.6393879055976868,0.37875327467918396,-0.007626238279044628,0.5930848121643066,0.37904271483421326,-0.014272024855017662,0.6063989996910095,0.36451584100723267,-0.023245949298143387,0.59828782081604,0.371609628200531,-0.019473861902952194,0.5930848121643066,0.37904271483421326,-0.014272024855017662,0.5893678069114685,0.3861464262008667,-0.008638382889330387,0.5874173641204834,0.3939237594604492,-0.0031844498589634895,0.5903180241584778,0.3930562734603882,-0.005056341178715229,0.5946859121322632,0.39711087942123413,-0.006767854560166597,0.598217248916626,0.39984753727912903,-0.009871706366539001,0.6087633371353149,0.4040081799030304,-0.015100755728781223,0.6159572601318359,0.4043591022491455,-0.015904981642961502,0.622739851474762,0.40226349234580994,-0.014814553782343864,0.6279389262199402,0.3989295959472656,-0.01225467212498188,0.6347088813781738,0.39132678508758545,-0.005931743420660496,0.6384215354919434,0.3858155906200409,-0.004073809832334518,0.5979899168014526,0.38238614797592163,-0.012530934065580368,0.6025835275650024,0.37828329205513,-0.016017364338040352,0.6082915663719177,0.3755926787853241,-0.018669037148356438,0.6151087880134583,0.3748072385787964,-0.01945258118212223,0.6215826869010925,0.3738362491130829,-0.018409861251711845,0.6269141435623169,0.37480586767196655,-0.015545951202511787,0.6337345242500305,0.39731329679489136,-0.010339799337089062,0.6384215354919434,0.3858155906200409,-0.004073809832334518,0.6855980157852173,0.29467976093292236,0.0732070803642273,0.5379186272621155,0.3071756958961487,0.07004609704017639,0.6178035140037537,0.4441302418708801,-0.01178624015301466,0.5673725008964539,0.39453065395355225,0.006685260217636824,0.5606733560562134,0.32117870450019836,0.002716387389227748
ssirt0486.mp4,72,0.4798669219017029,0.7726918458938599,2.625122306199046e-07,0.46233049035072327,0.6856931447982788,0.006185550708323717,0.47056734561920166,0.612942099571228,0.003031720407307148,0.4935506284236908,0.567692220211029,-0.0013804467162117362,0.5156293511390686,0.54579758644104,-0.0065518515184521675,0.47132042050361633,0.5868958830833435,-0.01649593748152256,0.5003987550735474,0.4929496645927429,-0.02583007887005806,0.5183511972427368,0.4453800916671753,-0.028292842209339142,0.5319406390190125,0.4098829925060272,-0.028551481664180756,0.49599748849868774,0.6048488616943359,-0.024791575968265533,0.5240992903709412,0.5027472376823425,-0.03204478323459625,0.5416631102561951,0.44826531410217285,-0.03361606225371361,0.5543193221092224,0.40860262513160706,-0.03416132554411888,0.5213427543640137,0.6293002963066101,-0.031392283737659454,0.5442389249801636,0.531623899936676,-0.03571893647313118,0.5582284927368164,0.478368878364563,-0.03605453670024872,0.5673897862434387,0.4387468099594116,-0.036147478967905045,0.5448629260063171,0.6574903726577759,-0.037202998995780945,0.5599627494812012,0.5771817564964294,-0.03942074626684189,0.5677804350852966,0.5306995511054993,-0.037468258291482925,0.5743018984794617,0.4925495982170105,-0.035238150507211685,0.6157402396202087,0.4249539375305176,-0.01748659275472164,0.6249149441719055,0.4218844473361969,-0.016777582466602325,0.632137656211853,0.4142947793006897,-0.013755659572780132,0.6368389129638672,0.403752863407135,-0.010256621055305004,0.6393103003501892,0.3938927948474884,-0.0056549618020653725,0.6405830383300781,0.38459980487823486,-0.0017939058598130941,0.6061409115791321,0.4238670766353607,-0.017154594883322716,0.5981974005699158,0.41798266768455505,-0.014422249048948288,0.5922638177871704,0.40906575322151184,-0.011164204217493534,0.5887012481689453,0.4007900357246399,-0.006800570525228977,0.6142635345458984,0.364729642868042,-0.02397182025015354,0.6226019859313965,0.36155128479003906,-0.0226844921708107,0.6304461359977722,0.3661351501941681,-0.018639812245965004,0.6353018283843994,0.3718067705631256,-0.013191767036914825,0.638687252998352,0.37768101692199707,-0.007345343939960003,0.5921970009803772,0.3779868483543396,-0.014163442887365818,0.6056003570556641,0.3637067377567291,-0.023041753098368645,0.5974377989768982,0.37067124247550964,-0.019308997318148613,0.5921970009803772,0.3779868483543396,-0.014163442887365818,0.5884476900100708,0.3850030303001404,-0.00858745165169239,0.5864765048027039,0.3926545977592468,-0.003175684716552496,0.5893079042434692,0.39187806844711304,-0.005032972898334265,0.5937095284461975,0.39654070138931274,-0.006774136330932379,0.5972877740859985,0.399539053440094,-0.00987176038324833,0.6079629063606262,0.4040087163448334,-0.015050114132463932,0.6152021288871765,0.4044107496738434,-0.01580810733139515,0.622021496295929,0.4023069441318512,-0.014687554910779,0.6272660493850708,0.3988606929779053,-0.012107854709029198,0.6340929865837097,0.39076727628707886,-0.0057493336498737335,0.6378118991851807,0.3846607506275177,-0.003841813188046217,0.5969849824905396,0.38161593675613403,-0.01236418355256319,0.6016516089439392,0.37775373458862305,-0.01579253189265728,0.607431173324585,0.3752742409706116,-0.018400907516479492,0.6143330931663513,0.37457355856895447,-0.01914689503610134,0.620876133441925,0.3735581040382385,-0.018068717792630196,0.6262602806091309,0.3743451237678528,-0.015200021676719189,0.6330498456954956,0.3969269394874573,-0.010196599178016186,0.6378118991851807,0.3846607506275177,-0.003841813188046217,0.6848762631416321,0.29369741678237915,0.07349751144647598,0.5376282930374146,0.306799054145813,0.06967447698116302,0.6172839403152466,0.4430176019668579,-0.011868380941450596,0.5672097206115723,0.39365145564079285,0.006622718647122383,0.5603057146072388,0.32073625922203064,0.002606521127745509
ssirt0486.mp4,73,0.4794825315475464,0.7703457474708557,2.8916059591210796e-07,0.46282893419265747,0.6819804310798645,0.005627598147839308,0.47193387150764465,0.6098275780677795,0.001628171419724822,0.49554726481437683,0.5652440786361694,-0.003561693010851741,0.5184150338172913,0.543997049331665,-0.009645633399486542,0.47154343128204346,0.5854426622390747,-0.018773868680000305,0.5013633966445923,0.49316227436065674,-0.02979215607047081,0.5200245976448059,0.44475018978118896,-0.03387610986828804,0.5342511534690857,0.408479243516922,-0.03527604043483734,0.49666139483451843,0.6037542223930359,-0.02736836113035679,0.525233268737793,0.5028011202812195,-0.03613479435443878,0.5432910323143005,0.44780033826828003,-0.038832783699035645,0.556305468082428,0.4072076380252838,-0.04019487276673317,0.5220231413841248,0.6282267570495605,-0.034196723252534866,0.5447393655776978,0.5298226475715637,-0.03964952751994133,0.5583347082138062,0.4759977459907532,-0.04006414860486984,0.56719571352005,0.4359492063522339,-0.040184516459703445,0.5452569127082825,0.6569236516952515,-0.040291380137205124,0.5601122975349426,0.577430248260498,-0.04320317879319191,0.5668689012527466,0.5303663611412048,-0.04121988266706467,0.5723642110824585,0.49186527729034424,-0.038952939212322235,0.6155759692192078,0.4254186749458313,-0.017724212259054184,0.6247833371162415,0.42219164967536926,-0.017041822895407677,0.6319848895072937,0.4143783450126648,-0.014034832827746868,0.6366122961044312,0.40368419885635376,-0.010542895644903183,0.6390007734298706,0.39383628964424133,-0.005952330306172371,0.6401969790458679,0.38469523191452026,-0.0021071273367851973,0.6059215664863586,0.4243219494819641,-0.017343146726489067,0.5979683995246887,0.4183359742164612,-0.014561401680111885,0.5920981764793396,0.40930259227752686,-0.011266731657087803,0.5886355638504028,0.4010171890258789,-0.006863998714834452,0.6141282320022583,0.36456671357154846,-0.02417854219675064,0.6224397420883179,0.3614090085029602,-0.022924501448869705,0.6302384734153748,0.3660522997379303,-0.018928714096546173,0.6350403428077698,0.37177398800849915,-0.013493536971509457,0.6383656859397888,0.3777131140232086,-0.00765763595700264,0.5921500325202942,0.3782147467136383,-0.014249301515519619,0.6055019497871399,0.36365747451782227,-0.023202594369649887,0.5973588824272156,0.3707936108112335,-0.019432278349995613,0.5921500325202942,0.3782147467136383,-0.014249301515519619,0.5884453058242798,0.3853050768375397,-0.008639568462967873,0.5865159034729004,0.3930191695690155,-0.00321493879891932,0.5893915891647339,0.392202228307724,-0.0050927517004311085,0.5937426090240479,0.39670637249946594,-0.006839716341346502,0.5972724556922913,0.39968207478523254,-0.009964109398424625,0.607843279838562,0.4042663872241974,-0.015213451348245144,0.6150656938552856,0.40468499064445496,-0.016015969216823578,0.6218534111976624,0.4024817645549774,-0.014924466609954834,0.6270313858985901,0.39888256788253784,-0.0123605877161026,0.6337260007858276,0.3906795084476471,-0.0060210563242435455,0.6374021768569946,0.3847184181213379,-0.004135727416723967,0.5970190763473511,0.381708562374115,-0.012504135258495808,0.6016301512718201,0.37769824266433716,-0.015970168635249138,0.60735023021698,0.37509140372276306,-0.01861708238720894,0.6141800880432129,0.3743286728858948,-0.019399739801883698,0.6206489205360413,0.3732856512069702,-0.018357980996370316,0.625962495803833,0.3741121292114258,-0.015506133437156677,0.6327673196792603,0.3968746066093445,-0.010467329993844032,0.6374021768569946,0.3847184181213379,-0.004135727416723967,0.6851123571395874,0.2939178943634033,0.07338614016771317,0.5376913547515869,0.30669450759887695,0.07027442753314972,0.617089569568634,0.4431525468826294,-0.012077330611646175,0.5669082403182983,0.3935617506504059,0.006670428905636072,0.5599631667137146,0.3207113742828369,0.0028193334583193064
ssirt0486.mp4,74,0.4919270873069763,0.754032552242279,2.6737916414276697e-07,0.4773924946784973,0.669251561164856,0.007873093709349632,0.48624470829963684,0.5999094843864441,0.00637543760240078,0.5083707571029663,0.5583165884017944,0.003116653533652425,0.5303558707237244,0.5390408635139465,-0.0008643013425171375,0.4878929853439331,0.5711349248886108,-0.008623050525784492,0.5192150473594666,0.48664191365242004,-0.01475504133850336,0.5382501482963562,0.44471484422683716,-0.016676677390933037,0.5518789291381836,0.41431623697280884,-0.01703108288347721,0.5113674402236938,0.5879084467887878,-0.01690255105495453,0.541705310344696,0.4974941909313202,-0.01946726068854332,0.560093879699707,0.44999465346336365,-0.020336437970399857,0.5729289054870605,0.4152938723564148,-0.021304160356521606,0.5349868535995483,0.6109747290611267,-0.02367224730551243,0.5580577254295349,0.5236172080039978,-0.02392156980931759,0.5721772909164429,0.4755784869194031,-0.023814352229237556,0.5817428827285767,0.4395621418952942,-0.024697089567780495,0.5567412972450256,0.6377437114715576,-0.02976468950510025,0.571921169757843,0.5677003264427185,-0.029228845611214638,0.5805920362472534,0.5261760950088501,-0.02650047279894352,0.5878041982650757,0.4919498860836029,-0.024346500635147095,0.6138976216316223,0.4238382875919342,-0.017941594123840332,0.6227796673774719,0.42087674140930176,-0.017358271405100822,0.6299165487289429,0.4134279489517212,-0.014640508219599724,0.6346907615661621,0.4030694365501404,-0.011265555396676064,0.6372942924499512,0.39329373836517334,-0.006687563378363848,0.6387577056884766,0.3838753402233124,-0.002727201674133539,0.6046131253242493,0.42282068729400635,-0.017581291496753693,0.596786618232727,0.4170888662338257,-0.014986210502684116,0.5907990336418152,0.4083572030067444,-0.011759047396481037,0.5871299505233765,0.40028297901153564,-0.00733896903693676,0.6125327348709106,0.3665410876274109,-0.023835577070713043,0.6207647323608398,0.362926721572876,-0.022621607407927513,0.6284481287002563,0.3670229911804199,-0.018758907914161682,0.6333222985267639,0.37219834327697754,-0.013632108457386494,0.6368009448051453,0.3775739371776581,-0.0080720204859972,0.5908604860305786,0.37846821546554565,-0.01419346034526825,0.6039720177650452,0.3650857210159302,-0.022844664752483368,0.596061110496521,0.3716745376586914,-0.01914791390299797,0.5908604860305786,0.37846821546554565,-0.01419346034526825,0.5869297981262207,0.38500267267227173,-0.008786327205598354,0.584759533405304,0.3920610845088959,-0.0035202840808779,0.5873759984970093,0.3914966881275177,-0.005453302524983883,0.5916626453399658,0.3962397277355194,-0.007305162493139505,0.5952746868133545,0.39906230568885803,-0.010333633981645107,0.6060810685157776,0.40316444635391235,-0.01534780953079462,0.6132790446281433,0.4036498963832855,-0.01611572690308094,0.6200621128082275,0.40134674310684204,-0.015113510191440582,0.6253818869590759,0.39780324697494507,-0.012701871804893017,0.6324390769004822,0.38996660709381104,-0.006701649632304907,0.6361914873123169,0.38399890065193176,-0.004761301446706057,0.5951628684997559,0.3818930983543396,-0.012393954209983349,0.5999355912208557,0.3782998323440552,-0.015629665926098824,0.6057664752006531,0.3761935532093048,-0.01813308708369732,0.6126958131790161,0.3758196234703064,-0.01889193058013916,0.6192488074302673,0.37445148825645447,-0.017918461933732033,0.6246888637542725,0.37474557757377625,-0.015257970429956913,0.6311812996864319,0.39598169922828674,-0.010999821126461029,0.6361914873123169,0.38399890065193176,-0.004761301446706057,0.6840461492538452,0.29385748505592346,0.07293277978897095,0.5367249250411987,0.3064817786216736,0.0705234557390213,0.6157553791999817,0.43915432691574097,-0.012620261870324612,0.5660238862037659,0.39194101095199585,0.006704529281705618,0.5587770342826843,0.3199579417705536,0.003334196051582694
ssirt0486.mp4,75,0.5001583099365234,0.7450944781303406,2.1672073557965632e-07,0.4872070252895355,0.6569061875343323,0.011044044978916645,0.49641212821006775,0.5920100212097168,0.012268519029021263,0.5175708532333374,0.5553081631660461,0.011138489469885826,0.5387142896652222,0.5400224328041077,0.009411587379872799,0.499924898147583,0.5634854435920715,0.00011019296653103083,0.5311952233314514,0.4890575706958771,-0.002455147448927164,0.5485305786132812,0.4527500569820404,-0.0022117390763014555,0.56111741065979,0.4264122247695923,-0.0014192030066624284,0.5231225490570068,0.5784658789634705,-0.00864435639232397,0.5527731776237488,0.49641990661621094,-0.008980677463114262,0.5689940452575684,0.4542829394340515,-0.008611911907792091,0.5802279710769653,0.4232717752456665,-0.008431509137153625,0.5460466742515564,0.6014922261238098,-0.01590615138411522,0.5694759488105774,0.5225257277488708,-0.014781941659748554,0.5824475288391113,0.48148733377456665,-0.013391407206654549,0.5907272100448608,0.44982704520225525,-0.013006866909563541,0.5663824081420898,0.6307979226112366,-0.022233927622437477,0.5820567607879639,0.5636767148971558,-0.020225374028086662,0.5905259251594543,0.5264939069747925,-0.016047781333327293,0.5970979928970337,0.4951806366443634,-0.01262661349028349,0.6122065782546997,0.41800782084465027,-0.01678837463259697,0.620703935623169,0.4155331552028656,-0.01629054918885231,0.6277267336845398,0.4090604782104492,-0.013760073110461235,0.6327152252197266,0.4000520706176758,-0.010492037981748581,0.6357116103172302,0.39160799980163574,-0.006018804851919413,0.6375722289085388,0.38345879316329956,-0.00209792610257864,0.6034450531005859,0.41689059138298035,-0.016448404639959335,0.596098780632019,0.41164493560791016,-0.014020157977938652,0.5904870629310608,0.4039302468299866,-0.010898160748183727,0.5869443416595459,0.39693939685821533,-0.006571872625499964,0.6114166378974915,0.36654388904571533,-0.02327917143702507,0.6194309592247009,0.36311572790145874,-0.02209249697625637,0.6270946264266968,0.3674737513065338,-0.018214313313364983,0.6319830417633057,0.3726511299610138,-0.013116623274981976,0.635505199432373,0.37773144245147705,-0.00754917785525322,0.5904626846313477,0.37778332829475403,-0.013598838821053505,0.6032574772834778,0.3649262487888336,-0.022275468334555626,0.5955557823181152,0.3712778389453888,-0.01854686252772808,0.5904626846313477,0.37778332829475403,-0.013598838821053505,0.586733341217041,0.38379064202308655,-0.008169797249138355,0.5845281481742859,0.3900132477283478,-0.0027955027762800455,0.5871351957321167,0.38942673802375793,-0.00476079061627388,0.5913704037666321,0.39229047298431396,-0.006628840230405331,0.5948301553726196,0.39419519901275635,-0.009607967920601368,0.6050930619239807,0.39738303422927856,-0.014506016857922077,0.6119046807289124,0.3979087471961975,-0.01527784951031208,0.6184560656547546,0.39608997106552124,-0.01434367150068283,0.623740017414093,0.393258273601532,-0.012007338926196098,0.6310778260231018,0.3875172436237335,-0.006135365925729275,0.6350458264350891,0.3834049105644226,-0.004182295873761177,0.5947093367576599,0.38198941946029663,-0.011640189215540886,0.5992637276649475,0.37901467084884644,-0.014811777509748936,0.604866087436676,0.3773437440395355,-0.01727382279932499,0.6114920973777771,0.37709376215934753,-0.018032561987638474,0.6179341077804565,0.37588781118392944,-0.01710944063961506,0.6233380436897278,0.3760608434677124,-0.01452257577329874,0.6294810175895691,0.3925640285015106,-0.010299701243638992,0.6350458264350891,0.3834049105644226,-0.004182295873761177,0.6830931901931763,0.2942131757736206,0.07309849560260773,0.5353737473487854,0.3055398166179657,0.07034219056367874,0.6137239336967468,0.4401394724845886,-0.011053438298404217,0.5640209317207336,0.3928060531616211,0.007676252163946629,0.5575000643730164,0.3204367756843567,0.003325754776597023
ssirt0486.mp4,76,0.5086999535560608,0.7390708327293396,1.9168157905369299e-07,0.49903663992881775,0.6540130376815796,0.01186805684119463,0.5094409584999084,0.5939000248908997,0.013470741920173168,0.5298421382904053,0.5588850378990173,0.012612144462764263,0.5502650737762451,0.5439078211784363,0.011315722018480301,0.5124965906143188,0.5620564222335815,0.0017895626369863749,0.5455307364463806,0.49408137798309326,0.0002771379367914051,0.5631329417228699,0.4615324139595032,0.0012043457245454192,0.5757964849472046,0.4379918575286865,0.0022653425112366676,0.5346888303756714,0.5769656896591187,-0.0070846062153577805,0.5659634470939636,0.5031030178070068,-0.0062529537826776505,0.5828126668930054,0.4662402272224426,-0.005069843493402004,0.5945497751235962,0.439247190952301,-0.004588108975440264,0.556369423866272,0.6001011729240417,-0.014484923332929611,0.5817902684211731,0.5271275043487549,-0.012379143387079239,0.5960773825645447,0.4895298480987549,-0.010411258786916733,0.6054556369781494,0.46046683192253113,-0.009999829344451427,0.5753244161605835,0.6299472451210022,-0.020927172154188156,0.5926468372344971,0.5688802599906921,-0.017917312681674957,0.6023059487342834,0.5355691909790039,-0.013210631906986237,0.6096339821815491,0.5073701739311218,-0.009710273705422878,0.6127942800521851,0.40554243326187134,-0.017361955717206,0.6208961606025696,0.4038478136062622,-0.016857361420989037,0.6276898980140686,0.3993031978607178,-0.014489284716546535,0.6325438022613525,0.39291495084762573,-0.011259512975811958,0.635467529296875,0.38727694749832153,-0.006696423981338739,0.6373305916786194,0.3822311758995056,-0.002626582281664014,0.6047131419181824,0.4047670066356659,-0.0170733705163002,0.5978627800941467,0.401000052690506,-0.014817451126873493,0.5926743149757385,0.3954741656780243,-0.011721757240593433,0.5895047783851624,0.3907703161239624,-0.007328032981604338,0.6115155220031738,0.3654697835445404,-0.02293894998729229,0.6190791726112366,0.36262473464012146,-0.02175385132431984,0.6264845132827759,0.3671224117279053,-0.017974210903048515,0.6314019560813904,0.37223660945892334,-0.0131628243252635,0.6350595951080322,0.3770325183868408,-0.007840754464268684,0.5924331545829773,0.37536004185676575,-0.013688666746020317,0.6038705110549927,0.3637089133262634,-0.02195647358894348,0.596939206123352,0.36927586793899536,-0.018336191773414612,0.5924331545829773,0.37536004185676575,-0.013688666746020317,0.5891903638839722,0.3809150457382202,-0.00854568276554346,0.5873635411262512,0.38643813133239746,-0.003392354818060994,0.5898959636688232,0.3855111002922058,-0.005383966024965048,0.5937256217002869,0.38522401452064514,-0.007381771691143513,0.5968719720840454,0.38501569628715515,-0.010319730266928673,0.6060584783554077,0.38521987199783325,-0.015041396021842957,0.6121746301651001,0.3856007754802704,-0.015746373683214188,0.6182901263237,0.38441523909568787,-0.01483059860765934,0.6233928799629211,0.3832832872867584,-0.01255639735609293,0.6308273673057556,0.3822862505912781,-0.006816019304096699,0.6347737908363342,0.38180243968963623,-0.004728979896754026,0.5968884825706482,0.378720760345459,-0.011642979457974434,0.6009123921394348,0.37571537494659424,-0.014544087462127209,0.6059308648109436,0.37413686513900757,-0.01683136261999607,0.6118956804275513,0.3741167485713959,-0.01751837693154812,0.6178879737854004,0.37333980202674866,-0.01663156785070896,0.623029351234436,0.3741344213485718,-0.01420388463884592,0.6291837692260742,0.38519585132598877,-0.010950736701488495,0.6347737908363342,0.38180243968963623,-0.004728979896754026,0.6828131675720215,0.29157400131225586,0.07285337150096893,0.5349806547164917,0.3050142228603363,0.07087311148643494,0.6153637170791626,0.4320853054523468,-0.01183345727622509,0.5640020370483398,0.3909500241279602,0.0073376912623643875,0.5574108362197876,0.3202873766422272,0.003668913384899497
ssirt0486.mp4,77,0.5095490217208862,0.7361594438552856,1.8899453380072373e-07,0.5004008412361145,0.651293933391571,0.013157162815332413,0.5111445188522339,0.5935770869255066,0.015421329066157341,0.5323752164840698,0.5601702928543091,0.014912715181708336,0.5532625913619995,0.5475054979324341,0.013919507153332233,0.51397705078125,0.5614982843399048,0.004352359566837549,0.5463674068450928,0.49415352940559387,0.002963850973173976,0.564699649810791,0.4619976282119751,0.003784909611567855,0.5779923796653748,0.4390791356563568,0.004791409708559513,0.5359895825386047,0.5747081637382507,-0.004942862782627344,0.567737877368927,0.5029501914978027,-0.004372493829578161,0.5860244631767273,0.4691263437271118,-0.0031097629107534885,0.5990602374076843,0.44550052285194397,-0.002185471821576357,0.5574473142623901,0.5983543395996094,-0.012779896147549152,0.5828058123588562,0.5272258520126343,-0.011007568798959255,0.5973698496818542,0.49094703793525696,-0.008275516331195831,0.6076233386993408,0.4626246988773346,-0.006958139128983021,0.5767503380775452,0.6309643983840942,-0.019557449966669083,0.5937592387199402,0.5678694844245911,-0.01669778674840927,0.60267573595047,0.5342808961868286,-0.011377100832760334,0.6096831560134888,0.5056005716323853,-0.007117193192243576,0.6129905581474304,0.40460294485092163,-0.017343387007713318,0.6209054589271545,0.4028051793575287,-0.0168701633810997,0.6274572014808655,0.397772878408432,-0.014781746082007885,0.6320337057113647,0.3909240663051605,-0.01169594842940569,0.6347148418426514,0.3850717544555664,-0.007195511367172003,0.6363824009895325,0.3800356984138489,-0.0029747597873210907,0.6051177382469177,0.40380558371543884,-0.017225932329893112,0.5984126329421997,0.3996089696884155,-0.01539528090506792,0.5933447480201721,0.39347511529922485,-0.012529952451586723,0.590282678604126,0.38826072216033936,-0.008280379697680473,0.6116818785667419,0.36432790756225586,-0.022411592304706573,0.6190056800842285,0.3614916205406189,-0.02116202563047409,0.6261171102523804,0.36555927991867065,-0.017453161999583244,0.63078773021698,0.3704218566417694,-0.012999692931771278,0.6342608332633972,0.37502017617225647,-0.007999776862561703,0.5932285189628601,0.37319624423980713,-0.013931713066995144,0.6043004989624023,0.36249685287475586,-0.021503349766135216,0.5976006388664246,0.36752086877822876,-0.018108494579792023,0.5932285189628601,0.37319624423980713,-0.013931713066995144,0.5900552868843079,0.37841305136680603,-0.009182228706777096,0.5882825255393982,0.38365334272384644,-0.0042785778641700745,0.5908018946647644,0.38283348083496094,-0.006276744417846203,0.5944904685020447,0.382662296295166,-0.00831046886742115,0.5975388884544373,0.38265857100486755,-0.011045199818909168,0.6064470410346985,0.38345518708229065,-0.015270537696778774,0.6123053431510925,0.38392165303230286,-0.01581529900431633,0.6181641817092896,0.38268691301345825,-0.014924238435924053,0.6230274438858032,0.3813846707344055,-0.01277119293808937,0.6300393342971802,0.3800943195819855,-0.0073281386867165565,0.6338440179824829,0.37963858246803284,-0.005144971422851086,0.5975379943847656,0.3765566349029541,-0.0117149343714118,0.6014290452003479,0.3738386332988739,-0.014199668541550636,0.6062813401222229,0.37248268723487854,-0.01618666760623455,0.6119836568832397,0.3725317716598511,-0.016730014234781265,0.6177355647087097,0.37174010276794434,-0.015853770077228546,0.6226522326469421,0.37241339683532715,-0.01362183690071106,0.6286121010780334,0.3831544816493988,-0.01130735781043768,0.6338440179824829,0.37963858246803284,-0.005144971422851086,0.6824520230293274,0.290377676486969,0.07332353293895721,0.535259485244751,0.3047122359275818,0.06985289603471756,0.6149923801422119,0.427742600440979,-0.011858475394546986,0.5648665428161621,0.39072343707084656,0.006758600007742643,0.5583850741386414,0.32076194882392883,0.003455500351265073
ssirt0486.mp4,78,0.5084254741668701,0.7342115640640259,2.0385436982905958e-07,0.4986879527568817,0.6497118473052979,0.012226729653775692,0.5090422630310059,0.5904613733291626,0.01421012170612812,0.5295165777206421,0.5541807413101196,0.013623201288282871,0.5493789315223694,0.5399022102355957,0.012563681229948997,0.5120516419410706,0.5593504309654236,0.002309533068910241,0.5437217354774475,0.49007582664489746,-0.0004512457235250622,0.5619303584098816,0.4569087028503418,-0.000651403097435832,0.5754354596138,0.4321017265319824,-0.00026145257288590074,0.533833384513855,0.5723056793212891,-0.0068740444257855415,0.564458429813385,0.4967713952064514,-0.007679223548620939,0.582318902015686,0.45920634269714355,-0.007327839732170105,0.5951099395751953,0.4312998652458191,-0.0069347829557955265,0.5550792217254639,0.5955948829650879,-0.014639773406088352,0.5793437957763672,0.5216194987297058,-0.014226019382476807,0.5937681794166565,0.48398810625076294,-0.012129615060985088,0.6041070818901062,0.4548635482788086,-0.01094237994402647,0.5744067430496216,0.6282373666763306,-0.02139497734606266,0.5908492207527161,0.5632658004760742,-0.019495544955134392,0.5999807715415955,0.5291454792022705,-0.014658045955002308,0.6074785590171814,0.5008222460746765,-0.0106107909232378,0.6124681234359741,0.4088151454925537,-0.015866203233599663,0.6207089424133301,0.406370609998703,-0.015347881242632866,0.6273531317710876,0.39985495805740356,-0.0133884958922863,0.6318197846412659,0.39138156175613403,-0.010495388880372047,0.6342421770095825,0.384309858083725,-0.006272954400628805,0.6356818675994873,0.3787265121936798,-0.0022793624084442854,0.6046839356422424,0.4078969359397888,-0.015888236463069916,0.5982314348220825,0.40278440713882446,-0.014328950084745884,0.5937533974647522,0.3947940468788147,-0.011741584166884422,0.5915189385414124,0.3875451385974884,-0.00788180623203516,0.6109943985939026,0.36218926310539246,-0.02182016335427761,0.6181955337524414,0.35945501923561096,-0.020491279661655426,0.6252860426902771,0.36399760842323303,-0.016778629273176193,0.629962146282196,0.3689718544483185,-0.01230573933571577,0.6334895491600037,0.3737103343009949,-0.007324933540076017,0.594353973865509,0.3708433508872986,-0.013738206587731838,0.6041398048400879,0.36028212308883667,-0.02102421410381794,0.5981528759002686,0.3651910722255707,-0.017819451168179512,0.594353973865509,0.3708433508872986,-0.013738206587731838,0.5916630029678345,0.3761667311191559,-0.009087322279810905,0.5903886556625366,0.38154569268226624,-0.004193840082734823,0.5928146839141846,0.3805771768093109,-0.006096792407333851,0.596096932888031,0.38119640946388245,-0.007913881912827492,0.5986247658729553,0.38200274109840393,-0.010436994023621082,0.6063257455825806,0.3839961886405945,-0.014339165762066841,0.6116666793823242,0.3846532106399536,-0.014764472842216492,0.6174797415733337,0.38300439715385437,-0.013801280409097672,0.622306764125824,0.3812143802642822,-0.01168479211628437,0.6293021440505981,0.3790275454521179,-0.006459478754550219,0.633127748966217,0.3782740831375122,-0.004439221695065498,0.5988871455192566,0.37455829977989197,-0.011573508381843567,0.6022207736968994,0.37205538153648376,-0.014003257267177105,0.6064524054527283,0.3709975481033325,-0.01587931625545025,0.6115673780441284,0.3713913857936859,-0.016306128352880478,0.6171668171882629,0.3703973889350891,-0.01536671631038189,0.6220094561576843,0.37103697657585144,-0.013114194385707378,0.6280270218849182,0.38298770785331726,-0.010197127237915993,0.633127748966217,0.3782740831375122,-0.004439221695065498,0.681613564491272,0.2879045605659485,0.0724574625492096,0.5360198616981506,0.3045002222061157,0.06721656769514084,0.6172643303871155,0.4267147481441498,-0.010151449590921402,0.5669040679931641,0.3895018696784973,0.006508014630526304,0.5599830150604248,0.3200817406177521,0.0026222311425954103
ssirt0486.mp4,79,0.504895806312561,0.7334874868392944,2.171842936604662e-07,0.4933128356933594,0.6492960453033447,0.009501033462584019,0.5027920603752136,0.5871549248695374,0.009541758336126804,0.5235739946365356,0.547990620136261,0.0076615153811872005,0.5435100793838501,0.5322731137275696,0.005206418223679066,0.503054141998291,0.555540144443512,-0.004776630084961653,0.5348501801490784,0.4820476770401001,-0.009549351409077644,0.5534789562225342,0.44718798995018005,-0.010592857375741005,0.567168116569519,0.421237051486969,-0.010571271181106567,0.5262091755867004,0.5710887908935547,-0.013218754902482033,0.5565185546875,0.49192115664482117,-0.01542356051504612,0.5744255781173706,0.4528962969779968,-0.015558305196464062,0.5868028402328491,0.42406898736953735,-0.015743078663945198,0.5491428971290588,0.595073938369751,-0.020188048481941223,0.5730424523353577,0.5175480246543884,-0.02069941908121109,0.5875840187072754,0.47762420773506165,-0.019507382065057755,0.5973645448684692,0.4475160241127014,-0.019163860008120537,0.5693434476852417,0.6253849267959595,-0.026284359395503998,0.5847547650337219,0.558691680431366,-0.02542899176478386,0.5937508344650269,0.5229708552360535,-0.02177269570529461,0.6012452840805054,0.49407851696014404,-0.01870580203831196,0.6146121025085449,0.4078848958015442,-0.015128503553569317,0.622555673122406,0.4055410921573639,-0.014691164717078209,0.628638505935669,0.3992771804332733,-0.012825164943933487,0.6323264837265015,0.39084720611572266,-0.010097956284880638,0.634019672870636,0.38376396894454956,-0.006168413907289505,0.6348442435264587,0.3783150315284729,-0.002441198332235217,0.6067060232162476,0.40667828917503357,-0.015066646039485931,0.6001513600349426,0.40143996477127075,-0.013447774574160576,0.5954751372337341,0.3936017155647278,-0.010930649004876614,0.593018114566803,0.38663193583488464,-0.007259942125529051,0.6126349568367004,0.36094382405281067,-0.022140424698591232,0.6195806264877319,0.3585224151611328,-0.02086002752184868,0.6261538863182068,0.3633641004562378,-0.01719048246741295,0.6302263736724854,0.36861929297447205,-0.01262214407324791,0.6330801248550415,0.37339675426483154,-0.007587943691760302,0.595667839050293,0.37016919255256653,-0.013624870218336582,0.6056838035583496,0.3591771423816681,-0.021248072385787964,0.5995073914527893,0.36429235339164734,-0.017929762601852417,0.595667839050293,0.37016919255256653,-0.013624870218336582,0.5930267572402954,0.3755865693092346,-0.008801283314824104,0.5916915535926819,0.381011426448822,-0.0037507382221519947,0.5942221879959106,0.3800898790359497,-0.005681291688233614,0.5977886319160461,0.3805651366710663,-0.007354265544563532,0.6004517078399658,0.3814101219177246,-0.00988051202148199,0.6081920862197876,0.38388627767562866,-0.013923277147114277,0.6135258674621582,0.38463640213012695,-0.014440027996897697,0.6189218759536743,0.38314682245254517,-0.013520799577236176,0.6231151819229126,0.38130202889442444,-0.011456175707280636,0.6288089156150818,0.3787480592727661,-0.006351030897349119,0.6322199106216431,0.377916544675827,-0.004545713774859905,0.6005423665046692,0.37454551458358765,-0.011631413362920284,0.6038993000984192,0.37224656343460083,-0.014280760660767555,0.6080995798110962,0.371217280626297,-0.01629914529621601,0.6131730079650879,0.37157565355300903,-0.016818253323435783,0.6182987689971924,0.37074369192123413,-0.01592978648841381,0.6225232481956482,0.37138307094573975,-0.013648740947246552,0.6282796263694763,0.38283398747444153,-0.00993464794009924,0.6322199106216431,0.377916544675827,-0.004545713774859905,0.6822316646575928,0.2862141728401184,0.07144276052713394,0.5371637940406799,0.30348482728004456,0.06758980453014374,0.6178846955299377,0.4293822646141052,-0.008919782005250454,0.5683162212371826,0.3880237936973572,0.007063365075737238,0.5606639981269836,0.3193487226963043,0.0027623858768492937
ssirt0486.mp4,80,0.5049908757209778,0.7353062033653259,2.2103104413417896e-07,0.49271532893180847,0.649298369884491,0.010946344584226608,0.502163290977478,0.5873323678970337,0.011339095421135426,0.5237366557121277,0.5491934418678284,0.009443952701985836,0.5447933673858643,0.5324411392211914,0.007092952262610197,0.5036788582801819,0.5574527978897095,-0.002043299376964569,0.5355924963951111,0.48316848278045654,-0.006085465662181377,0.5542022585868835,0.4470410943031311,-0.0065262396819889545,0.5678284168243408,0.4212672710418701,-0.005997780244797468,0.5265536308288574,0.5705832839012146,-0.010938690043985844,0.5574525594711304,0.49154147505760193,-0.012546297162771225,0.5757638812065125,0.4531269669532776,-0.011685994453728199,0.5887884497642517,0.426414430141449,-0.01079521793872118,0.5493818521499634,0.5930119156837463,-0.018307559192180634,0.573695182800293,0.5164927244186401,-0.01798119954764843,0.5882496237754822,0.47805020213127136,-0.015178658999502659,0.5983771681785583,0.4492476284503937,-0.013529972173273563,0.5698187351226807,0.6238819360733032,-0.024773748591542244,0.5858176946640015,0.5573685765266418,-0.022824764251708984,0.5946762561798096,0.5217307806015015,-0.017605336382985115,0.6018341779708862,0.4923582077026367,-0.013219278305768967,0.6141466498374939,0.40778791904449463,-0.015237504616379738,0.6217641830444336,0.4054620862007141,-0.01473090797662735,0.6276794672012329,0.3992106318473816,-0.012746574357151985,0.6312716007232666,0.39066752791404724,-0.009959589689970016,0.6329625844955444,0.3835066556930542,-0.005987466312944889,0.6338586807250977,0.37802794575691223,-0.0022431223187595606,0.6065249443054199,0.4067031443119049,-0.0152198551222682,0.6002019643783569,0.40154290199279785,-0.013576476834714413,0.5957520008087158,0.39363956451416016,-0.011054296977818012,0.5934761762619019,0.3866691589355469,-0.007402937859296799,0.6127589344978333,0.36049798130989075,-0.022252116352319717,0.6195576786994934,0.3577667772769928,-0.020922580733895302,0.6258953809738159,0.36261671781539917,-0.01719420589506626,0.629753053188324,0.36810871958732605,-0.012526595033705235,0.6323492527008057,0.37304842472076416,-0.007419757079333067,0.5960923433303833,0.3701294958591461,-0.013823808170855045,0.605944812297821,0.35859546065330505,-0.021420400589704514,0.5998756885528564,0.3639756739139557,-0.018153123557567596,0.5960923433303833,0.3701294958591461,-0.013823808170855045,0.5935304760932922,0.3756709396839142,-0.008980853483080864,0.5922157168388367,0.3810407221317291,-0.003927618730813265,0.5946671962738037,0.38006553053855896,-0.005814878735691309,0.5980488657951355,0.38000184297561646,-0.007448220159858465,0.6006299257278442,0.38024741411209106,-0.009945016354322433,0.6081162691116333,0.38146156072616577,-0.013952801004052162,0.6132256388664246,0.3820933401584625,-0.014421412721276283,0.6183692216873169,0.3805862069129944,-0.013434515334665775,0.622426450252533,0.3791094124317169,-0.011314750649034977,0.6280435919761658,0.37781479954719543,-0.006147288717329502,0.6313074231147766,0.37757378816604614,-0.004352475516498089,0.600797712802887,0.37483829259872437,-0.011842762120068073,0.6040784120559692,0.3726271986961365,-0.01451845932751894,0.6081770658493042,0.37174955010414124,-0.01653410866856575,0.6131890416145325,0.3722705543041229,-0.017009751871228218,0.618179440498352,0.37119072675704956,-0.016051435843110085,0.6222416758537292,0.3715452253818512,-0.01369423232972622,0.6274538636207581,0.381683886051178,-0.009768384508788586,0.6313074231147766,0.37757378816604614,-0.004352475516498089,0.6818845868110657,0.2868393361568451,0.0717582181096077,0.5367648005485535,0.30316758155822754,0.06722195446491241,0.6178607940673828,0.4290013909339905,-0.009214677847921848,0.5680955648422241,0.3871786892414093,0.006649580784142017,0.5604521036148071,0.31852537393569946,0.002397548407316208
ssirt0486.mp4,81,0.4996805787086487,0.7422836422920227,-1.0802204997162335e-07,0.47824740409851074,0.67931067943573,0.008488677442073822,0.47357675433158875,0.6075050234794617,0.005111883860081434,0.47519880533218384,0.5470620393753052,-0.00047661710414104164,0.46616131067276,0.5058948397636414,-0.006980711594223976,0.4900769293308258,0.5578739643096924,-0.01419786922633648,0.49988213181495667,0.46622613072395325,-0.023577407002449036,0.5079861283302307,0.4095192551612854,-0.02867250144481659,0.5132642984390259,0.3667101562023163,-0.03213699162006378,0.5117142796516418,0.5679040551185608,-0.0232294499874115,0.5480581521987915,0.5298269391059875,-0.031159015372395515,0.5468555688858032,0.567353367805481,-0.027390962466597557,0.5341465473175049,0.5927796363830566,-0.024332882836461067,0.5353061556816101,0.5926663875579834,-0.030351825058460236,0.5678281784057617,0.5519466400146484,-0.03515470400452614,0.5661838054656982,0.5812258124351501,-0.023760411888360977,0.5554068684577942,0.603708028793335,-0.016311543062329292,0.5579688549041748,0.6214357614517212,-0.03660891205072403,0.580567479133606,0.5751368403434753,-0.036290086805820465,0.5782923698425293,0.5948987603187561,-0.024298062548041344,0.5705456137657166,0.6139227747917175,-0.015333686955273151,0.6161203384399414,0.4114101231098175,-0.017521321773529053,0.623695969581604,0.40858376026153564,-0.016785811632871628,0.6294265985488892,0.4013669490814209,-0.014318427070975304,0.6327614784240723,0.3919885754585266,-0.011173355393111706,0.6342289447784424,0.38474079966545105,-0.006790074985474348,0.6349865198135376,0.37936854362487793,-0.002707730047404766,0.6084677577018738,0.41025403141975403,-0.01756877265870571,0.6022529602050781,0.4044288396835327,-0.0158162172883749,0.5981003046035767,0.3960053026676178,-0.013139091432094574,0.5960739254951477,0.3892771899700165,-0.009227634407579899,0.6145788431167603,0.3610922694206238,-0.022893603891134262,0.6210641860961914,0.35831087827682495,-0.021400829777121544,0.6274101138114929,0.3641144931316376,-0.017507856711745262,0.6311899423599243,0.3700549304485321,-0.0128349419683218,0.6336484551429749,0.37484392523765564,-0.007746798451989889,0.5983467698097229,0.3733011484146118,-0.01497971173375845,0.6080377101898193,0.3595367968082428,-0.02217078022658825,0.6020009517669678,0.3664279580116272,-0.019045881927013397,0.5983467698097229,0.3733011484146118,-0.01497971173375845,0.5960531830787659,0.3789557218551636,-0.01034519448876381,0.5948867797851562,0.38408318161964417,-0.005582040175795555,0.5973218083381653,0.3833480179309845,-0.0073967501521110535,0.6005074381828308,0.38260236382484436,-0.009168005548417568,0.6029603481292725,0.3823912441730499,-0.011845950968563557,0.6101755499839783,0.3826976716518402,-0.01601330190896988,0.6151397824287415,0.38308948278427124,-0.016403768211603165,0.6200875043869019,0.3816668391227722,-0.015247940085828304,0.6239699721336365,0.38047927618026733,-0.012836825102567673,0.629335343837738,0.3793177604675293,-0.0069848038256168365,0.6325230002403259,0.3792544901371002,-0.004898504354059696,0.6032096743583679,0.38025662302970886,-0.012909170240163803,0.6064070463180542,0.3788231909275055,-0.015446238219738007,0.6103217005729675,0.3780973255634308,-0.017378440126776695,0.6150946617126465,0.3782908618450165,-0.01774522103369236,0.619867742061615,0.37722697854042053,-0.016659067943692207,0.6236858367919922,0.3771441578865051,-0.014165418222546577,0.6289823055267334,0.3831881284713745,-0.011103184893727303,0.6325230002403259,0.3792544901371002,-0.004898504354059696,0.6818974018096924,0.2910955250263214,0.07401328533887863,0.5363051891326904,0.30675163865089417,0.06658356636762619,0.6171829700469971,0.4330514371395111,-0.011762590147554874,0.566657543182373,0.3935231566429138,0.0047265104949474335,0.5609650611877441,0.3213450610637665,0.0018422690918669105
ssirt0486.mp4,82,0.4903979003429413,0.7519041299819946,-6.806430263850416e-08,0.4659128785133362,0.6935398578643799,-0.001854423899203539,0.4526006281375885,0.6165421605110168,-0.008873764425516129,0.44139593839645386,0.5541365146636963,-0.01621640846133232,0.4214036166667938,0.5183681845664978,-0.024406984448432922,0.48073315620422363,0.5658274292945862,-0.024051081389188766,0.4990030527114868,0.47306641936302185,-0.0320727676153183,0.5100592970848083,0.41871604323387146,-0.035255756229162216,0.5188769102096558,0.37631896138191223,-0.038347989320755005,0.504822850227356,0.5741958022117615,-0.028123028576374054,0.5361286401748657,0.5577105283737183,-0.03603077679872513,0.5315690040588379,0.5913884043693542,-0.03301884979009628,0.5204141139984131,0.6113938689231873,-0.03179258480668068,0.5299032926559448,0.6012216210365295,-0.030548058450222015,0.5499268770217896,0.5944769978523254,-0.0363343320786953,0.5453172326087952,0.6220517158508301,-0.026899823918938637,0.535897433757782,0.6405262351036072,-0.021841660141944885,0.5526536107063293,0.6310266852378845,-0.03292983025312424,0.5652158856391907,0.6179673671722412,-0.03417401760816574,0.5593211650848389,0.6438316106796265,-0.02395026944577694,0.5503243207931519,0.6618556380271912,-0.0165972001850605,0.6158693432807922,0.41134965419769287,-0.017617929726839066,0.6234185099601746,0.4087212085723877,-0.01687442511320114,0.6291225552558899,0.40210777521133423,-0.014151101000607014,0.6323857307434082,0.39374709129333496,-0.010776053182780743,0.6338846683502197,0.38729768991470337,-0.006131639238446951,0.6347603797912598,0.38240230083465576,-0.0020176018588244915,0.6082910299301147,0.41026735305786133,-0.017492609098553658,0.6021790504455566,0.4049975275993347,-0.015326998196542263,0.5981459617614746,0.39747554063796997,-0.012329588644206524,0.5961010456085205,0.39150089025497437,-0.00806537177413702,0.6153053045272827,0.3659202754497528,-0.022665714845061302,0.621947705745697,0.36311373114585876,-0.021308232098817825,0.6280235052108765,0.3682860732078552,-0.017387282103300095,0.6315174102783203,0.37374287843704224,-0.012504426762461662,0.633669376373291,0.37815967202186584,-0.007170156575739384,0.5986588001251221,0.37690600752830505,-0.014159101992845535,0.6086591482162476,0.36425966024398804,-0.02189442329108715,0.6024806499481201,0.370608389377594,-0.018546780571341515,0.5986588001251221,0.37690600752830505,-0.014159101992845535,0.5962257385253906,0.38203197717666626,-0.009235784411430359,0.5948818922042847,0.3867179751396179,-0.00432059820741415,0.5973900556564331,0.38610684871673584,-0.006157990545034409,0.6006631851196289,0.38575780391693115,-0.008052990771830082,0.6031789183616638,0.3857215940952301,-0.010954120196402073,0.6104826927185059,0.38631173968315125,-0.015538368374109268,0.6154521107673645,0.3867345154285431,-0.01607484556734562,0.6204299926757812,0.38540130853652954,-0.014959228225052357,0.6242363452911377,0.3842337429523468,-0.0124711524695158,0.6292612552642822,0.38296547532081604,-0.006330076139420271,0.6322479844093323,0.38239017128944397,-0.004166238475590944,0.6032754778862,0.382893830537796,-0.012086753733456135,0.6065073609352112,0.38147270679473877,-0.01485863421112299,0.6104934811592102,0.38076114654541016,-0.017003336921334267,0.6153584718704224,0.3809255063533783,-0.017511028796434402,0.6202433705329895,0.3798900842666626,-0.01645076274871826,0.6240255832672119,0.37987589836120605,-0.013872708193957806,0.6289392709732056,0.3862892985343933,-0.010680305771529675,0.6322479844093323,0.38239017128944397,-0.004166238475590944,0.6835610866546631,0.29093897342681885,0.0733213946223259,0.5371583104133606,0.30579081177711487,0.0673770010471344,0.6174440383911133,0.4347189664840698,-0.012078270316123962,0.5666388273239136,0.39371708035469055,0.0057106115855276585,0.5611437559127808,0.3209819793701172,0.00233675935305655
ssirt0486.mp4,83,0.4906739294528961,0.7533444166183472,-8.342605894995359e-08,0.4648038446903229,0.6911100149154663,-0.0007731932564638555,0.45135724544525146,0.6136497259140015,-0.0071712820790708065,0.4393618404865265,0.5539129376411438,-0.014008985832333565,0.42212235927581787,0.5174351930618286,-0.021607574075460434,0.480909138917923,0.5627281665802002,-0.022425973787903786,0.4994337558746338,0.47174176573753357,-0.03065124712884426,0.511223316192627,0.41779470443725586,-0.03415121138095856,0.5198312997817993,0.3763333559036255,-0.037274137139320374,0.5050293803215027,0.5728119015693665,-0.02671727165579796,0.5359681248664856,0.5562149286270142,-0.034643858671188354,0.5304127335548401,0.5904189348220825,-0.03155550733208656,0.5178144574165344,0.6115590929985046,-0.030149485915899277,0.5302230715751648,0.6004000902175903,-0.02947789616882801,0.5497744679450989,0.5918797850608826,-0.035450056195259094,0.5442754626274109,0.6202124953269958,-0.02608174830675125,0.533989429473877,0.6392238736152649,-0.02097834087908268,0.5531174540519714,0.6302981376647949,-0.03206528350710869,0.5658321380615234,0.6155637502670288,-0.03318564593791962,0.5588743686676025,0.6437426209449768,-0.02271036058664322,0.5491517782211304,0.6640321016311646,-0.01527585368603468,0.6161236763000488,0.41168349981307983,-0.017378227785229683,0.6236898899078369,0.4090210795402527,-0.01664367876946926,0.6293444037437439,0.4021615982055664,-0.013970207422971725,0.6325137615203857,0.3934513330459595,-0.0106044365093112,0.6339085698127747,0.3868544101715088,-0.0059459395706653595,0.6347372531890869,0.3818497061729431,-0.0018389004981145263,0.6083943247795105,0.41047438979148865,-0.01727321930229664,0.6021267175674438,0.40489643812179565,-0.015155595727264881,0.597888708114624,0.3971579074859619,-0.012162057682871819,0.5956587195396423,0.39118143916130066,-0.007870039902627468,0.6153618693351746,0.36546722054481506,-0.022624464705586433,0.6220378875732422,0.3624301850795746,-0.021253924816846848,0.6281453371047974,0.3676926791667938,-0.017288781702518463,0.6315938830375671,0.37320515513420105,-0.012385171838104725,0.6336456537246704,0.37764817476272583,-0.0070226616226136684,0.5981546640396118,0.37644052505493164,-0.014065353199839592,0.6085424423217773,0.36361128091812134,-0.021857362240552902,0.6021129488945007,0.37001803517341614,-0.0184871144592762,0.5981546640396118,0.37644052505493164,-0.014065353199839592,0.5956546068191528,0.38166549801826477,-0.00908258929848671,0.5942335724830627,0.3864492177963257,-0.004103983286768198,0.5966886281967163,0.3858802020549774,-0.005961004178971052,0.6000255942344666,0.3854439854621887,-0.007874562405049801,0.6027024984359741,0.3852682113647461,-0.010781723074615002,0.6103881001472473,0.3857155740261078,-0.015341022983193398,0.6155452728271484,0.38618555665016174,-0.015862278640270233,0.6205537915229797,0.3848017454147339,-0.014743508771061897,0.6243773102760315,0.3836119771003723,-0.012265466153621674,0.6293931603431702,0.3823857307434082,-0.006158811040222645,0.6323186159133911,0.38190165162086487,-0.003995454870164394,0.6027751564979553,0.3831945061683655,-0.011963051743805408,0.6062138676643372,0.38207900524139404,-0.014745431020855904,0.6104155778884888,0.38161322474479675,-0.016888748854398727,0.6154788136482239,0.3818459212779999,-0.017390936613082886,0.6203885078430176,0.38074663281440735,-0.016322845593094826,0.6241894364356995,0.380444198846817,-0.01373697817325592,0.6291025280952454,0.38584640622138977,-0.010486875660717487,0.6323186159133911,0.38190165162086487,-0.003995454870164394,0.6833699345588684,0.29248151183128357,0.0735916793346405,0.5370818972587585,0.3053813576698303,0.06765148788690567,0.6170557141304016,0.435288667678833,-0.01182563416659832,0.5666986107826233,0.3936930000782013,0.005985936149954796,0.5610887408256531,0.32124415040016174,0.002383111510425806
ssirt0486.mp4,84,0.48846882581710815,0.7570270299911499,-8.323825539946483e-08,0.46136459708213806,0.7002182006835938,-0.0004654343647416681,0.4447685480117798,0.6274049878120422,-0.0085689015686512,0.4277511537075043,0.5682079792022705,-0.01759306900203228,0.40729740262031555,0.5336759686470032,-0.027468785643577576,0.4764789938926697,0.5698486566543579,-0.023573286831378937,0.49536067247390747,0.4764334559440613,-0.03327033296227455,0.5068332552909851,0.422763466835022,-0.03778592497110367,0.51645827293396,0.38115713000297546,-0.041381288319826126,0.5003023743629456,0.5776706337928772,-0.0283200703561306,0.5320358872413635,0.5621658563613892,-0.03683894872665405,0.5261708498001099,0.5971041917800903,-0.033828720450401306,0.514365553855896,0.6179251074790955,-0.03231826424598694,0.5255192518234253,0.6034537553787231,-0.031509868800640106,0.5457878708839417,0.5974646806716919,-0.037073977291584015,0.5399467349052429,0.626297652721405,-0.02747027948498726,0.5298714637756348,0.6450801491737366,-0.022110724821686745,0.5483932495117188,0.6315878033638,-0.034573253244161606,0.5611132979393005,0.621268093585968,-0.03465824946761131,0.5551481246948242,0.648140549659729,-0.02366475760936737,0.5462648868560791,0.6663988828659058,-0.01571165770292282,0.6161693334579468,0.41272249817848206,-0.01756916008889675,0.6240499019622803,0.4103291928768158,-0.016792599111795425,0.6302770972251892,0.40405237674713135,-0.013940483331680298,0.6343568563461304,0.3956276774406433,-0.01050698570907116,0.6365886926651001,0.3884331285953522,-0.005858800373971462,0.6379646062850952,0.38219237327575684,-0.001831016968935728,0.608081042766571,0.4116228222846985,-0.01743626408278942,0.601377010345459,0.4065021276473999,-0.015160568989813328,0.5964256525039673,0.3991893529891968,-0.012105210684239864,0.5935566425323486,0.39299824833869934,-0.007825312204658985,0.6154502630233765,0.3665173649787903,-0.02313053421676159,0.6226211786270142,0.36317676305770874,-0.02173435315489769,0.6293941140174866,0.36765509843826294,-0.017720161005854607,0.6335396766662598,0.37270042300224304,-0.012633946724236012,0.6363481879234314,0.3772950768470764,-0.007115969900041819,0.5966320037841797,0.37665560841560364,-0.014328760094940662,0.6080974340438843,0.3645888864994049,-0.02233951911330223,0.6011238098144531,0.3705243468284607,-0.018911583349108696,0.5966320037841797,0.37665560841560364,-0.014328760094940662,0.5935165882110596,0.3821371793746948,-0.009211501106619835,0.5916066765785217,0.3875422179698944,-0.004153511021286249,0.5940489768981934,0.38698676228523254,-0.005974051542580128,0.5978032946586609,0.38743865489959717,-0.007796399760991335,0.6008408069610596,0.3878185749053955,-0.010763948783278465,0.6097829937934875,0.3890969753265381,-0.015501460060477257,0.6156573295593262,0.38952064514160156,-0.016061443835496902,0.6213605403900146,0.3881707489490509,-0.01489490270614624,0.6259090304374695,0.38659778237342834,-0.012330973520874977,0.632133960723877,0.3839854598045349,-0.006039340049028397,0.6355471014976501,0.38224971294403076,-0.003953468985855579,0.6008840203285217,0.38260602951049805,-0.012351595796644688,0.6048642992973328,0.38087373971939087,-0.015319651924073696,0.609760046005249,0.3800784945487976,-0.017583871260285378,0.6155399680137634,0.3801496922969818,-0.018122151494026184,0.6211630702018738,0.3790733516216278,-0.01701461523771286,0.6257498860359192,0.37889552116394043,-0.014303493313491344,0.6311274170875549,0.3879324793815613,-0.010466846637427807,0.6355471014976501,0.38224971294403076,-0.003953468985855579,0.6840949654579163,0.29436036944389343,0.07367891818284988,0.5374084115028381,0.30640366673469543,0.06776848435401917,0.6171579360961914,0.437419593334198,-0.01202947087585926,0.5667006373405457,0.39425310492515564,0.005744394846260548,0.5614352822303772,0.32094547152519226,0.002239765366539359
ssirt0486.mp4,85,0.4883975684642792,0.7531371712684631,-9.58058805622386e-08,0.46159255504608154,0.6972637176513672,0.0004929811111651361,0.4438224136829376,0.6246076822280884,-0.00640596728771925,0.42654505372047424,0.5674465298652649,-0.014000591821968555,0.40717875957489014,0.5359526872634888,-0.022591909393668175,0.4757295250892639,0.5670679211616516,-0.023245438933372498,0.4943145215511322,0.47605830430984497,-0.03191099315881729,0.505592405796051,0.42170071601867676,-0.03576036915183067,0.5143553614616394,0.3808228075504303,-0.03893328830599785,0.5002678036689758,0.5755384564399719,-0.027487076818943024,0.5311408042907715,0.5608299970626831,-0.03466515243053436,0.5257078409194946,0.5954954624176025,-0.030480310320854187,0.5138350129127502,0.6182490587234497,-0.02849310263991356,0.5255337357521057,0.6019726395606995,-0.030042290687561035,0.5453794002532959,0.595942497253418,-0.035283349454402924,0.5398876070976257,0.6245417594909668,-0.02554776892066002,0.5295217037200928,0.6451737880706787,-0.020343350246548653,0.5485316514968872,0.6299688816070557,-0.03221820294857025,0.5601938962936401,0.620904803276062,-0.03259703516960144,0.5537960529327393,0.6494144797325134,-0.021963756531476974,0.5446431636810303,0.6695260405540466,-0.014534487389028072,0.6161677241325378,0.4140254557132721,-0.01775243878364563,0.6241006255149841,0.41160428524017334,-0.016958164051175117,0.6302785873413086,0.40504008531570435,-0.014011544175446033,0.634113073348999,0.39618024230003357,-0.01048770546913147,0.6360891461372375,0.38874444365501404,-0.005732884164899588,0.6372789144515991,0.38249486684799194,-0.0016752398805692792,0.6079513430595398,0.41281718015670776,-0.017586369067430496,0.6011207103729248,0.4073023200035095,-0.015204384922981262,0.5961029529571533,0.39953526854515076,-0.01206361036747694,0.5932026505470276,0.39314398169517517,-0.007686800789088011,0.6153730750083923,0.36689722537994385,-0.02326025441288948,0.6226414442062378,0.36333543062210083,-0.021872062236070633,0.6292423605918884,0.36766520142555237,-0.017806008458137512,0.6331969499588013,0.3728153705596924,-0.012624436058104038,0.635803759098053,0.3775162398815155,-0.007005500607192516,0.5962099432945251,0.37648165225982666,-0.014308332465589046,0.6078160405158997,0.3646300435066223,-0.022471746429800987,0.6007441282272339,0.370232492685318,-0.018994154408574104,0.5962099432945251,0.37648165225982666,-0.014308332465589046,0.5930950045585632,0.3821141719818115,-0.009097828529775143,0.5912489891052246,0.3876878619194031,-0.003977406304329634,0.593786358833313,0.38688570261001587,-0.005800833459943533,0.5975776314735413,0.3870827555656433,-0.0076540326699614525,0.6006808280944824,0.3873089551925659,-0.010679829865694046,0.6096791625022888,0.388645201921463,-0.015523167327046394,0.6155554056167603,0.38925614953041077,-0.016111720353364944,0.6211470365524292,0.3877819776535034,-0.014932913705706596,0.6255462765693665,0.3861560523509979,-0.01232494693249464,0.6314769983291626,0.3838580250740051,-0.005914222449064255,0.6347692012786865,0.3824070394039154,-0.0038034829776734114,0.600640058517456,0.38206613063812256,-0.012318732216954231,0.6046463847160339,0.38027840852737427,-0.015361210331320763,0.6095625162124634,0.3796306252479553,-0.01768166944384575,0.61539226770401,0.37996354699134827,-0.018248293548822403,0.6209279298782349,0.3787457346916199,-0.01712319254875183,0.625377893447876,0.3785153329372406,-0.014356817118823528,0.6307040452957153,0.38788580894470215,-0.010429786518216133,0.6347692012786865,0.3824070394039154,-0.0038034829776734114,0.6840193271636963,0.29501956701278687,0.07409843802452087,0.5372085571289062,0.3067646920681,0.06810387969017029,0.6171607375144958,0.437755823135376,-0.012278672307729721,0.5665384531021118,0.3942926228046417,0.005832696799188852,0.561038613319397,0.32120099663734436,0.0022551091387867928
ssirt0486.mp4,86,0.4844997823238373,0.7619949579238892,-7.439987115276381e-08,0.4569525718688965,0.705634593963623,-0.002178823808208108,0.4386101961135864,0.6343033909797668,-0.010963549837470055,0.42019474506378174,0.5778121948242188,-0.02062072604894638,0.3980931043624878,0.5450876355171204,-0.031126081943511963,0.4725249111652374,0.5736493468284607,-0.02315610647201538,0.4916362464427948,0.4843783378601074,-0.0330018475651741,0.503592848777771,0.4311768412590027,-0.038299545645713806,0.5130668878555298,0.3894616961479187,-0.042643457651138306,0.4968295991420746,0.5837402939796448,-0.027988791465759277,0.5275424718856812,0.5694538354873657,-0.03767779469490051,0.5230344533920288,0.6044978499412537,-0.03557966277003288,0.5115531086921692,0.6273395419120789,-0.03466834872961044,0.5218066573143005,0.6116061210632324,-0.03161441534757614,0.542403519153595,0.6042065620422363,-0.03907425329089165,0.5370696783065796,0.6328155398368835,-0.030104417353868484,0.5264735817909241,0.6530599594116211,-0.024926329031586647,0.5442193150520325,0.6415738463401794,-0.035224348306655884,0.5582185983657837,0.6293544769287109,-0.03709231689572334,0.5517422556877136,0.6567875146865845,-0.026715131476521492,0.5419353246688843,0.6764642596244812,-0.01920090802013874,0.6167348027229309,0.4148023724555969,-0.01770191267132759,0.6251909732818604,0.41264739632606506,-0.016902660951018333,0.6319385766983032,0.4066700339317322,-0.01384103111922741,0.6363928318023682,0.3983393609523773,-0.01018819585442543,0.6388572454452515,0.39094412326812744,-0.005274207331240177,0.6403552293777466,0.38423070311546326,-0.0011531180934980512,0.6078236103057861,0.4137202799320221,-0.017475642263889313,0.600180447101593,0.4086478352546692,-0.014942158944904804,0.5941823720932007,0.40126943588256836,-0.01165250688791275,0.5903995633125305,0.3947911262512207,-0.007080377545207739,0.6161099672317505,0.36642324924468994,-0.023082183673977852,0.6240113973617554,0.36327236890792847,-0.021731602028012276,0.6313427686691284,0.36773234605789185,-0.017607247456908226,0.6358184218406677,0.3731730580329895,-0.012331266887485981,0.6388210654258728,0.37841883301734924,-0.006600328255444765,0.5941162109375,0.37647396326065063,-0.013876587152481079,0.607774019241333,0.3643072545528412,-0.0222790390253067,0.5995545387268066,0.3700563311576843,-0.01868264377117157,0.5941162109375,0.37647396326065063,-0.013876587152481079,0.5901533961296082,0.38251328468322754,-0.008523354306817055,0.587852954864502,0.388723760843277,-0.0032985727302730083,0.5905556082725525,0.38805246353149414,-0.005149093456566334,0.5949323773384094,0.3892518877983093,-0.0071009197272360325,0.5986582636833191,0.3900109827518463,-0.010263989679515362,0.6094104647636414,0.3917979598045349,-0.015298016369342804,0.616189181804657,0.3922877609729767,-0.01593051478266716,0.6224669814109802,0.3909394145011902,-0.014759496785700321,0.6274198889732361,0.3891538679599762,-0.012100041843950748,0.6340376734733582,0.3861134648323059,-0.005495105404406786,0.6376854777336121,0.3840166926383972,-0.0032947936560958624,0.5986279845237732,0.3817404508590698,-0.011800140142440796,0.6034432649612427,0.37923091650009155,-0.014916207641363144,0.6092485785484314,0.37797972559928894,-0.01730959489941597,0.615934431552887,0.37800127267837524,-0.01792202703654766,0.6221194267272949,0.3771549463272095,-0.016802752390503883,0.6271428465843201,0.3775085210800171,-0.014001785777509212,0.6329359412193298,0.3901858925819397,-0.010148007422685623,0.6376854777336121,0.3840166926383972,-0.0032947936560958624,0.6847610473632812,0.2964220345020294,0.07456473261117935,0.5381033420562744,0.30665484070777893,0.06891357153654099,0.6166209578514099,0.4387013614177704,-0.012102925218641758,0.5661735534667969,0.3945198357105255,0.0065939705818891525,0.5612491965293884,0.3213788568973541,0.00252494215965271
ssirt0486.mp4,87,0.4841403365135193,0.7618034482002258,-8.02612518668866e-08,0.4576713740825653,0.7067093849182129,0.0008259171736426651,0.43851959705352783,0.6345188021659851,-0.006865541450679302,0.4194156527519226,0.5775412321090698,-0.01530027948319912,0.39813581109046936,0.5468744039535522,-0.024746336042881012,0.4710143506526947,0.5755121111869812,-0.023928087204694748,0.4915210008621216,0.4835841655731201,-0.03345351293683052,0.5037851929664612,0.4288037121295929,-0.03808821365237236,0.5137458443641663,0.3879515528678894,-0.04162202402949333,0.49595046043395996,0.584419310092926,-0.028304459527134895,0.5276045799255371,0.5668637752532959,-0.03554808348417282,0.5222028493881226,0.6026478409767151,-0.030754784122109413,0.5106212496757507,0.627286434173584,-0.028263084590435028,0.5215451717376709,0.6119270324707031,-0.030995067209005356,0.5428473353385925,0.602168619632721,-0.03672318533062935,0.5371080636978149,0.6312665939331055,-0.02666582725942135,0.5261624455451965,0.6534967422485352,-0.02106192149221897,0.5453594923019409,0.6405282616615295,-0.03307156264781952,0.5580717325210571,0.6276801228523254,-0.03381088748574257,0.551819920539856,0.6569872498512268,-0.022635042667388916,0.5424184203147888,0.6775518655776978,-0.014736761339008808,0.6161023378372192,0.41517728567123413,-0.017478734254837036,0.6246303915977478,0.41299253702163696,-0.016659485176205635,0.6315025091171265,0.4069889485836029,-0.01366781909018755,0.6361721158027649,0.39860010147094727,-0.010053381323814392,0.6388285756111145,0.39105847477912903,-0.005152171943336725,0.6404290795326233,0.38413357734680176,-0.0010183025151491165,0.6073632836341858,0.4141245484352112,-0.017329474911093712,0.5999838709831238,0.4091414213180542,-0.01496458612382412,0.5943334698677063,0.4017179608345032,-0.01177736185491085,0.5908911228179932,0.3950589895248413,-0.007288185879588127,0.6154478192329407,0.366573691368103,-0.02285567857325077,0.6234456300735474,0.36332887411117554,-0.02146068587899208,0.6309696435928345,0.36758697032928467,-0.01732187159359455,0.635594367980957,0.37293562293052673,-0.012100333347916603,0.6387552618980408,0.37821251153945923,-0.00641564792022109,0.5943182706832886,0.3762838542461395,-0.013947522267699242,0.6072616577148438,0.3644491136074066,-0.022115632891654968,0.5993930101394653,0.36992958188056946,-0.01862555369734764,0.5943182706832886,0.3762838542461395,-0.013947522267699242,0.5906916260719299,0.3824000358581543,-0.008704766631126404,0.58864426612854,0.388807475566864,-0.003540386212989688,0.59134840965271,0.3880261778831482,-0.005368981976062059,0.5955424904823303,0.38948482275009155,-0.007298213895410299,0.598997175693512,0.39055827260017395,-0.01037890650331974,0.6091223955154419,0.39283090829849243,-0.01523214764893055,0.6156762838363647,0.3933219611644745,-0.01579265668988228,0.6220133304595947,0.3919621706008911,-0.014597120694816113,0.6270889043807983,0.3899896442890167,-0.011950526386499405,0.6339836120605469,0.38633713126182556,-0.005399974994361401,0.6377350091934204,0.38388022780418396,-0.0031871225219219923,0.5989425778388977,0.381594717502594,-0.011834889650344849,0.6034352779388428,0.37920132279396057,-0.014844730496406555,0.6089615821838379,0.3780773878097534,-0.017139224335551262,0.6154178977012634,0.3780951201915741,-0.017679773271083832,0.621688961982727,0.37721318006515503,-0.016535121947526932,0.6268578767776489,0.37744420766830444,-0.01375352032482624,0.6327133178710938,0.39067143201828003,-0.010011374019086361,0.6377350091934204,0.38388022780418396,-0.0031871225219219923,0.6849358677864075,0.29728904366493225,0.07481894642114639,0.5380474925041199,0.3059729337692261,0.06824030727148056,0.616767942905426,0.43903830647468567,-0.011930151842534542,0.5664251446723938,0.3950788676738739,0.006293410900980234,0.5615416169166565,0.3218778073787689,0.0022362787276506424
ssirt0486.mp4,88,0.4833487570285797,0.7638549208641052,-7.698682225054654e-08,0.4575996398925781,0.7040944695472717,0.0013644917635247111,0.4414100646972656,0.6298571825027466,-0.005792080424726009,0.4262043237686157,0.568244457244873,-0.013601772487163544,0.40771713852882385,0.5308727025985718,-0.022350231185555458,0.47067949175834656,0.5773821473121643,-0.023772835731506348,0.4920918047428131,0.4842398762702942,-0.033363793045282364,0.5047652721405029,0.4296240210533142,-0.03778312727808952,0.5152651071548462,0.38848719000816345,-0.04104223847389221,0.49548324942588806,0.5867491960525513,-0.028087399899959564,0.5304953455924988,0.5638689398765564,-0.03524293750524521,0.5260610580444336,0.5987732410430908,-0.030085401609539986,0.5143682956695557,0.6234129667282104,-0.027252906933426857,0.5215002298355103,0.6137910485267639,-0.03061669133603573,0.5455616116523743,0.6008599996566772,-0.0356253981590271,0.5401651859283447,0.6283714771270752,-0.02503269724547863,0.5291330218315125,0.6501278877258301,-0.019198287278413773,0.5457992553710938,0.6415795087814331,-0.03252295404672623,0.5593854188919067,0.6280239820480347,-0.03255971148610115,0.5533463358879089,0.6565760374069214,-0.021223193034529686,0.5440027117729187,0.6770681142807007,-0.013300932943820953,0.6161988973617554,0.41499942541122437,-0.017865151166915894,0.6246196031570435,0.4127405285835266,-0.01704014278948307,0.6313417553901672,0.406764417886734,-0.013987421989440918,0.635823667049408,0.3985355794429779,-0.010328412055969238,0.6383500099182129,0.39121127128601074,-0.00539350276812911,0.6398821473121643,0.3844212591648102,-0.0012443421874195337,0.6073968410491943,0.41402173042297363,-0.01770198345184326,0.5998782515525818,0.40919363498687744,-0.01527539175003767,0.5940497517585754,0.40198132395744324,-0.0120519008487463,0.5904043316841125,0.39552024006843567,-0.007536667864769697,0.6157987713813782,0.3665315508842468,-0.023311985656619072,0.6236995458602905,0.36353108286857605,-0.021888457238674164,0.6309829354286194,0.3678487241268158,-0.017701996490359306,0.63542240858078,0.37322497367858887,-0.01242102961987257,0.6383904814720154,0.37851768732070923,-0.006677278317511082,0.5941674113273621,0.37677064538002014,-0.014278317801654339,0.6075313687324524,0.36467403173446655,-0.02254369482398033,0.5994723439216614,0.370375394821167,-0.0190119706094265,0.5941674113273621,0.37677064538002014,-0.014278317801654339,0.5902712941169739,0.3828933537006378,-0.008983466774225235,0.5880213379859924,0.38930854201316833,-0.003777246456593275,0.5907047986984253,0.38852399587631226,-0.005601426586508751,0.5949702858924866,0.39034804701805115,-0.007525450550019741,0.5985782742500305,0.3915575444698334,-0.010641446337103844,0.609066903591156,0.3938329815864563,-0.015572558157145977,0.6157634258270264,0.39423441886901855,-0.01615378074347973,0.622053861618042,0.3927847445011139,-0.014948315918445587,0.6270102262496948,0.3907099962234497,-0.01226281188428402,0.6336011290550232,0.38680580258369446,-0.005622146185487509,0.6372026205062866,0.38410645723342896,-0.00341314566321671,0.5986137986183167,0.3815038800239563,-0.012183163315057755,0.6033294200897217,0.37880146503448486,-0.015256323851644993,0.6090356707572937,0.3773937523365021,-0.017595384269952774,0.6156384348869324,0.37728941440582275,-0.018153676763176918,0.6218169927597046,0.3764582872390747,-0.016993679106235504,0.6268388628959656,0.37686580419540405,-0.014163060113787651,0.632453441619873,0.3910748064517975,-0.010299436748027802,0.6372026205062866,0.38410645723342896,-0.00341314566321671,0.6848675012588501,0.29885417222976685,0.07539229840040207,0.5378013253211975,0.3061979115009308,0.06861503422260284,0.6164130568504333,0.43893152475357056,-0.01234496757388115,0.566224217414856,0.39481738209724426,0.006076231598854065,0.561348021030426,0.32160550355911255,0.0022360398434102535
ssirt0486.mp4,89,0.48334163427352905,0.768742561340332,-4.9869079532527394e-08,0.4586341679096222,0.7031072974205017,0.0007309134234674275,0.44815781712532043,0.6236546039581299,-0.004993663169443607,0.44288578629493713,0.5593326091766357,-0.011588369496166706,0.4301527738571167,0.5163649320602417,-0.01880701072514057,0.4716361463069916,0.5774032473564148,-0.019868815317749977,0.4923381507396698,0.4853828549385071,-0.028377506881952286,0.5068719387054443,0.4325459599494934,-0.03206433355808258,0.5174562335014343,0.3916908800601959,-0.03491839021444321,0.4950920045375824,0.5906973481178284,-0.02551204152405262,0.5322356224060059,0.559525728225708,-0.03455045446753502,0.529381275177002,0.5930061340332031,-0.03148588538169861,0.5161872506141663,0.6177935004234314,-0.029271624982357025,0.5203179717063904,0.6181269288063049,-0.02970379963517189,0.5479139685630798,0.5928100347518921,-0.03623924031853676,0.5435690879821777,0.6208177804946899,-0.026308923959732056,0.5319139957427979,0.641936182975769,-0.020189838483929634,0.5435173511505127,0.6468851566314697,-0.03364527225494385,0.5627166628837585,0.6179537773132324,-0.03488278388977051,0.5570780038833618,0.6450789570808411,-0.02397776208817959,0.5467687249183655,0.6664500832557678,-0.015993108972907066,0.6164079308509827,0.4145786762237549,-0.018017074093222618,0.6247029304504395,0.4123762249946594,-0.01712960936129093,0.6313514709472656,0.4065389633178711,-0.013979840092360973,0.6357861757278442,0.39849528670310974,-0.010259856469929218,0.6382893323898315,0.3913176655769348,-0.005264970939606428,0.6397978067398071,0.3847009539604187,-0.0010878504253923893,0.6076776385307312,0.4136809706687927,-0.017895540222525597,0.6002023220062256,0.4090486764907837,-0.015469864942133427,0.5943825840950012,0.40216201543807983,-0.012240750715136528,0.5907476544380188,0.396061509847641,-0.007730458397418261,0.6160714030265808,0.36787259578704834,-0.02343582734465599,0.6239878535270691,0.3644765317440033,-0.021954135969281197,0.6311070322990417,0.3684494197368622,-0.01770271547138691,0.6354237794876099,0.37367963790893555,-0.012348713353276253,0.6383053064346313,0.3788485527038574,-0.006544382311403751,0.5944798588752747,0.3775806427001953,-0.014505423605442047,0.6077402234077454,0.3657054305076599,-0.022719815373420715,0.5997527241706848,0.37119442224502563,-0.01924205757677555,0.5944798588752747,0.3775806427001953,-0.014505423605442047,0.5906217098236084,0.3837409019470215,-0.009200161322951317,0.5883519053459167,0.39020389318466187,-0.003995276056230068,0.5910503268241882,0.3893195688724518,-0.005783719010651112,0.5953210592269897,0.3907721936702728,-0.007683545351028442,0.5989237427711487,0.39171910285949707,-0.010796735994517803,0.6093642115592957,0.393812894821167,-0.01570940762758255,0.6160078048706055,0.39425939321517944,-0.0162496417760849,0.622208297252655,0.39274662733078003,-0.014982502907514572,0.6270776987075806,0.39061400294303894,-0.012236109934747219,0.6335436105728149,0.38687777519226074,-0.005493436008691788,0.6371038556098938,0.3843531310558319,-0.003274685936048627,0.5988866090774536,0.3820344805717468,-0.01241381000727415,0.6035603284835815,0.37926995754241943,-0.015499797649681568,0.6092397570610046,0.37793129682540894,-0.01782812550663948,0.6158167123794556,0.37789830565452576,-0.018344689160585403,0.6219407916069031,0.3769143521785736,-0.017126131802797318,0.6269100904464722,0.3771461248397827,-0.014227500185370445,0.63243567943573,0.39103880524635315,-0.010234284214675426,0.6371038556098938,0.3843531310558319,-0.003274685936048627,0.6844555139541626,0.2988535463809967,0.07603881508111954,0.5373519659042358,0.30653199553489685,0.06813783943653107,0.6165406703948975,0.4382564425468445,-0.012607359327375889,0.566074550151825,0.3947286903858185,0.005653815809637308,0.5611847639083862,0.3215844929218292,0.0018617445603013039
ssirt0486.mp4,90,0.4849802851676941,0.7742295265197754,-4.443889167760062e-08,0.46683669090270996,0.6941971778869629,0.009937550872564316,0.47016817331314087,0.6184626817703247,0.00749829038977623,0.4838677942752838,0.5662986040115356,0.0022248115856200457,0.4977458715438843,0.5338701605796814,-0.003860495053231716,0.47323179244995117,0.582819938659668,-0.012437831610441208,0.49641358852386475,0.4897159934043884,-0.020895851776003838,0.5136128067970276,0.4392097592353821,-0.024062806740403175,0.5257662534713745,0.3981418013572693,-0.02593853510916233,0.49552324414253235,0.5960401892662048,-0.022199874743819237,0.5364723205566406,0.5375049114227295,-0.03086433745920658,0.5375367999076843,0.5733039379119873,-0.026849744841456413,0.5254517793655396,0.6004613041877747,-0.022745046764612198,0.5207078456878662,0.6195769309997559,-0.029884355142712593,0.5529841780662537,0.5685961246490479,-0.03308400884270668,0.5516757369041443,0.5979889035224915,-0.02095777913928032,0.5416082739830017,0.6219292283058167,-0.012616130523383617,0.5436602830886841,0.647257924079895,-0.03694036230444908,0.5667910575866699,0.5938113331794739,-0.03329157829284668,0.5642645359039307,0.6143759489059448,-0.020073125138878822,0.5560898184776306,0.6358087062835693,-0.010402526706457138,0.6158304810523987,0.41262975335121155,-0.01808432675898075,0.6240999102592468,0.41056525707244873,-0.017250580713152885,0.6307718753814697,0.40502938628196716,-0.014125245623290539,0.6352512836456299,0.39748015999794006,-0.010386678390204906,0.6378005146980286,0.390868604183197,-0.0053346604108810425,0.6393455266952515,0.3848651349544525,-0.0011263599153608084,0.6072397232055664,0.4117124676704407,-0.017884831875562668,0.5999136567115784,0.40722835063934326,-0.015354062430560589,0.5942386984825134,0.40070104598999023,-0.012032117694616318,0.5907248258590698,0.3950860798358917,-0.007383923511952162,0.6153048276901245,0.36779558658599854,-0.02308681420981884,0.6232262253761292,0.3644092082977295,-0.02168942056596279,0.6304632425308228,0.36862313747406006,-0.017506225034594536,0.6348530650138855,0.3739672005176544,-0.012252516113221645,0.6378156542778015,0.3791305720806122,-0.006525763776153326,0.5942202806472778,0.3775367736816406,-0.014047747477889061,0.6070834398269653,0.36556702852249146,-0.022328073158860207,0.599288821220398,0.371148943901062,-0.01877959817647934,0.5942202806472778,0.3775367736816406,-0.014047747477889061,0.590538501739502,0.3836018443107605,-0.008737176656723022,0.5883786082267761,0.3898295760154724,-0.0035516181960701942,0.5910846590995789,0.3889905512332916,-0.0053765675984323025,0.5952777862548828,0.38981375098228455,-0.007384099066257477,0.5987756252288818,0.3903549909591675,-0.01058300118893385,0.608898937702179,0.3920188844203949,-0.01561141200363636,0.6154058575630188,0.3925112783908844,-0.016214512288570404,0.6215740442276001,0.39112791419029236,-0.015015354380011559,0.6264540553092957,0.389249712228775,-0.012304098345339298,0.6330254077911377,0.38632142543792725,-0.005568516906350851,0.6366565823554993,0.3844836354255676,-0.0032878792844712734,0.5987405180931091,0.38209569454193115,-0.011910364031791687,0.6032379865646362,0.37937110662460327,-0.014980890788137913,0.6087381839752197,0.37806564569473267,-0.017336325719952583,0.6151453256607056,0.3780588209629059,-0.017908615991473198,0.6212406754493713,0.3771398067474365,-0.016755925491452217,0.6262199878692627,0.3774411976337433,-0.013927463442087173,0.6318687796592712,0.3900565505027771,-0.010338309220969677,0.6366565823554993,0.3844836354255676,-0.0032878792844712734,0.6839457750320435,0.2985813617706299,0.07544263452291489,0.5371010303497314,0.30695581436157227,0.0688241496682167,0.6160961389541626,0.43695682287216187,-0.012721813283860683,0.5656043887138367,0.3947147727012634,0.006195593625307083,0.560886561870575,0.32162514328956604,0.0023657730780541897
ssirt0486.mp4,91,0.48543429374694824,0.7749559879302979,2.362745306072611e-07,0.47076576948165894,0.6836622357368469,0.01073009055107832,0.47849124670028687,0.6144869327545166,0.009152164682745934,0.49890395998954773,0.5695617198944092,0.005331000313162804,0.5212579965591431,0.5450422167778015,0.0008426985586993396,0.4768838882446289,0.583366870880127,-0.007867030799388885,0.5059646964073181,0.49373820424079895,-0.01381915993988514,0.5246709585189819,0.4477105736732483,-0.01514595840126276,0.5388639569282532,0.41377758979797363,-0.015242097899317741,0.49972549080848694,0.6012585163116455,-0.017692551016807556,0.5383679866790771,0.5203801393508911,-0.02111019194126129,0.5594968795776367,0.4955728054046631,-0.019376104697585106,0.5723451375961304,0.4834340512752533,-0.01796647347509861,0.5254597663879395,0.6280623078346252,-0.02573932148516178,0.5566381216049194,0.5479390621185303,-0.025329679250717163,0.5741112232208252,0.5146886706352234,-0.019434854388237,0.5849011540412903,0.4940045475959778,-0.016258282586932182,0.5493103861808777,0.6594749093055725,-0.03305235877633095,0.5683897733688354,0.5887417793273926,-0.029746631160378456,0.579072117805481,0.5549278259277344,-0.02186327427625656,0.5867836475372314,0.5295451879501343,-0.016101451590657234,0.6152488589286804,0.41082799434661865,-0.018509628251194954,0.6234195232391357,0.40883708000183105,-0.01767565868794918,0.63005131483078,0.40361812710762024,-0.01461754646152258,0.6345636248588562,0.39641451835632324,-0.010899032466113567,0.637148380279541,0.3900241255760193,-0.005822704639285803,0.6386921405792236,0.3841586410999298,-0.001512765185907483,0.6067491769790649,0.41006970405578613,-0.018358126282691956,0.5994771718978882,0.40596574544906616,-0.015943072736263275,0.5938102006912231,0.3998525142669678,-0.012667743489146233,0.5902941226959229,0.39452776312828064,-0.008025066927075386,0.6146661639213562,0.3672943413257599,-0.023089416325092316,0.6224986910820007,0.36392325162887573,-0.021670471876859665,0.629734218120575,0.3680717349052429,-0.017537301406264305,0.6341544985771179,0.3733518123626709,-0.012410745024681091,0.6371638774871826,0.3784641623497009,-0.006809608079493046,0.5937603712081909,0.37725943326950073,-0.014342046342790127,0.6065342426300049,0.3652113080024719,-0.022361652925610542,0.5988037586212158,0.37087902426719666,-0.018909038975834846,0.5937603712081909,0.37725943326950073,-0.014342046342790127,0.5900807976722717,0.38329124450683594,-0.009184353984892368,0.5879412293434143,0.38945960998535156,-0.004120546858757734,0.5906264185905457,0.3886321783065796,-0.0059456429444253445,0.5947802662849426,0.38936346769332886,-0.007970506325364113,0.5982635021209717,0.38979285955429077,-0.011081898584961891,0.608346700668335,0.39108002185821533,-0.01592511683702469,0.614814817905426,0.39145195484161377,-0.016478383913636208,0.6209388971328735,0.39010459184646606,-0.015279603190720081,0.6258074641227722,0.3883247375488281,-0.012613716535270214,0.6324170827865601,0.38556402921676636,-0.0060135661624372005,0.6360358595848083,0.3837831914424896,-0.003696751780807972,0.5982369184494019,0.3816571831703186,-0.012184888124465942,0.602713406085968,0.3788599967956543,-0.015104489400982857,0.6081709861755371,0.37744390964508057,-0.017353422939777374,0.614520788192749,0.3773271441459656,-0.017875175923109055,0.6205659508705139,0.37640315294265747,-0.0167227890342474,0.6255283951759338,0.3767070770263672,-0.013965195044875145,0.6312196850776672,0.38913676142692566,-0.010735549032688141,0.6360358595848083,0.3837831914424896,-0.003696751780807972,0.6833354234695435,0.29828518629074097,0.07557965070009232,0.5367832183837891,0.307329922914505,0.06870052963495255,0.6156370639801025,0.43568938970565796,-0.013369759544730186,0.56531822681427,0.39477014541625977,0.005663922987878323,0.5606260299682617,0.3219744861125946,0.0022849193774163723
ssirt0486.mp4,92,0.48614829778671265,0.776236891746521,2.235359772839729e-07,0.470723956823349,0.6841336488723755,0.012061120010912418,0.4780243933200836,0.6160737872123718,0.010897296480834484,0.49868687987327576,0.5692487359046936,0.0073550306260585785,0.5210159420967102,0.5443000793457031,0.003179695224389434,0.477254718542099,0.5828418135643005,-0.006944614462554455,0.5065675377845764,0.4945885241031647,-0.012508389540016651,0.5247482657432556,0.4487740993499756,-0.013412410393357277,0.5383668541908264,0.41463813185691833,-0.013168257661163807,0.5007293224334717,0.5992317795753479,-0.01710335724055767,0.5391925573348999,0.5195660591125488,-0.02016502432525158,0.5608627796173096,0.49581214785575867,-0.017792675644159317,0.5741775035858154,0.48546457290649414,-0.015607049688696861,0.526513397693634,0.6261360049247742,-0.02528487518429756,0.5574656128883362,0.547208309173584,-0.024337856099009514,0.5753246545791626,0.5155631899833679,-0.017351120710372925,0.5865441560745239,0.496249794960022,-0.013151292689144611,0.5498672723770142,0.6589663624763489,-0.03261728212237358,0.5685328841209412,0.5875607132911682,-0.02866065502166748,0.5787928700447083,0.5539556741714478,-0.019814854487776756,0.5861862897872925,0.5290353894233704,-0.013088041916489601,0.6149404644966125,0.41147029399871826,-0.018300030380487442,0.6232157945632935,0.40938735008239746,-0.017510300502181053,0.6298914551734924,0.40398383140563965,-0.014584763906896114,0.6344472169876099,0.3966836929321289,-0.0109587786719203,0.6370700001716614,0.3903208374977112,-0.005970034748315811,0.6386411190032959,0.38451388478279114,-0.0016816434217616916,0.6064647436141968,0.41064831614494324,-0.018154868856072426,0.5992903709411621,0.4064028263092041,-0.015839777886867523,0.5937972664833069,0.40010058879852295,-0.012640262022614479,0.5904751420021057,0.39459502696990967,-0.008071674033999443,0.6145451664924622,0.3664953410625458,-0.022946637123823166,0.6223727464675903,0.363338440656662,-0.021542513743042946,0.629696249961853,0.36780211329460144,-0.017464958131313324,0.6341264843940735,0.3733277916908264,-0.012441868893802166,0.6371439099311829,0.37866851687431335,-0.0069311331026256084,0.5939046740531921,0.37684640288352966,-0.01427445188164711,0.6065104007720947,0.36447831988334656,-0.02219466306269169,0.5988345742225647,0.3703112304210663,-0.018756922334432602,0.5939046740531921,0.37684640288352966,-0.01427445188164711,0.5903443098068237,0.3830682039260864,-0.009199799038469791,0.5883203744888306,0.38941726088523865,-0.004184555262327194,0.5909996032714844,0.38854342699050903,-0.006018117535859346,0.5950452089309692,0.38940995931625366,-0.008034114725887775,0.5984100699424744,0.389954537153244,-0.011103647761046886,0.6082309484481812,0.3914816081523895,-0.01586802862584591,0.6145918369293213,0.3918921947479248,-0.01642025262117386,0.620735228061676,0.39055177569389343,-0.015262439846992493,0.6256238222122192,0.38873493671417236,-0.012654440477490425,0.6322900652885437,0.385877400636673,-0.006174976471811533,0.6359716653823853,0.38407477736473083,-0.0038700082805007696,0.5984796285629272,0.3813498914241791,-0.012109015136957169,0.602848470211029,0.378510057926178,-0.014957062900066376,0.6082022190093994,0.37710684537887573,-0.017161857336759567,0.6144338250160217,0.3770170509815216,-0.01768173836171627,0.620474100112915,0.376211017370224,-0.01657126285135746,0.6254407167434692,0.376647412776947,-0.013885220512747765,0.6310775279998779,0.3895140290260315,-0.010809705592691898,0.6359716653823853,0.38407477736473083,-0.0038700082805007696,0.6833054423332214,0.2977827191352844,0.07524139434099197,0.5369067192077637,0.3069852590560913,0.06857594102621078,0.6154211163520813,0.435702919960022,-0.013048339635133743,0.5654861927032471,0.3950498104095459,0.00572929484769702,0.5608028769493103,0.322330117225647,0.0023563799913972616
ssirt0486.mp4,93,0.49676766991615295,0.7726148962974548,2.5905382017299416e-07,0.482516348361969,0.684928297996521,0.00936383567750454,0.49083855748176575,0.6166383028030396,0.008119468577206135,0.512808084487915,0.5745512843132019,0.004803718067705631,0.5354434251785278,0.5540684461593628,0.0007747273775748909,0.4922061562538147,0.5853909850120544,-0.007881158031523228,0.5274540185928345,0.5034869313240051,-0.014181526377797127,0.5471457242965698,0.46275877952575684,-0.015788845717906952,0.561621904373169,0.43305355310440063,-0.016018379479646683,0.5157930254936218,0.6031485199928284,-0.017161687836050987,0.549692690372467,0.5155344605445862,-0.02083205245435238,0.5689910054206848,0.47084492444992065,-0.02120540477335453,0.5825763940811157,0.4374653100967407,-0.02155914530158043,0.5396029353141785,0.6277459263801575,-0.024889076128602028,0.5663613080978394,0.5420714020729065,-0.026318740099668503,0.5816822648048401,0.4963425099849701,-0.025172147899866104,0.5917519927024841,0.4615132808685303,-0.024925313889980316,0.5616459846496582,0.6572937369346619,-0.031786516308784485,0.5794681310653687,0.5849953293800354,-0.03164553642272949,0.5894977450370789,0.5439213514328003,-0.02811511605978012,0.5974730253219604,0.5097577571868896,-0.02519749477505684,0.6135948300361633,0.40626606345176697,-0.018436430022120476,0.6212799549102783,0.4045082926750183,-0.017887314781546593,0.6277670860290527,0.3998476266860962,-0.015451973304152489,0.6325060725212097,0.39364415407180786,-0.012089491821825504,0.6355139017105103,0.38830989599227905,-0.007287859451025724,0.6375780701637268,0.38318565487861633,-0.002943091094493866,0.6059273481369019,0.4056573808193207,-0.018216010183095932,0.5992815494537354,0.4021553099155426,-0.016037143766880035,0.5940558314323425,0.39703187346458435,-0.012913801707327366,0.5907264351844788,0.39270615577697754,-0.008363782428205013,0.6127086281776428,0.36793938279151917,-0.022844361141324043,0.6200886964797974,0.3649625778198242,-0.02158546634018421,0.6272465586662292,0.36911705136299133,-0.017772339284420013,0.6319860816001892,0.37400510907173157,-0.013167721219360828,0.6354604363441467,0.3784741163253784,-0.008014670573174953,0.5937275290489197,0.3774690628051758,-0.01411826629191637,0.6052624583244324,0.36610478162765503,-0.021935133263468742,0.5983205437660217,0.3714848458766937,-0.018443621695041656,0.5937275290489197,0.3774690628051758,-0.01411826629191637,0.5903666019439697,0.3829520344734192,-0.009216392412781715,0.5883863568305969,0.3883321285247803,-0.004258272238075733,0.5908277034759521,0.38745763897895813,-0.0062354314140975475,0.5945737361907959,0.38775429129600525,-0.00835975632071495,0.5978154540061951,0.38777726888656616,-0.011333453468978405,0.6071962714195251,0.3881606161594391,-0.015936363488435745,0.6131619215011597,0.3883480429649353,-0.016551651060581207,0.6191511154174805,0.3871315121650696,-0.015607795678079128,0.624174177646637,0.385760098695755,-0.013283845037221909,0.6314852237701416,0.38404136896133423,-0.007400317117571831,0.6351965069770813,0.3827999234199524,-0.005123879294842482,0.5977641940116882,0.38144487142562866,-0.011940289288759232,0.6019437313079834,0.37897053360939026,-0.014603177085518837,0.6070447564125061,0.37769949436187744,-0.016732942312955856,0.6129432320594788,0.37759971618652344,-0.017331833019852638,0.618909478187561,0.3766675591468811,-0.01641125977039337,0.6239998936653137,0.3769180178642273,-0.014035256579518318,0.6297051310539246,0.3868407607078552,-0.011751849204301834,0.6351965069770813,0.3827999234199524,-0.005123879294842482,0.6836985349655151,0.29390838742256165,0.07448384165763855,0.5371055603027344,0.30400481820106506,0.07050023227930069,0.6157482862472534,0.4303177297115326,-0.013087745755910873,0.566603422164917,0.39093104004859924,0.006514160893857479,0.5604449510574341,0.32079559564590454,0.0035074108745902777
ssirt0486.mp4,94,0.4970952570438385,0.7703719139099121,2.70148802883341e-07,0.4819760322570801,0.6820967793464661,0.009240832179784775,0.4909905791282654,0.6153028607368469,0.007449446711689234,0.5133035778999329,0.5712801218032837,0.003782248590141535,0.5356535911560059,0.549385666847229,-0.0006149972323328257,0.49180880188941956,0.5879741907119751,-0.01054442673921585,0.5257947444915771,0.5043401718139648,-0.017793668434023857,0.5460394024848938,0.46337878704071045,-0.019322039559483528,0.5610589981079102,0.4340328574180603,-0.01912401057779789,0.5153806209564209,0.603473424911499,-0.019713055342435837,0.5489035844802856,0.5123922228813171,-0.02460475265979767,0.5689808130264282,0.4673249423503876,-0.024453720077872276,0.5831831097602844,0.4358503222465515,-0.023914845660328865,0.5395076870918274,0.6270849108695984,-0.02717656083405018,0.5667636394500732,0.5381115078926086,-0.02976728416979313,0.5830927491188049,0.49177974462509155,-0.02791723422706127,0.5941078066825867,0.4578588604927063,-0.02668597549200058,0.5619353652000427,0.6570415496826172,-0.033699970692396164,0.5802873373031616,0.5822564959526062,-0.034320343285799026,0.590455949306488,0.540016770362854,-0.0306143369525671,0.5985331535339355,0.5052278637886047,-0.02719091810286045,0.6137416362762451,0.4073648154735565,-0.01855636015534401,0.6215404272079468,0.4054875373840332,-0.01799199730157852,0.6280906796455383,0.4005271792411804,-0.015564266592264175,0.632857620716095,0.393937349319458,-0.012177529744803905,0.6358492374420166,0.3884328007698059,-0.007302775513380766,0.6378241181373596,0.38341331481933594,-0.00286470795981586,0.6059256792068481,0.4067402780056,-0.018340149894356728,0.5991184711456299,0.40304669737815857,-0.016195619478821754,0.5937396287918091,0.39760616421699524,-0.013049549423158169,0.5903446078300476,0.39313745498657227,-0.008414343930780888,0.6128900051116943,0.36728113889694214,-0.022457335144281387,0.6204178333282471,0.3639935255050659,-0.02120930328965187,0.6278040409088135,0.36835452914237976,-0.0174137931317091,0.632544219493866,0.3736347258090973,-0.012917198240756989,0.6359216570854187,0.3784424960613251,-0.007869980297982693,0.5933767557144165,0.37727975845336914,-0.013909059576690197,0.6052632927894592,0.36515915393829346,-0.021579023450613022,0.5980549454689026,0.3708655536174774,-0.018116047605872154,0.5933767557144165,0.37727975845336914,-0.013909059576690197,0.5899727940559387,0.38319525122642517,-0.009096668101847172,0.5879448652267456,0.3888421654701233,-0.004231389611959457,0.5904285907745361,0.38787129521369934,-0.006228934042155743,0.5942549705505371,0.3875925540924072,-0.008452625013887882,0.5975862145423889,0.38730859756469727,-0.01146707683801651,0.6072174906730652,0.3874194025993347,-0.016042467206716537,0.6132291555404663,0.3876241445541382,-0.016636881977319717,0.6192439794540405,0.38633519411087036,-0.015693610534071922,0.6243248581886292,0.384888231754303,-0.013370594941079617,0.6317123770713806,0.38353508710861206,-0.007461237721145153,0.6354092955589294,0.38285714387893677,-0.005072105675935745,0.5976108908653259,0.38240310549736023,-0.011616376228630543,0.6019269227981567,0.38019055128097534,-0.014149433001875877,0.6071621179580688,0.3792336583137512,-0.016207333654165268,0.6131162643432617,0.37924182415008545,-0.016778411343693733,0.6191145181655884,0.3781830966472626,-0.015872392803430557,0.6242538094520569,0.37799975275993347,-0.013560070656239986,0.6299636363983154,0.3864876627922058,-0.011833037249743938,0.6354092955589294,0.38285714387893677,-0.005072105675935745,0.6834545731544495,0.29307645559310913,0.07438520342111588,0.5371795892715454,0.30422401428222656,0.0703558623790741,0.6153619885444641,0.43058353662490845,-0.01312142051756382,0.5664949417114258,0.3920935094356537,0.006617704406380653,0.5606012344360352,0.32191404700279236,0.0035616583190858364
ssirt0486.mp4,95,0.5076716542243958,0.7685907483100891,2.3541844029750791e-07,0.4930988550186157,0.6816642880439758,0.009542320854961872,0.5019577741622925,0.6146738529205322,0.009017152711749077,0.5239613652229309,0.5729077458381653,0.006644102279096842,0.54612135887146,0.5534136891365051,0.0034217231441289186,0.5045977830886841,0.5864971280097961,-0.007623226847499609,0.5366300940513611,0.5053859949111938,-0.012708421796560287,0.5546419024467468,0.4657547175884247,-0.01333427894860506,0.5677399039268494,0.4362792670726776,-0.012914285995066166,0.5283110737800598,0.6035912036895752,-0.016368214040994644,0.5581724643707275,0.5146487951278687,-0.019231315702199936,0.5750212073326111,0.46882766485214233,-0.01937408186495304,0.5866307020187378,0.43468061089515686,-0.019465185701847076,0.5519545078277588,0.6277000308036804,-0.023388445377349854,0.5760863423347473,0.5405237674713135,-0.024458276107907295,0.5897818207740784,0.49465039372444153,-0.02353711985051632,0.5984113216400146,0.45943617820739746,-0.02327089197933674,0.5732167959213257,0.657013475894928,-0.029420653358101845,0.5889067649841309,0.5837565660476685,-0.029298434033989906,0.5977758169174194,0.5428385138511658,-0.02605137787759304,0.6050198078155518,0.5084590911865234,-0.023173775523900986,0.6136771440505981,0.4045100808143616,-0.018050529062747955,0.6214538216590881,0.40281492471694946,-0.017522990703582764,0.6280227303504944,0.39837881922721863,-0.01517204474657774,0.6328544020652771,0.3924548923969269,-0.011823835782706738,0.6359386444091797,0.38749805092811584,-0.006972203962504864,0.6380198001861572,0.3828383982181549,-0.002553519792854786,0.6059439182281494,0.40399184823036194,-0.017835039645433426,0.5991854071617126,0.4007580280303955,-0.01572955586016178,0.5937702059745789,0.39601707458496094,-0.012610244564712048,0.5902587175369263,0.3921634256839752,-0.00800703838467598,0.6127228736877441,0.3680393099784851,-0.02210010401904583,0.6201804280281067,0.36484020948410034,-0.020885419100522995,0.6275445818901062,0.36893540620803833,-0.01710410788655281,0.6323828101158142,0.37383949756622314,-0.012625341303646564,0.6358881592750549,0.37825819849967957,-0.007576619274914265,0.5932192206382751,0.3774213492870331,-0.013540433719754219,0.6051283478736877,0.36601629853248596,-0.02122395858168602,0.5979307293891907,0.3713458180427551,-0.01775585114955902,0.5932192206382751,0.3774213492870331,-0.013540433719754219,0.5898112654685974,0.38299062848091125,-0.008724646642804146,0.5877299904823303,0.3883069157600403,-0.0038266475312411785,0.5901306867599487,0.3873381018638611,-0.005834690760821104,0.5939787030220032,0.3868854343891144,-0.00807885080575943,0.5973760485649109,0.3864586055278778,-0.011059817858040333,0.6071293354034424,0.3862297534942627,-0.015584589913487434,0.6131556034088135,0.38634324073791504,-0.01618761010468006,0.6192179322242737,0.3851984739303589,-0.015279603190720081,0.6243773102760315,0.3840391933917999,-0.01299536507576704,0.6319650411605835,0.38304248452186584,-0.00716020492836833,0.6356675028800964,0.38241055607795715,-0.00475944671779871,0.5973308086395264,0.38243377208709717,-0.011185506358742714,0.6017211079597473,0.3805215358734131,-0.01368784811347723,0.6070094108581543,0.37970930337905884,-0.015728170052170753,0.6130041480064392,0.37970006465911865,-0.016303613781929016,0.6190547943115234,0.3786918520927429,-0.015419640578329563,0.6242659091949463,0.3784458041191101,-0.01314834039658308,0.630094051361084,0.38562989234924316,-0.011462735943496227,0.6356675028800964,0.38241055607795715,-0.00475944671779871,0.6830655932426453,0.29219356179237366,0.07425225526094437,0.5367628931999207,0.30490753054618835,0.07035092264413834,0.6155199408531189,0.4303075671195984,-0.012586714699864388,0.5658887028694153,0.39286577701568604,0.007055556867271662,0.559906542301178,0.32260167598724365,0.0036225703079253435
ssirt0486.mp4,96,0.514650285243988,0.7405741810798645,2.3852194885876088e-08,0.502522349357605,0.6582919359207153,0.01034619938582182,0.5109495520591736,0.5935378670692444,0.010450150817632675,0.5298775434494019,0.5536913275718689,0.00799002218991518,0.5516175627708435,0.5394464731216431,0.005234648939222097,0.5153613090515137,0.5617017149925232,0.0007277847034856677,0.5458645224571228,0.47793009877204895,-0.0026968091260641813,0.5642297267913818,0.4548671245574951,-0.0029730903916060925,0.5773892998695374,0.44049271941185,-0.0022955581080168486,0.5362018346786499,0.5794452428817749,-0.00740483682602644,0.5670149922370911,0.4908367693424225,-0.008655321784317493,0.5836191773414612,0.46108105778694153,-0.007250178139656782,0.5958256721496582,0.4414391815662384,-0.006657762918621302,0.5570010542869568,0.6060464978218079,-0.014461319893598557,0.5823875069618225,0.5250914096832275,-0.01387010421603918,0.5944216847419739,0.48755955696105957,-0.010284357704222202,0.6034554243087769,0.4595660865306854,-0.00866120494902134,0.5774614214897156,0.6390160322189331,-0.020755324512720108,0.5942237377166748,0.5715761184692383,-0.016603006049990654,0.602904736995697,0.5336672067642212,-0.009764802642166615,0.6107655763626099,0.5016070604324341,-0.00516835181042552,0.6138837337493896,0.4043746292591095,-0.017617803066968918,0.6215515732765198,0.402731716632843,-0.01706099882721901,0.6280481815338135,0.3983532786369324,-0.014698507264256477,0.6328349709510803,0.39247292280197144,-0.011372121050953865,0.6359353065490723,0.3874344527721405,-0.006570430938154459,0.6380676627159119,0.3825680613517761,-0.0022238490637391806,0.6061505675315857,0.403835266828537,-0.017429189756512642,0.5993935465812683,0.4005378782749176,-0.015339362435042858,0.5939593315124512,0.395779013633728,-0.012245586141943932,0.5903845429420471,0.3918730616569519,-0.0077002993784844875,0.6130561232566833,0.3681250810623169,-0.021971747279167175,0.6204591393470764,0.3650011122226715,-0.020737268030643463,0.6276664137840271,0.36898067593574524,-0.01692485250532627,0.6324270367622375,0.3737541735172272,-0.012391024269163609,0.6359126567840576,0.37806570529937744,-0.007294051349163055,0.5934005975723267,0.37737786769866943,-0.013400105759501457,0.6054430603981018,0.3662107586860657,-0.021119439974427223,0.5982030630111694,0.37146449089050293,-0.017647624015808105,0.5934005975723267,0.37737786769866943,-0.013400105759501457,0.5899114608764648,0.3827432692050934,-0.008550317957997322,0.5877780318260193,0.3879024088382721,-0.0036015158984810114,0.5901326537132263,0.38700348138809204,-0.0055984980426728725,0.5940262079238892,0.3868580460548401,-0.007803572807461023,0.5974567532539368,0.38660311698913574,-0.010785834863781929,0.6073195338249207,0.3866064250469208,-0.015318378806114197,0.613434910774231,0.38675230741500854,-0.015888813883066177,0.6194565892219543,0.3856329619884491,-0.014947498217225075,0.624559760093689,0.3844529688358307,-0.012643249705433846,0.6320376992225647,0.3831802308559418,-0.00678343465551734,0.6357532739639282,0.38222944736480713,-0.0044210487976670265,0.5973479151725769,0.3819962441921234,-0.011060774326324463,0.6017885208129883,0.379993200302124,-0.013603484258055687,0.6071358323097229,0.3790678381919861,-0.0156560018658638,0.6132321953773499,0.3790268898010254,-0.016213741153478622,0.6192522048950195,0.3780771493911743,-0.015300535596907139,0.6244211196899414,0.3779810070991516,-0.012986654415726662,0.6301581859588623,0.3857833445072174,-0.011071707122027874,0.6357532739639282,0.38222944736480713,-0.0044210487976670265,0.682953953742981,0.29182058572769165,0.07412397116422653,0.536446213722229,0.30515560507774353,0.0701584443449974,0.6158573627471924,0.43052536249160767,-0.01198302861303091,0.5659764409065247,0.3927941620349884,0.007280709221959114,0.5598137974739075,0.32268282771110535,0.0035553935449570417
ssirt0486.mp4,97,0.5202882289886475,0.7678938508033752,1.549514649923367e-07,0.5076348781585693,0.6793476939201355,0.009558288380503654,0.5170774459838867,0.6173104047775269,0.010468470863997936,0.5377360582351685,0.581426739692688,0.008954014629125595,0.5575514435768127,0.5650006532669067,0.006783884949982166,0.5207322835922241,0.5873301029205322,0.0005265991203486919,0.5505887269973755,0.5148634910583496,-0.0038583301939070225,0.5685507655143738,0.4789701998233795,-0.005758682731539011,0.581699550151825,0.45192161202430725,-0.006264471914619207,0.5438864827156067,0.6034351587295532,-0.008000604808330536,0.5722553730010986,0.5247863531112671,-0.008833787404000759,0.5883042812347412,0.48492148518562317,-0.00914036575704813,0.5998036861419678,0.45583397150039673,-0.00958195049315691,0.5663176774978638,0.6268947720527649,-0.015554556623101234,0.5887801647186279,0.5503532290458679,-0.014818713068962097,0.6012733578681946,0.5094845294952393,-0.013211440294981003,0.6098300218582153,0.47947728633880615,-0.012723118998110294,0.585782527923584,0.6546781063079834,-0.022537633776664734,0.5997448563575745,0.5877585411071777,-0.020769823342561722,0.6075609922409058,0.5510513186454773,-0.016221702098846436,0.6139782667160034,0.5211167931556702,-0.012584935873746872,0.6137584447860718,0.4040313959121704,-0.018063673749566078,0.6216188073158264,0.40230801701545715,-0.01736391708254814,0.628371000289917,0.397819459438324,-0.014749695546925068,0.6334996819496155,0.39177635312080383,-0.011201353743672371,0.6369243264198303,0.38646847009658813,-0.006107802502810955,0.6393024325370789,0.3812836706638336,-0.0016129330033436418,0.6060316562652588,0.40366291999816895,-0.017912058159708977,0.5992869138717651,0.40055134892463684,-0.015737488865852356,0.5938006639480591,0.3958929181098938,-0.0125121483579278,0.5901409387588501,0.3919309973716736,-0.007765927352011204,0.6125921010971069,0.36852192878723145,-0.021800320595502853,0.6203600764274597,0.3652377724647522,-0.02050839364528656,0.6280592679977417,0.36865442991256714,-0.0165593009442091,0.6331844925880432,0.37300851941108704,-0.011907742358744144,0.6369695067405701,0.37699103355407715,-0.006691352929919958,0.5928018689155579,0.3772680163383484,-0.013379455544054508,0.6047813296318054,0.3666786551475525,-0.021056845784187317,0.5975338220596313,0.37153351306915283,-0.0176197849214077,0.5928018689155579,0.3772680163383484,-0.013379455544054508,0.5894216299057007,0.3825889825820923,-0.00850794930011034,0.5874648094177246,0.3877955377101898,-0.0036023452412337065,0.5898822546005249,0.3869099020957947,-0.005565246567130089,0.5937626361846924,0.3869977593421936,-0.007861055433750153,0.5971841812133789,0.38684818148612976,-0.010936539620161057,0.6070773601531982,0.38693276047706604,-0.0155372628942132,0.6132599711418152,0.38699620962142944,-0.01605025678873062,0.6195659637451172,0.38575178384780884,-0.015002242289483547,0.6249807476997375,0.38432690501213074,-0.01255284808576107,0.6330212950706482,0.3824777603149414,-0.006361419800668955,0.6369028091430664,0.38107794523239136,-0.0038439214695245028,0.5969007015228271,0.38160204887390137,-0.010939967818558216,0.6012925505638123,0.3795582950115204,-0.013462069444358349,0.6066948771476746,0.378633975982666,-0.015489612706005573,0.6129243969917297,0.37851831316947937,-0.015980849042534828,0.6193263530731201,0.37740081548690796,-0.014967195689678192,0.6248703002929688,0.3770943582057953,-0.012554340064525604,0.630831778049469,0.385230153799057,-0.010882225818932056,0.6369028091430664,0.38107794523239136,-0.0038439214695245028,0.6824334263801575,0.29215729236602783,0.07487202435731888,0.5362626910209656,0.30598941445350647,0.06976782530546188,0.616703987121582,0.42961031198501587,-0.012661413289606571,0.5656510591506958,0.39359885454177856,0.006989823654294014,0.5596840977668762,0.32317450642585754,0.0033076461404561996
ssirt0486.mp4,98,0.5229637026786804,0.7640936970710754,2.197020876337774e-07,0.5096772909164429,0.677821934223175,0.00802696030586958,0.5192742347717285,0.6161167025566101,0.007646138314157724,0.5415061712265015,0.5802812576293945,0.005582463927567005,0.5628535151481628,0.5655783414840698,0.0030328130815178156,0.5215659141540527,0.5898827910423279,-0.004716196563094854,0.5536164045333862,0.5162200331687927,-0.009222939610481262,0.5717656016349792,0.48209795355796814,-0.010062574408948421,0.5853248238563538,0.4572976231575012,-0.009756846353411674,0.5455955862998962,0.6058923006057739,-0.012096676975488663,0.5752786993980408,0.5274734497070312,-0.013776334933936596,0.5925931930541992,0.48932498693466187,-0.013630417175590992,0.6051914691925049,0.4619763493537903,-0.013483037240803242,0.568757951259613,0.6294421553611755,-0.01812223345041275,0.5911794900894165,0.552769124507904,-0.01787681132555008,0.6046359539031982,0.5140373110771179,-0.015968576073646545,0.6138774752616882,0.4845650792121887,-0.015099704265594482,0.5884107351303101,0.6576797962188721,-0.02347140572965145,0.6015017628669739,0.5914379358291626,-0.022075876593589783,0.6090101599693298,0.5549716949462891,-0.017783887684345245,0.615471363067627,0.5247992277145386,-0.014127189293503761,0.6134659647941589,0.40352171659469604,-0.01851082406938076,0.62135910987854,0.4018225371837616,-0.01780068874359131,0.628125786781311,0.39739060401916504,-0.01521117240190506,0.6332703828811646,0.3915660083293915,-0.01165509968996048,0.6367161273956299,0.3865783214569092,-0.006512146908789873,0.639151930809021,0.3818015456199646,-0.001898505026474595,0.6057939529418945,0.4031640291213989,-0.01841067150235176,0.5990889072418213,0.40012848377227783,-0.016326554119586945,0.5936535000801086,0.3956003189086914,-0.013137571513652802,0.5900457501411438,0.3917835056781769,-0.008388496935367584,0.6123402118682861,0.368846595287323,-0.021853480488061905,0.6200183629989624,0.3657492995262146,-0.020520133897662163,0.6277193427085876,0.3693443536758423,-0.016568120568990707,0.6328992247581482,0.37372660636901855,-0.01201655063778162,0.6367526650428772,0.37766993045806885,-0.006901549641042948,0.5927745699882507,0.37759530544281006,-0.013703805394470692,0.6046629548072815,0.367048442363739,-0.021148215979337692,0.597488284111023,0.3719179630279541,-0.017793647944927216,0.5927745699882507,0.37759530544281006,-0.013703805394470692,0.5893825888633728,0.38283926248550415,-0.008959517814218998,0.5873944759368896,0.38788026571273804,-0.004143685568124056,0.5898234248161316,0.3869883418083191,-0.006112420465797186,0.5936946868896484,0.3868308663368225,-0.008453331887722015,0.5970914363861084,0.3865354657173157,-0.011488097719848156,0.6068745255470276,0.3864074945449829,-0.01595780998468399,0.6129633188247681,0.38647276163101196,-0.01641925238072872,0.6192744374275208,0.38525670766830444,-0.015360891819000244,0.6247051358222961,0.3839586675167084,-0.012920311652123928,0.6328293085098267,0.38255003094673157,-0.006765575613826513,0.636751115322113,0.38154125213623047,-0.004178452771157026,0.5968988537788391,0.3818763196468353,-0.011181928217411041,0.6012651920318604,0.37981054186820984,-0.013567537069320679,0.606599748134613,0.3788553476333618,-0.015498834662139416,0.6127133369445801,0.378766268491745,-0.01594034768640995,0.6190881133079529,0.3777163028717041,-0.014913840219378471,0.6246261596679688,0.37753015756607056,-0.012543675489723682,0.6305975914001465,0.38508427143096924,-0.011284745298326015,0.636751115322113,0.38154125213623047,-0.004178452771157026,0.6822633147239685,0.29202091693878174,0.07555373758077621,0.536087155342102,0.30535316467285156,0.06945687532424927,0.6162855625152588,0.4289935827255249,-0.013217242434620857,0.5653981566429138,0.39376774430274963,0.006487980484962463,0.5597683191299438,0.32318583130836487,0.0031223869882524014
ssirt0486.mp4,99,0.5251448750495911,0.7620391249656677,2.1645848846674198e-07,0.5113550424575806,0.676923930644989,0.008828998543322086,0.5209664106369019,0.6148837804794312,0.009125376120209694,0.5431116223335266,0.5793694853782654,0.007706473581492901,0.5637319087982178,0.5651547908782959,0.005761427339166403,0.525030791759491,0.5901791453361511,-0.004202467389404774,0.5564051270484924,0.5188570022583008,-0.008052517659962177,0.5744439959526062,0.48506662249565125,-0.008195030502974987,0.5880833864212036,0.4612331986427307,-0.007361019495874643,0.5488053560256958,0.6063631176948547,-0.01168547011911869,0.5779699087142944,0.5291444063186646,-0.013197321444749832,0.5948765277862549,0.49080830812454224,-0.01251817774027586,0.6071577072143555,0.46392810344696045,-0.011805194430053234,0.5714597702026367,0.6301763653755188,-0.017715640366077423,0.5938075184822083,0.5549123883247375,-0.0174985583871603,0.6071440577507019,0.5160819292068481,-0.015607686713337898,0.6161637306213379,0.48706597089767456,-0.014565719291567802,0.5904214978218079,0.6592330932617188,-0.02292398363351822,0.6047766804695129,0.5946298241615295,-0.021038809791207314,0.6128464341163635,0.5595874786376953,-0.01645427942276001,0.6194101572036743,0.5309242010116577,-0.012626302428543568,0.6137462258338928,0.40439632534980774,-0.01861458458006382,0.621582567691803,0.40271344780921936,-0.017895234748721123,0.6283819675445557,0.3981904983520508,-0.015262523666024208,0.6336239576339722,0.39222317934036255,-0.011665698140859604,0.6372179388999939,0.38711827993392944,-0.006468415260314941,0.6398646235466003,0.3822510838508606,-0.001833868445828557,0.6061441898345947,0.4039134681224823,-0.018491655588150024,0.5994570851325989,0.40069395303726196,-0.016356270760297775,0.5939914584159851,0.3960295617580414,-0.013110488653182983,0.5902642011642456,0.39216288924217224,-0.008296210318803787,0.6123861074447632,0.3699023723602295,-0.021841423586010933,0.6199537515640259,0.3669600188732147,-0.020517099648714066,0.6276502013206482,0.3707549273967743,-0.016553957015275955,0.6330025792121887,0.37499067187309265,-0.011976105161011219,0.637115478515625,0.37860721349716187,-0.006839743349701166,0.5930770635604858,0.37859851121902466,-0.01363138947635889,0.6048308610916138,0.3681390881538391,-0.021134013310074806,0.5978022813796997,0.37307485938072205,-0.01776226982474327,0.5930770635604858,0.37859851121902466,-0.01363138947635889,0.5895881652832031,0.3835750222206116,-0.008842120878398418,0.5874295234680176,0.38820940256118774,-0.00402460852637887,0.5898726582527161,0.3874192237854004,-0.005992422346025705,0.5938103199005127,0.38734447956085205,-0.008361863903701305,0.5972370505332947,0.3871142268180847,-0.011436336673796177,0.6070517301559448,0.3869572579860687,-0.015974342823028564,0.6131311655044556,0.38701680302619934,-0.016448672860860825,0.6194601058959961,0.3858512341976166,-0.015389633364975452,0.6249859929084778,0.3846158981323242,-0.012928648851811886,0.6333861351013184,0.383145809173584,-0.006721779238432646,0.6374615430831909,0.38208502531051636,-0.004111315123736858,0.5970554351806641,0.38275641202926636,-0.011106705293059349,0.601442277431488,0.38069114089012146,-0.013522200286388397,0.6067796945571899,0.37964972853660583,-0.015480328351259232,0.6128875613212585,0.3795502781867981,-0.01593981683254242,0.6192908883094788,0.3785569965839386,-0.014911007136106491,0.6249188184738159,0.3784894049167633,-0.012522952631115913,0.6310120820999146,0.38567256927490234,-0.011278997175395489,0.6374615430831909,0.38208502531051636,-0.004111315123736858,0.682815432548523,0.29362818598747253,0.07553218305110931,0.53595370054245,0.3065912127494812,0.0693712905049324,0.6162590384483337,0.43074488639831543,-0.013436793349683285,0.5650088787078857,0.39525023102760315,0.006532361265271902,0.5597906112670898,0.3238547146320343,0.003156195394694805
ssirt0486.mp4,100,0.5237245559692383,0.760198712348938,2.3313300800964498e-07,0.5095773339271545,0.6770286560058594,0.007365344557911158,0.5187450647354126,0.6159213781356812,0.0063721369951963425,0.5410469770431519,0.578830897808075,0.004005004186183214,0.5617479681968689,0.564164936542511,0.0011042876867577434,0.5233274102210999,0.5892574191093445,-0.007350947242230177,0.5549943447113037,0.5165356397628784,-0.012889460660517216,0.5738052129745483,0.48215195536613464,-0.01440464798361063,0.587968111038208,0.4570100009441376,-0.01448293961584568,0.5467766523361206,0.6065328121185303,-0.014477943070232868,0.5763422846794128,0.5278558135032654,-0.017430851235985756,0.5937281847000122,0.4887858033180237,-0.01744133047759533,0.6062005758285522,0.4603689908981323,-0.017195148393511772,0.5688443183898926,0.6311692595481873,-0.020204337313771248,0.5914186239242554,0.5541864037513733,-0.021280938759446144,0.6049966812133789,0.5137519240379333,-0.0194300077855587,0.6145704984664917,0.4835388660430908,-0.018293337896466255,0.5879862308502197,0.6612797975540161,-0.025210674852132797,0.6027974486351013,0.5954767465591431,-0.02468266710639,0.610634446144104,0.5591229796409607,-0.020473934710025787,0.6170834302902222,0.5293780565261841,-0.016735419631004333,0.6148069500923157,0.4047154188156128,-0.017947297543287277,0.6226018667221069,0.4030296206474304,-0.017212536185979843,0.6292881369590759,0.3986455798149109,-0.014576820656657219,0.6343555450439453,0.39276552200317383,-0.011035244911909103,0.6377406120300293,0.3876044452190399,-0.0059679169207811356,0.6401262879371643,0.38249123096466064,-0.0014900858514010906,0.6070809960365295,0.40437403321266174,-0.01785147748887539,0.6002640724182129,0.4013757109642029,-0.015751438215374947,0.5946422815322876,0.3968936800956726,-0.012589497491717339,0.5908156037330627,0.3930498957633972,-0.00792356301099062,0.6135867834091187,0.3696748614311218,-0.021827852353453636,0.6212332844734192,0.36655187606811523,-0.020486071705818176,0.6288233399391174,0.3701156973838806,-0.016500262543559074,0.6339353322982788,0.37447112798690796,-0.011812767945230007,0.6377250552177429,0.3783659338951111,-0.0065811146050691605,0.5936505198478699,0.3786923289299011,-0.013546638190746307,0.6058233976364136,0.3679763972759247,-0.021123837679624557,0.5985193252563477,0.3729766011238098,-0.017746584489941597,0.5936505198478699,0.3786923289299011,-0.013546638190746307,0.5901129245758057,0.3839041292667389,-0.008710106834769249,0.5879884362220764,0.38894015550613403,-0.003822083817794919,0.5903764963150024,0.3880913257598877,-0.005749590694904327,0.5943498611450195,0.3881685137748718,-0.007989415898919106,0.5978924036026001,0.38796156644821167,-0.011016927659511566,0.6080107688903809,0.3877733647823334,-0.015534373000264168,0.6142509579658508,0.38776716589927673,-0.015999814495444298,0.6205400824546814,0.386578232049942,-0.014911909587681293,0.6259262561798096,0.3852970600128174,-0.012441357597708702,0.6339264512062073,0.38364920020103455,-0.006235234439373016,0.6377781629562378,0.38230085372924805,-0.0037366088945418596,0.5975961685180664,0.3830801248550415,-0.011104260571300983,0.6021215319633484,0.38105446100234985,-0.013608470559120178,0.6076169610023499,0.38006338477134705,-0.015600724145770073,0.6139079332351685,0.379900187253952,-0.016054445877671242,0.6202837228775024,0.37881964445114136,-0.015002484433352947,0.6257855892181396,0.3785691559314728,-0.012556150555610657,0.6317514777183533,0.38630253076553345,-0.010745343752205372,0.6377781629562378,0.38230085372924805,-0.0037366088945418596,0.6831892728805542,0.2925505042076111,0.07518288493156433,0.5367387533187866,0.3062770664691925,0.06894087791442871,0.6172416806221008,0.43045711517333984,-0.012581625021994114,0.5661855936050415,0.3942941725254059,0.0066239917650818825,0.5604994297027588,0.32376593351364136,0.0029094654601067305
ssirt0486.mp4,101,0.5231888890266418,0.7616575956344604,2.3159768147706927e-07,0.5094259977340698,0.6774953603744507,0.007661422248929739,0.518719494342804,0.6161746978759766,0.006779263261705637,0.5410765409469604,0.5789315700531006,0.004368219990283251,0.5620853304862976,0.5637045502662659,0.0014377430779859424,0.5226638913154602,0.5902564525604248,-0.006533357780426741,0.5543373823165894,0.5170327425003052,-0.012070871889591217,0.5732635259628296,0.48267990350723267,-0.013621714897453785,0.5876055359840393,0.4579060673713684,-0.013691483065485954,0.5464051961898804,0.6066946983337402,-0.013946603052318096,0.5762990117073059,0.5281373262405396,-0.016681231558322906,0.5941030979156494,0.4891047477722168,-0.01661118119955063,0.6071441173553467,0.46124598383903503,-0.016276268288493156,0.5688943266868591,0.6310531497001648,-0.019981665536761284,0.5913204550743103,0.5545106530189514,-0.020564600825309753,0.6049654483795166,0.5147039294242859,-0.01834559440612793,0.6147047877311707,0.4853210151195526,-0.017029976472258568,0.5882477164268494,0.6612356901168823,-0.025352319702506065,0.6021877527236938,0.5956037640571594,-0.02429206483066082,0.6100361943244934,0.5591214299201965,-0.019667973741889,0.6167250871658325,0.5294578075408936,-0.01566765457391739,0.6144838333129883,0.40441495180130005,-0.018214812502264977,0.6222864389419556,0.40270817279815674,-0.017516640946269035,0.6289589405059814,0.39833980798721313,-0.014947661198675632,0.634010374546051,0.3925932049751282,-0.011421115137636662,0.6374067068099976,0.387621134519577,-0.006332363933324814,0.6398247480392456,0.38273292779922485,-0.001770748640410602,0.6067465543746948,0.40406256914138794,-0.01811593398451805,0.5999058485031128,0.40111032128334045,-0.01604178547859192,0.5942604541778564,0.3967379033565521,-0.012872601859271526,0.5904234647750854,0.3930053114891052,-0.008164097554981709,0.613305926322937,0.36981716752052307,-0.021867981180548668,0.6209002733230591,0.36682620644569397,-0.020541401579976082,0.6284535527229309,0.3705388605594635,-0.016583381220698357,0.6335768103599548,0.37490686774253845,-0.011983047239482403,0.6373966336250305,0.3787544369697571,-0.006824132055044174,0.5934034585952759,0.3789435029029846,-0.013617180287837982,0.6055811643600464,0.3681545555591583,-0.021146854385733604,0.5982950925827026,0.37324854731559753,-0.017763782292604446,0.5934034585952759,0.3789435029029846,-0.013617180287837982,0.5897969007492065,0.384120911359787,-0.008821954019367695,0.5875755548477173,0.3890424966812134,-0.0039625102654099464,0.5899901390075684,0.38821566104888916,-0.005930234212428331,0.5939961671829224,0.38828545808792114,-0.008238347247242928,0.5975397825241089,0.38808968663215637,-0.011260920204222202,0.6076602935791016,0.3879402279853821,-0.01573846861720085,0.6139093041419983,0.3879517912864685,-0.016209565103054047,0.6202141642570496,0.386737585067749,-0.015152698382735252,0.6255852580070496,0.3854227662086487,-0.01272273063659668,0.6335604786872864,0.38376718759536743,-0.006592362653464079,0.6374654173851013,0.38251233100891113,-0.004039726220071316,0.5973580479621887,0.3831225037574768,-0.011110265739262104,0.6018885374069214,0.38093286752700806,-0.013537698425352573,0.6073702573776245,0.379808247089386,-0.015494436025619507,0.61362624168396,0.37962889671325684,-0.015953408554196358,0.6199778318405151,0.37861692905426025,-0.014929181896150112,0.6254515051841736,0.3785235285758972,-0.01254570297896862,0.6314000487327576,0.3863244950771332,-0.01107356883585453,0.6374654173851013,0.38251233100891113,-0.004039726220071316,0.6833388805389404,0.2930867075920105,0.0755314901471138,0.5364673733711243,0.3063579797744751,0.06953606009483337,0.6163977384567261,0.43008309602737427,-0.01287902519106865,0.5654690265655518,0.39446792006492615,0.006675587967038155,0.5600199699401855,0.32397329807281494,0.003085122210904956
ssirt0486.mp4,102,0.5172653198242188,0.7623497247695923,2.3012120209386921e-07,0.503083348274231,0.6790832877159119,0.006979868281632662,0.5125556588172913,0.6155111193656921,0.005629833787679672,0.5357434749603271,0.5757496953010559,0.002943480620160699,0.5563532710075378,0.5586239695549011,-0.00035251889494247735,0.5151962041854858,0.5885485410690308,-0.00931116845458746,0.5466862916946411,0.5122718811035156,-0.01578209362924099,0.5653720498085022,0.47579044103622437,-0.017827676609158516,0.5791179537773132,0.4488292932510376,-0.018344704061746597,0.5392075181007385,0.6061162352561951,-0.016873663291335106,0.5682170987129211,0.5244120955467224,-0.0209010262042284,0.5854537487030029,0.4831866919994354,-0.021771889179944992,0.5971685647964478,0.4524405598640442,-0.022309448570013046,0.5620495080947876,0.6307435035705566,-0.02303866669535637,0.5846095085144043,0.5492964386940002,-0.0252796933054924,0.5984734296798706,0.5074893236160278,-0.02457532286643982,0.607575535774231,0.47645503282546997,-0.024294624105095863,0.5817766785621643,0.6600574254989624,-0.028456609696149826,0.5966996550559998,0.5917690992355347,-0.029498351737856865,0.6046829223632812,0.5535901188850403,-0.026831187307834625,0.6112419962882996,0.5221986174583435,-0.02423689141869545,0.6148830056190491,0.404734343290329,-0.01784907840192318,0.6226975917816162,0.4030330777168274,-0.017213618382811546,0.6293492317199707,0.3985719084739685,-0.014764329418540001,0.6343363523483276,0.3927333950996399,-0.011357495561242104,0.6376657485961914,0.38773784041404724,-0.006431990768760443,0.6400282382965088,0.3828488290309906,-0.0019912607967853546,0.6072232723236084,0.4042394757270813,-0.017722763121128082,0.6004984378814697,0.40105879306793213,-0.01568153314292431,0.5949933528900146,0.3964783549308777,-0.012584968470036983,0.5912768244743347,0.3926452696323395,-0.008005601353943348,0.6137232780456543,0.369955837726593,-0.021848207339644432,0.6212945580482483,0.3670092821121216,-0.020557604730129242,0.6287792325019836,0.3706477880477905,-0.01668477989733219,0.6338468194007874,0.37496086955070496,-0.012131133116781712,0.6376206874847412,0.37881916761398315,-0.007016561925411224,0.5941432118415833,0.37851351499557495,-0.013529992662370205,0.6060746312141418,0.3681703507900238,-0.021075282245874405,0.5989137291908264,0.3729444444179535,-0.017691586166620255,0.5941432118415833,0.37851351499557495,-0.013529992662370205,0.5906577110290527,0.38365840911865234,-0.008753618225455284,0.5885502099990845,0.3886289596557617,-0.003891452681273222,0.5909237861633301,0.3877800703048706,-0.005847264546900988,0.5948254466056824,0.38788506388664246,-0.008074399083852768,0.5982869267463684,0.38777896761894226,-0.01103813573718071,0.608192503452301,0.3879912793636322,-0.015484485775232315,0.6143434047698975,0.3881245255470276,-0.015991302207112312,0.6206180453300476,0.3869200646877289,-0.01498674601316452,0.6259584426879883,0.3855743408203125,-0.01262599229812622,0.6338663697242737,0.38388264179229736,-0.0066644116304814816,0.6377046704292297,0.38263803720474243,-0.00421860720962286,0.5980932712554932,0.38276317715644836,-0.011120176874101162,0.602523684501648,0.38073211908340454,-0.013579065911471844,0.6079112887382507,0.379788875579834,-0.015557189472019672,0.6140740513801575,0.37973859906196594,-0.01605209894478321,0.6203927397727966,0.3787540793418884,-0.015077182091772556,0.6258348822593689,0.3786609172821045,-0.012731604278087616,0.6317330002784729,0.3864719569683075,-0.011021164245903492,0.6377046704292297,0.38263803720474243,-0.00421860720962286,0.684021532535553,0.2926163375377655,0.07459403574466705,0.5374177694320679,0.3062451183795929,0.06935257464647293,0.6174634099006653,0.429941326379776,-0.012463778257369995,0.5670314431190491,0.393781453371048,0.006749866530299187,0.5610188245773315,0.32378968596458435,0.0031964436639100313
ssirt0486.mp4,103,0.5122654438018799,0.7677639126777649,2.0337378714430088e-07,0.5000584721565247,0.6827724575996399,0.005667258519679308,0.5094205737113953,0.6162500977516174,0.0021539146546274424,0.5299938321113586,0.5689644813537598,-0.0022620721720159054,0.5481377840042114,0.542924165725708,-0.007030897308140993,0.5087879300117493,0.5884619355201721,-0.013972749002277851,0.5261155366897583,0.5005277991294861,-0.023004800081253052,0.5378153324127197,0.4493914246559143,-0.027104046195745468,0.5467094779014587,0.4094821810722351,-0.029169244691729546,0.5332639813423157,0.6069309115409851,-0.021357743069529533,0.566169798374176,0.5350108742713928,-0.02671942673623562,0.5858170986175537,0.5091713666915894,-0.026308974251151085,0.5987346768379211,0.49313628673553467,-0.02567954733967781,0.5569082498550415,0.6336678862571716,-0.027328141033649445,0.5829307436943054,0.5625901222229004,-0.029771223664283752,0.5976868867874146,0.5294628143310547,-0.025220053270459175,0.6070679426193237,0.5058667659759521,-0.022383449599146843,0.5774046778678894,0.6635489463806152,-0.032785315066576004,0.5942302346229553,0.6000664234161377,-0.03249033913016319,0.6032129526138306,0.5678721070289612,-0.026088546961545944,0.6102777719497681,0.541057825088501,-0.020948121324181557,0.615017831325531,0.40341299772262573,-0.01987576298415661,0.6229349970817566,0.4017965793609619,-0.019101351499557495,0.629696786403656,0.39765632152557373,-0.016237350180745125,0.6347997188568115,0.3921516239643097,-0.012521730735898018,0.6382042765617371,0.3873558044433594,-0.007260734215378761,0.6405994296073914,0.38262495398521423,-0.0026031555607914925,0.6071493625640869,0.40302330255508423,-0.019710231572389603,0.6002318263053894,0.4001392424106598,-0.017406698316335678,0.5945470929145813,0.3959026336669922,-0.014084374532103539,0.5907095074653625,0.3922831416130066,-0.009209975600242615,0.6140577793121338,0.36919939517974854,-0.02259424328804016,0.6217766404151917,0.3662627041339874,-0.02124565653502941,0.6293768882751465,0.36995312571525574,-0.01730651967227459,0.6344769597053528,0.37439608573913574,-0.01268716249614954,0.6382551789283752,0.37842434644699097,-0.007549693342298269,0.5937663316726685,0.37821826338768005,-0.01440079603344202,0.6061951518058777,0.36752158403396606,-0.021870538592338562,0.5987399816513062,0.3725367784500122,-0.018532386049628258,0.5937663316726685,0.37821826338768005,-0.01440079603344202,0.5901167988777161,0.38343727588653564,-0.009647054597735405,0.5879010558128357,0.38844650983810425,-0.004931837785989046,0.5903668999671936,0.38760292530059814,-0.006846597883850336,0.5944182276725769,0.3876381516456604,-0.00914587639272213,0.597995936870575,0.3874249756336212,-0.012267504818737507,0.6082162857055664,0.3873242437839508,-0.016943326219916344,0.6145591735839844,0.3873744010925293,-0.017456570640206337,0.6209192276000977,0.38623592257499695,-0.016355587169528008,0.626308262348175,0.3850087821483612,-0.013810860924422741,0.6342776417732239,0.3835393786430359,-0.007412887178361416,0.6381974220275879,0.3823734521865845,-0.004845835734158754,0.5978279709815979,0.3822806477546692,-0.012092866003513336,0.6023955941200256,0.38003650307655334,-0.014601974748075008,0.6079427003860474,0.37890735268592834,-0.016635099425911903,0.6142871379852295,0.3787459135055542,-0.017119765281677246,0.6206810474395752,0.3778268098831177,-0.01606772467494011,0.6261705756187439,0.37785977125167847,-0.013590396381914616,0.6321396827697754,0.3859880566596985,-0.01216086558997631,0.6381974220275879,0.3823734521865845,-0.004845835734158754,0.6840932369232178,0.29566091299057007,0.07575846463441849,0.5376415252685547,0.30731287598609924,0.06934082508087158,0.6163781881332397,0.4320005774497986,-0.014983092434704304,0.5662805438041687,0.3950155973434448,0.005351205822080374,0.5612781047821045,0.32347357273101807,0.002986349631100893
ssirt0486.mp4,104,0.5112365484237671,0.7730090618133545,1.8520530886689812e-07,0.49922624230384827,0.6858989596366882,0.0060194204561412334,0.5094888210296631,0.6187533736228943,0.003222634783014655,0.5312328934669495,0.5765647292137146,-0.001069186138920486,0.5512948632240295,0.5556718111038208,-0.005775997880846262,0.5094324946403503,0.588385283946991,-0.009707389399409294,0.5268693566322327,0.49899840354919434,-0.017655769363045692,0.5383196473121643,0.44667157530784607,-0.021638106554746628,0.5468361377716064,0.40628233551979065,-0.023923533037304878,0.5337939858436584,0.6066027283668518,-0.017605427652597427,0.5651320815086365,0.53717440366745,-0.023151053115725517,0.5835685133934021,0.5139329433441162,-0.023785118013620377,0.5958740711212158,0.5007750988006592,-0.023799283429980278,0.5573553442955017,0.6331390142440796,-0.024281205609440804,0.5827262997627258,0.5628810524940491,-0.026649031788110733,0.5971602201461792,0.530866265296936,-0.02275555022060871,0.6065732836723328,0.5080141425132751,-0.020494922995567322,0.5777420997619629,0.6623619198799133,-0.0305919349193573,0.5944784283638,0.6000944972038269,-0.030093291774392128,0.6033482551574707,0.5684634447097778,-0.023817449808120728,0.6104112267494202,0.5417332649230957,-0.01893520914018154,0.6158377528190613,0.4037591814994812,-0.019425811246037483,0.6235456466674805,0.40224194526672363,-0.018701815977692604,0.6301149725914001,0.3979736566543579,-0.0158891212195158,0.6350145936012268,0.39215296506881714,-0.012256820686161518,0.6382380723953247,0.3872344493865967,-0.0071483394131064415,0.6405560374259949,0.38254883885383606,-0.002625950612127781,0.6080068349838257,0.40311938524246216,-0.019240202382206917,0.6010847687721252,0.399779736995697,-0.016942674294114113,0.5953701138496399,0.3951241374015808,-0.01368972659111023,0.5914257764816284,0.39144662022590637,-0.008955243043601513,0.6149272322654724,0.36948490142822266,-0.022888530045747757,0.6224262714385986,0.366195946931839,-0.021551813930273056,0.6297256946563721,0.37017378211021423,-0.01761593669652939,0.6346136927604675,0.3747224807739258,-0.012892721220850945,0.6382018327713013,0.37858691811561584,-0.007658535148948431,0.5945692658424377,0.37791717052459717,-0.014470355585217476,0.607110857963562,0.36721232533454895,-0.022118400782346725,0.5996348261833191,0.3722567856311798,-0.01873534917831421,0.5945692658424377,0.37791717052459717,-0.014470355585217476,0.5908492803573608,0.38292285799980164,-0.009626561775803566,0.5884681344032288,0.3876612186431885,-0.0048039318062365055,0.5908181071281433,0.3869245648384094,-0.006700932048261166,0.5948490500450134,0.38641810417175293,-0.008877528831362724,0.5985067486763,0.3859347999095917,-0.011942514218389988,0.608930766582489,0.3857559561729431,-0.01662425510585308,0.6152698993682861,0.38598430156707764,-0.017183229327201843,0.6214469075202942,0.38484129309654236,-0.016115160658955574,0.6267037987709045,0.38370281457901,-0.013601670041680336,0.634430468082428,0.3828006982803345,-0.007287885062396526,0.6382148861885071,0.38233551383018494,-0.004851430654525757,0.5984371900558472,0.3829478323459625,-0.012252445332705975,0.6031748056411743,0.38135769963264465,-0.01488740835338831,0.6088055372238159,0.380779504776001,-0.016995420679450035,0.6151489615440369,0.38091516494750977,-0.01752573251724243,0.621324896812439,0.3799160122871399,-0.01649225689470768,0.6266231536865234,0.37954840064048767,-0.01397934090346098,0.6324396133422852,0.3852214515209198,-0.011936274357140064,0.6382148861885071,0.38233551383018494,-0.004851430654525757,0.68430495262146,0.295724481344223,0.07558298856019974,0.5381286144256592,0.30703064799308777,0.06943619251251221,0.6162169575691223,0.43340742588043213,-0.01443963311612606,0.5667611360549927,0.39457547664642334,0.005411610472947359,0.561363697052002,0.32318803668022156,0.0028371824882924557
ssirt0486.mp4,105,0.5082910060882568,0.7831303477287292,-1.2807777238776907e-07,0.4988965094089508,0.6970377564430237,0.005834199953824282,0.5101671814918518,0.6297225952148438,0.002865829039365053,0.5297027826309204,0.5933204889297485,-0.002120805671438575,0.5470850467681885,0.5822171568870544,-0.007809565868228674,0.5145569443702698,0.594343364238739,-0.011769919656217098,0.5207071304321289,0.5064072012901306,-0.017948303371667862,0.5257110595703125,0.45277273654937744,-0.020895911380648613,0.5282121300697327,0.4100813567638397,-0.02346496470272541,0.5393887162208557,0.607441782951355,-0.019461696967482567,0.5631615519523621,0.5871253609657288,-0.025642303749918938,0.558264970779419,0.6186882853507996,-0.023999566212296486,0.5460988283157349,0.6394563913345337,-0.022539516910910606,0.5630598664283752,0.6362758278846741,-0.025347890332341194,0.5787120461463928,0.6259595155715942,-0.02713616006076336,0.5729078650474548,0.6506997346878052,-0.018317490816116333,0.5625472664833069,0.668347954750061,-0.013148482888936996,0.5821495652198792,0.6668646931648254,-0.031227584928274155,0.5935600996017456,0.6513950824737549,-0.027085280045866966,0.5880476832389832,0.6727210879325867,-0.015679415315389633,0.5796501636505127,0.6896946430206299,-0.007552745286375284,0.6164801716804504,0.4043949842453003,-0.01961827464401722,0.6243560910224915,0.40295347571372986,-0.018775785341858864,0.6310034990310669,0.39870911836624146,-0.01570781134068966,0.6358470916748047,0.3927285373210907,-0.011904680170118809,0.6389511227607727,0.3874049782752991,-0.006630319636315107,0.6411112546920776,0.38219600915908813,-0.002087293192744255,0.6083446741104126,0.403714120388031,-0.01943480782210827,0.6011282801628113,0.4002370536327362,-0.01699225790798664,0.5951090455055237,0.3952883780002594,-0.013629188761115074,0.5909472107887268,0.3911445140838623,-0.008787711150944233,0.6155000329017639,0.36752739548683167,-0.022935232147574425,0.6232491135597229,0.36455875635147095,-0.02155831828713417,0.6307199597358704,0.36856168508529663,-0.017503511160612106,0.6355795860290527,0.3733415901660919,-0.012596252374351025,0.6390420198440552,0.37763091921806335,-0.00719041284173727,0.5941833257675171,0.37652257084846497,-0.014458063058555126,0.6073861122131348,0.3655964732170105,-0.022217290475964546,0.5995056629180908,0.3707418143749237,-0.01881430856883526,0.5941833257675171,0.37652257084846497,-0.014458063058555126,0.5902618169784546,0.3817375898361206,-0.009516742080450058,0.5878781676292419,0.38681989908218384,-0.004663190338760614,0.5903929471969604,0.3861897587776184,-0.006515813060104847,0.5946359634399414,0.386380136013031,-0.008710208348929882,0.5984551310539246,0.38628605008125305,-0.011870554648339748,0.6092798709869385,0.38646024465560913,-0.016705652698874474,0.6158699989318848,0.38665157556533813,-0.017252197489142418,0.6221329569816589,0.3856549859046936,-0.016085229814052582,0.6273696422576904,0.38452762365341187,-0.013429517857730389,0.6348755955696106,0.3831086754798889,-0.006798029411584139,0.6386281251907349,0.3820008635520935,-0.004305996932089329,0.5982826352119446,0.38121160864830017,-0.012219213880598545,0.603143572807312,0.3791290521621704,-0.014947102405130863,0.6089816689491272,0.3781176507472992,-0.017106981948018074,0.615604043006897,0.37806829810142517,-0.01761898584663868,0.621898353099823,0.37727245688438416,-0.016502637416124344,0.6272303462028503,0.3773612380027771,-0.013857490383088589,0.633037805557251,0.3857867121696472,-0.011636707000434399,0.6386281251907349,0.3820008635520935,-0.004305996932089329,0.6847839951515198,0.29647576808929443,0.07590864598751068,0.5381261706352234,0.3065965473651886,0.06924020498991013,0.6167741417884827,0.43311238288879395,-0.014703294262290001,0.5662639737129211,0.39459434151649475,0.0052795675583183765,0.5615780353546143,0.3221486210823059,0.002604758832603693
ssirt0486.mp4,106,0.5082623958587646,0.7793194055557251,-1.0009524942233838e-07,0.49880221486091614,0.694574236869812,0.006140774115920067,0.5109075903892517,0.6261948347091675,0.0034164234530180693,0.5309079885482788,0.5862265229225159,-0.000910549599211663,0.5461655855178833,0.5723819732666016,-0.005570579785853624,0.5131853222846985,0.5891668200492859,-0.011501280590891838,0.5202178955078125,0.5013496279716492,-0.017694717273116112,0.5253530740737915,0.4486892819404602,-0.019946767017245293,0.5284842252731323,0.40706712007522583,-0.021672559902071953,0.5385127067565918,0.6049783229827881,-0.01860961504280567,0.5645849704742432,0.5843744277954102,-0.025171000510454178,0.5596480965614319,0.6175820231437683,-0.02278001420199871,0.5481923818588257,0.6377514600753784,-0.02018631249666214,0.5622656345367432,0.6345694661140442,-0.023942606523633003,0.578945517539978,0.6257373690605164,-0.026396045461297035,0.5726315975189209,0.6519531011581421,-0.017915084958076477,0.5625576972961426,0.6686974763870239,-0.012355303391814232,0.5820926427841187,0.6633538007736206,-0.029040466994047165,0.5944699645042419,0.6518909335136414,-0.02497861720621586,0.5878200531005859,0.6745567321777344,-0.014146347530186176,0.5787898302078247,0.6900874972343445,-0.006150208413600922,0.616351842880249,0.40458351373672485,-0.019676055759191513,0.6242057085037231,0.40302571654319763,-0.01886484958231449,0.6308463215827942,0.39861172437667847,-0.01581808738410473,0.6357190608978271,0.39258408546447754,-0.012026788666844368,0.6388804316520691,0.3873509168624878,-0.006772018503397703,0.6411364078521729,0.3823342025279999,-0.002234925515949726,0.6082765460014343,0.4038700461387634,-0.01947510801255703,0.6012079119682312,0.4002733528614044,-0.017021261155605316,0.5954300761222839,0.3952927589416504,-0.013658968731760979,0.5914779305458069,0.3912467360496521,-0.0088204899802804,0.6156089305877686,0.36733824014663696,-0.02306431345641613,0.6232776045799255,0.36433905363082886,-0.021694323047995567,0.630721926689148,0.3686012625694275,-0.017649106681346893,0.6355751156806946,0.37349531054496765,-0.012749235145747662,0.6390388607978821,0.3778179883956909,-0.0073509858921170235,0.5945978760719299,0.3767971992492676,-0.014519871212542057,0.6076024770736694,0.3654261827468872,-0.022318711504340172,0.5998116731643677,0.37086814641952515,-0.018898315727710724,0.5945978760719299,0.3767971992492676,-0.014519871212542057,0.5908143520355225,0.3820644021034241,-0.009555406868457794,0.5885424017906189,0.3871435523033142,-0.0046793390065431595,0.5910295844078064,0.3864668607711792,-0.006544589996337891,0.5951946973800659,0.386501669883728,-0.008730356581509113,0.5988761782646179,0.38632312417030334,-0.01189678069204092,0.6093922257423401,0.3864743411540985,-0.016750667244195938,0.6158895492553711,0.38670146465301514,-0.017319979146122932,0.6221234202384949,0.3856127858161926,-0.01617754064500332,0.627338171005249,0.384445458650589,-0.013534081168472767,0.6348674297332764,0.3831281363964081,-0.006923769600689411,0.6386669874191284,0.38216203451156616,-0.0044521489180624485,0.5987499952316284,0.3814540207386017,-0.012307975441217422,0.603484570980072,0.37933021783828735,-0.015059852972626686,0.6091850399971008,0.37828055024147034,-0.01724276691675186,0.6156907081604004,0.3782247304916382,-0.017774803563952446,0.6219229698181152,0.3774130344390869,-0.016678350046277046,0.6272187829017639,0.37754344940185547,-0.014036194421350956,0.6329806447029114,0.38571399450302124,-0.011757015250623226,0.6386669874191284,0.38216203451156616,-0.0044521489180624485,0.6849460005760193,0.2971787750720978,0.07620950788259506,0.5379674434661865,0.3067968487739563,0.06952836364507675,0.6165528893470764,0.433421790599823,-0.014742362312972546,0.5663456916809082,0.39451688528060913,0.0053217667154967785,0.5615418553352356,0.32215389609336853,0.0026625683531165123
ssirt0486.mp4,107,0.5089580416679382,0.787001371383667,-1.2680537508913403e-07,0.4998775124549866,0.7034607529640198,0.007940288633108139,0.5148618221282959,0.6405874490737915,0.007226879708468914,0.5337932705879211,0.6182864308357239,0.003712646896019578,0.5510122776031494,0.6225594282150269,-0.0010018725879490376,0.5253183245658875,0.5971939563751221,-0.004222777672111988,0.5425946116447449,0.5258461833000183,-0.005904225632548332,0.553515613079071,0.48193463683128357,-0.0075044939294457436,0.5608102083206177,0.44772452116012573,-0.010053823702037334,0.550377607345581,0.6152398586273193,-0.011452713049948215,0.5616211295127869,0.6148597598075867,-0.012152081355452538,0.5534787774085999,0.6379362344741821,-0.011380043812096119,0.5437409281730652,0.6526411175727844,-0.012025400996208191,0.571679413318634,0.6516158580780029,-0.016726437956094742,0.5725410580635071,0.6573160886764526,-0.014104987494647503,0.5643434524536133,0.6779197454452515,-0.008711259812116623,0.5552074313163757,0.6914991736412048,-0.007187269162386656,0.5879318118095398,0.6883208155632019,-0.021925626322627068,0.5880617499351501,0.6927112936973572,-0.015480590052902699,0.5799019932746887,0.7106729745864868,-0.006883419584482908,0.571862518787384,0.724183976650238,-0.0013206639559939504,0.6166253089904785,0.4039963185787201,-0.018874840810894966,0.6244350075721741,0.4027184844017029,-0.01805855706334114,0.6310163736343384,0.3985772728919983,-0.015155091881752014,0.6358252167701721,0.3926505744457245,-0.011496751569211483,0.6389269828796387,0.38740092515945435,-0.006398033816367388,0.6410772800445557,0.38228118419647217,-0.00195525074377656,0.6085870265960693,0.403128445148468,-0.018761418759822845,0.6014792919158936,0.39943769574165344,-0.016489196568727493,0.5955466628074646,0.3943330645561218,-0.013275732286274433,0.5914226770401001,0.390145480632782,-0.008626237511634827,0.6157671809196472,0.3665637969970703,-0.02269558422267437,0.6234591007232666,0.3635554611682892,-0.021294036880135536,0.6308618783950806,0.3678930103778839,-0.017271172255277634,0.6356396079063416,0.37297582626342773,-0.01240993570536375,0.6390499472618103,0.37750527262687683,-0.0070517174899578094,0.5946032404899597,0.3752000033855438,-0.01437925361096859,0.6077091693878174,0.36421525478363037,-0.02200014889240265,0.5998669862747192,0.36930233240127563,-0.018675820901989937,0.5946032404899597,0.3752000033855438,-0.01437925361096859,0.5907312631607056,0.3805740177631378,-0.009484975598752499,0.5883700251579285,0.38585108518600464,-0.004627446178346872,0.590861976146698,0.3851638436317444,-0.0064559634774923325,0.5951073169708252,0.385246217250824,-0.008550015278160572,0.598894476890564,0.3851023018360138,-0.011584727093577385,0.6095787286758423,0.3855125904083252,-0.016225550323724747,0.6160686016082764,0.38590341806411743,-0.016719361767172813,0.6222550272941589,0.3850018382072449,-0.015554665587842464,0.6274287104606628,0.383944034576416,-0.012973182834684849,0.6348665356636047,0.3828267753124237,-0.006565009709447622,0.6386146545410156,0.38194939494132996,-0.004170798230916262,0.5987259149551392,0.3800889551639557,-0.012172072194516659,0.6035449504852295,0.3780703544616699,-0.014856364578008652,0.6093202233314514,0.37724387645721436,-0.016954677179455757,0.6158443689346313,0.37739652395248413,-0.017419638112187386,0.6220560073852539,0.37670087814331055,-0.016302956268191338,0.6273257732391357,0.37686043977737427,-0.01369127631187439,0.6330399513244629,0.38545989990234375,-0.011229999363422394,0.6386146545410156,0.38194939494132996,-0.004170798230916262,0.6851227879524231,0.29625096917152405,0.0755133256316185,0.538219690322876,0.3055829405784607,0.06823865324258804,0.6171486377716064,0.43243807554244995,-0.013888602145016193,0.5672902464866638,0.3929843306541443,0.005243232939392328,0.5624537467956543,0.32098549604415894,0.0023258531000465155
ssirt0486.mp4,108,0.5058491230010986,0.8088499903678894,-3.8558610526706616e-07,0.5000573396682739,0.7273932099342346,0.009718782268464565,0.5202131271362305,0.675112783908844,0.009355229325592518,0.5436007976531982,0.6569036841392517,0.006113973446190357,0.5650596618652344,0.6658759117126465,0.002784084528684616,0.5404201149940491,0.6206161975860596,0.0017695552669465542,0.5572007894515991,0.6151306629180908,0.0016163012478500605,0.5544030666351318,0.6415482759475708,0.0008660838357172906,0.5460180640220642,0.6559581756591797,-0.0003656935296021402,0.5638300776481628,0.643034815788269,-0.006008449010550976,0.5741763710975647,0.6614909768104553,-0.0002947422326542437,0.5674210786819458,0.6840479969978333,-0.000321554543916136,0.5591285824775696,0.6940601468086243,-0.003563701407983899,0.5823066830635071,0.6798005104064941,-0.011966502293944359,0.5840923190116882,0.696645200252533,-0.00460734311491251,0.5755583643913269,0.7159802913665771,-0.001931987702846527,0.5654159188270569,0.7253706455230713,-0.003979975823312998,0.5948540568351746,0.7177071571350098,-0.01774112693965435,0.5944740176200867,0.7345293760299683,-0.008765085600316525,0.585911750793457,0.7505069375038147,-0.001834468450397253,0.5763944983482361,0.7582827806472778,0.001454330631531775,0.6160920262336731,0.4016900658607483,-0.019729958847165108,0.6237025260925293,0.40037623047828674,-0.018941504880785942,0.6301401853561401,0.39610055088996887,-0.01612478867173195,0.6348161101341248,0.39027100801467896,-0.012478476390242577,0.6377376317977905,0.3856517970561981,-0.007318345829844475,0.6398102045059204,0.38163888454437256,-0.002714365953579545,0.6084348559379578,0.4008561372756958,-0.019622934982180595,0.6017389893531799,0.3970962464809418,-0.017439426854252815,0.5963990688323975,0.39180150628089905,-0.014237549155950546,0.5929508805274963,0.3877183496952057,-0.009517129510641098,0.6159542798995972,0.3684079051017761,-0.022832462564110756,0.6232057809829712,0.36505383253097534,-0.021433446556329727,0.6300111413002014,0.36912983655929565,-0.01747601479291916,0.6344550848007202,0.37378644943237305,-0.01282432023435831,0.6376489400863647,0.377682626247406,-0.007663847412914038,0.5964717268943787,0.3751963675022125,-0.014748974703252316,0.6084787845611572,0.36545002460479736,-0.022122425958514214,0.601329505443573,0.3699912428855896,-0.01884281076490879,0.5964717268943787,0.3751963675022125,-0.014748974703252316,0.5928844809532166,0.37971729040145874,-0.010045492090284824,0.5904823541641235,0.3840351402759552,-0.005343280732631683,0.5927842259407043,0.3833964467048645,-0.007218941114842892,0.5965418815612793,0.38200217485427856,-0.009416230022907257,0.5999910235404968,0.38104474544525146,-0.012438417412340641,0.6098354458808899,0.38051167130470276,-0.0169888436794281,0.6157914400100708,0.3810112178325653,-0.017471473664045334,0.6216456890106201,0.3800623118877411,-0.016347913071513176,0.6266258955001831,0.37946566939353943,-0.013810185715556145,0.6338837146759033,0.3803187906742096,-0.007469716016203165,0.6374897360801697,0.3812735676765442,-0.004971346352249384,0.6001289486885071,0.3806649446487427,-0.012487812899053097,0.6046369075775146,0.37970706820487976,-0.014997276477515697,0.6099516153335571,0.37973299622535706,-0.017000259831547737,0.6159343123435974,0.3803221583366394,-0.017447585240006447,0.6217895746231079,0.37941664457321167,-0.016368618234992027,0.6267616152763367,0.37899118661880493,-0.013868970796465874,0.63217693567276,0.38243943452835083,-0.012146255001425743,0.6374897360801697,0.3812735676765442,-0.004971346352249384,0.6848437190055847,0.29556721448898315,0.07581400871276855,0.5384742021560669,0.3039225935935974,0.06890152394771576,0.6168294548988342,0.4303044080734253,-0.01486316230148077,0.5669755339622498,0.392341673374176,0.0048565613105893135,0.5624130368232727,0.32024505734443665,0.00264723040163517
ssirt0486.mp4,109,0.5116559863090515,0.7979516983032227,-1.3783612473616813e-07,0.5117931962013245,0.7247079014778137,0.01107431948184967,0.5328819155693054,0.6816390752792358,0.013798552565276623,0.5549991130828857,0.6748754382133484,0.013259654864668846,0.5721195340156555,0.6862492561340332,0.011577565222978592,0.5551599860191345,0.6458665132522583,0.008558925241231918,0.5782780051231384,0.6267328858375549,0.012103726156055927,0.5895212888717651,0.6214773058891296,0.01309204287827015,0.5969667434692383,0.6187371015548706,0.011827550828456879,0.5762254595756531,0.6671829223632812,0.0013987134443596005,0.5830872654914856,0.6898864507675171,0.006218688562512398,0.5733081698417664,0.7089787721633911,0.006251227110624313,0.5646762251853943,0.7157660722732544,0.004210312385112047,0.5907295942306519,0.7044069170951843,-0.004375319462269545,0.5910295248031616,0.7253257632255554,0.0009674089960753918,0.5786830186843872,0.7394704222679138,0.0025093015283346176,0.5675623416900635,0.7425274848937988,0.0007393726264126599,0.6001476645469666,0.7437243461608887,-0.009691335260868073,0.5989992618560791,0.7639496922492981,-0.0036787118297070265,0.588381826877594,0.7757905721664429,2.0961271729902364e-05,0.577881395816803,0.7792268395423889,0.0014909155433997512,0.6166353821754456,0.4047790467739105,-0.016562890261411667,0.6240363717079163,0.4030035138130188,-0.015766073018312454,0.6300171613693237,0.39750030636787415,-0.013054332695901394,0.6340675950050354,0.39010992646217346,-0.009639553725719452,0.6363564133644104,0.3843088150024414,-0.004892205353826284,0.6379694938659668,0.3795928657054901,-0.0007894423906691372,0.6089828014373779,0.40350663661956787,-0.01651320606470108,0.602486789226532,0.3984106481075287,-0.014470539055764675,0.597539484500885,0.391446590423584,-0.011511271819472313,0.5945428609848022,0.3859724998474121,-0.007227749098092318,0.6164669990539551,0.3658565878868103,-0.02176445536315441,0.623187780380249,0.36251839995384216,-0.020366620272397995,0.6293465495109558,0.3672615587711334,-0.016333457082509995,0.6332395076751709,0.3720077872276306,-0.011413242667913437,0.6359983086585999,0.3758242726325989,-0.006007268093526363,0.598126232624054,0.3733155429363251,-0.013460159301757812,0.6094486117362976,0.36295780539512634,-0.02110160142183304,0.6026883125305176,0.36817705631256104,-0.0177944153547287,0.598126232624054,0.3733155429363251,-0.013460159301757812,0.594756543636322,0.37749433517456055,-0.008522856049239635,0.5923900604248047,0.3814781904220581,-0.003554114606231451,0.5945510268211365,0.38096290826797485,-0.005358198191970587,0.5982481241226196,0.37996500730514526,-0.007298348471522331,0.6014385223388672,0.37925878167152405,-0.010225065052509308,0.6105486154556274,0.3793414831161499,-0.014733323827385902,0.6162344813346863,0.38012704253196716,-0.015190531499683857,0.6216483116149902,0.3790275454521179,-0.014021380804479122,0.6260875463485718,0.378312349319458,-0.01148584857583046,0.6323906183242798,0.37875616550445557,-0.005216276738792658,0.6357831358909607,0.37935110926628113,-0.0029717767611145973,0.6015443801879883,0.37905529141426086,-0.01123468205332756,0.6057758331298828,0.3784119486808777,-0.013948243111371994,0.6107067465782166,0.37858846783638,-0.01602243073284626,0.6163838505744934,0.3793541193008423,-0.016448333859443665,0.6217212080955505,0.3783852458000183,-0.01533577125519514,0.6261194944381714,0.37790098786354065,-0.012726524844765663,0.6312424540519714,0.3815903961658478,-0.009627848863601685,0.6357831358909607,0.37935110926628113,-0.0029717767611145973,0.6847512125968933,0.29323434829711914,0.07396619766950607,0.5382601022720337,0.3010108470916748,0.0667710229754448,0.6166977882385254,0.431026428937912,-0.010818381793797016,0.5668885111808777,0.38959142565727234,0.006341828964650631,0.562290608882904,0.31803297996520996,0.0020506884902715683
ssirt0486.mp4,110,0.5118069648742676,0.8005108833312988,-5.310276378622802e-07,0.514504611492157,0.7145723104476929,0.009668108075857162,0.5439834594726562,0.6637828350067139,0.009328408166766167,0.568484365940094,0.6529991030693054,0.00647348165512085,0.5906788110733032,0.6732527017593384,0.004234875086694956,0.5610751509666443,0.6168519258499146,-0.00910512637346983,0.6001328229904175,0.5923059582710266,-0.008523214608430862,0.5969241857528687,0.61991286277771,-0.0028233169578015804,0.5844230055809021,0.6438012719154358,0.0011460739187896252,0.5805425047874451,0.6499094367027283,-0.015335530042648315,0.5901821255683899,0.6831049919128418,-0.011134892702102661,0.5767826437950134,0.7151175141334534,-0.007382961921393871,0.5643901824951172,0.7264248132705688,-0.008274666033685207,0.5947456955909729,0.6975388526916504,-0.01882896199822426,0.5925976634025574,0.7231922149658203,-0.01228476781398058,0.5795857906341553,0.7458781003952026,-0.0075380271300673485,0.5651349425315857,0.7534319758415222,-0.008859572932124138,0.6041043996810913,0.7381808161735535,-0.02171173132956028,0.5989701151847839,0.7600494623184204,-0.013233345001935959,0.5856693387031555,0.7755153179168701,-0.005908121354877949,0.5723679661750793,0.7814813852310181,-0.002605107147246599,0.6164884567260742,0.4046359658241272,-0.01691669598221779,0.6238545775413513,0.4028264880180359,-0.016121791675686836,0.6298437714576721,0.3972717523574829,-0.013417012989521027,0.6339457035064697,0.38980740308761597,-0.009999308735132217,0.6362942457199097,0.3839523196220398,-0.005240593105554581,0.6379444003105164,0.37921208143234253,-0.0010916340397670865,0.608867883682251,0.40335530042648315,-0.01687396690249443,0.6024304032325745,0.3981853723526001,-0.014843427576124668,0.5975732207298279,0.3911076784133911,-0.011878031305968761,0.5946557521820068,0.38557887077331543,-0.007576541043817997,0.616309642791748,0.3653267025947571,-0.022014664486050606,0.623005747795105,0.36191827058792114,-0.020605722442269325,0.6291979551315308,0.36664915084838867,-0.01657557114958763,0.6331431269645691,0.3714372515678406,-0.011678250506520271,0.6359556913375854,0.3753427565097809,-0.006298821419477463,0.5981873273849487,0.3729715347290039,-0.013719264417886734,0.6093409657478333,0.36247968673706055,-0.021337373182177544,0.6026766300201416,0.3678167164325714,-0.018029045313596725,0.5981873273849487,0.3729715347290039,-0.013719264417886734,0.5948787331581116,0.37714189291000366,-0.008804269134998322,0.5925486087799072,0.38109180331230164,-0.0038567036390304565,0.5946826338768005,0.38053956627845764,-0.0056764655746519566,0.5983138084411621,0.37941205501556396,-0.007629129569977522,0.6014353036880493,0.37862151861190796,-0.010553478263318539,0.6104369163513184,0.3786099851131439,-0.015050198882818222,0.6160982251167297,0.3794064223766327,-0.01550124492496252,0.6214981079101562,0.3782482147216797,-0.014328214339911938,0.6259662508964539,0.3774973154067993,-0.011796803213655949,0.6323403716087341,0.37809857726097107,-0.005540956277400255,0.6357734799385071,0.3788829445838928,-0.0032857174519449472,0.6015744209289551,0.3784400522708893,-0.011493331752717495,0.605742871761322,0.3776642978191376,-0.014181596226990223,0.6106237769126892,0.377759724855423,-0.016244210302829742,0.6162660121917725,0.378518283367157,-0.016667209565639496,0.621590256690979,0.37749314308166504,-0.015555583871901035,0.6260142922401428,0.3770310878753662,-0.012957774102687836,0.6311380863189697,0.3809380531311035,-0.009956490248441696,0.6357734799385071,0.3788829445838928,-0.0032857174519449472,0.6848199963569641,0.29349252581596375,0.07429930567741394,0.5382736325263977,0.30136069655418396,0.06715208292007446,0.6165515780448914,0.4311789274215698,-0.011186206713318825,0.5666628479957581,0.3899030089378357,0.00616151699796319,0.5621845722198486,0.31817543506622314,0.0020950904581695795
ssirt0486.mp4,111,0.5046660900115967,0.8109520673751831,-2.557670768510434e-07,0.5065015554428101,0.7297481894493103,0.014261441305279732,0.5302907228469849,0.6819562315940857,0.01851414330303669,0.5511293411254883,0.6653096675872803,0.01890556700527668,0.5666407942771912,0.6716530323028564,0.018564170226454735,0.5487884283065796,0.6386522054672241,0.008271635510027409,0.581437349319458,0.621712863445282,0.014760280027985573,0.5919688940048218,0.6257790327072144,0.01971047930419445,0.5958803296089172,0.6295459270477295,0.021371426060795784,0.5704187154769897,0.661264955997467,0.000726906699128449,0.5766748189926147,0.6887503266334534,0.009338462725281715,0.5651671886444092,0.7099906802177429,0.010774916969239712,0.5552478432655334,0.7139514684677124,0.008497228845953941,0.5858925580978394,0.7011419534683228,-0.00431543355807662,0.5857412815093994,0.7189458608627319,0.004745862912386656,0.5739999413490295,0.7373149991035461,0.007331548258662224,0.5624690055847168,0.7416229248046875,0.00497779855504632,0.5962949991226196,0.7391999363899231,-0.008507377468049526,0.5952118039131165,0.7563494443893433,0.001219206489622593,0.5844274759292603,0.771248996257782,0.00752406008541584,0.5731526017189026,0.7766037583351135,0.010352011770009995,0.617116391658783,0.4081866443157196,-0.01572406478226185,0.6244499087333679,0.4063011407852173,-0.014916413463652134,0.6304734945297241,0.4004475474357605,-0.01224872563034296,0.6345970630645752,0.39235883951187134,-0.008923491463065147,0.6368752717971802,0.3858492374420166,-0.004350573755800724,0.6383594274520874,0.3804280161857605,-0.00036123584141023457,0.6095066666603088,0.4066618084907532,-0.01575286313891411,0.6032121777534485,0.40093356370925903,-0.01384017989039421,0.5986787676811218,0.39308321475982666,-0.011024566367268562,0.5961695909500122,0.3869364261627197,-0.00697284284979105,0.6166973114013672,0.36407917737960815,-0.022002775222063065,0.6232664585113525,0.3610426187515259,-0.020528782159090042,0.6295889616012573,0.36662834882736206,-0.016383158043026924,0.633594274520874,0.3718927800655365,-0.01130700670182705,0.6364333033561707,0.3762025237083435,-0.005764951463788748,0.5992265939712524,0.37340474128723145,-0.013606689870357513,0.6098783612251282,0.3616294264793396,-0.021351175382733345,0.6034029722213745,0.3678045868873596,-0.0180314090102911,0.5992265939712524,0.37340474128723145,-0.013606689870357513,0.5963432788848877,0.3778184652328491,-0.008580840192735195,0.5944086313247681,0.3819347321987152,-0.00346252485178411,0.5965379476547241,0.38145846128463745,-0.005268558394163847,0.5998650193214417,0.3805617094039917,-0.007090944796800613,0.6026571393013,0.3800946772098541,-0.009940910153090954,0.6111138463020325,0.3803400695323944,-0.014361781999468803,0.6167151927947998,0.38106822967529297,-0.014771632850170135,0.6220481395721436,0.38010668754577637,-0.013551939278841019,0.6264986395835876,0.3794924318790436,-0.011000503785908222,0.6327776908874512,0.3797135353088379,-0.004740619566291571,0.6361891627311707,0.3802255690097809,-0.0025850553065538406,0.6029000282287598,0.3800916373729706,-0.011348349042236805,0.6067249178886414,0.3795989453792572,-0.014116398990154266,0.6113510131835938,0.3796869218349457,-0.01619376614689827,0.6168385744094849,0.38033199310302734,-0.016583338379859924,0.6220448017120361,0.3794836103916168,-0.015420638956129551,0.6264172792434692,0.379153311252594,-0.012739836238324642,0.6316603422164917,0.38302668929100037,-0.009042532183229923,0.6361891627311707,0.3802255690097809,-0.0025850553065538406,0.684333324432373,0.2929977476596832,0.0744919627904892,0.5378470420837402,0.3017921447753906,0.06650194525718689,0.6171275973320007,0.4337352514266968,-0.009476693347096443,0.5670404434204102,0.39072534441947937,0.006567828357219696,0.5620934367179871,0.31916344165802,0.001618090202100575
ssirt0486.mp4,112,0.5023707151412964,0.8017851114273071,-6.54144116651878e-08,0.5012075901031494,0.7256696224212646,0.01112266443669796,0.5201095938682556,0.6736135482788086,0.01348797231912613,0.5406942367553711,0.6561527848243713,0.01299070380628109,0.5587936043739319,0.6644233465194702,0.01160535030066967,0.5398285984992981,0.6266155242919922,0.007066540885716677,0.5688557028770447,0.599510133266449,0.010930612683296204,0.586205244064331,0.586219072341919,0.012942717410624027,0.5994507074356079,0.5759900212287903,0.012784830294549465,0.5624403953552246,0.6502684354782104,0.00018690945580601692,0.5782564878463745,0.65577232837677,0.0056035639718174934,0.568859338760376,0.6783360242843628,0.007680464535951614,0.5587266683578491,0.6910534501075745,0.0075495922937989235,0.5798018574714661,0.6878713369369507,-0.005048486869782209,0.5880135893821716,0.6933231949806213,0.0006399195990525186,0.5775666832923889,0.7114985585212708,0.004605878610163927,0.566350519657135,0.7216840386390686,0.00520783755928278,0.5919634699821472,0.724930465221405,-0.0096419183537364,0.5994303226470947,0.7265197038650513,-0.0014150510542094707,0.5916866064071655,0.7418059706687927,0.005623364355415106,0.5817375183105469,0.7513542771339417,0.009726070798933506,0.6170116662979126,0.40955066680908203,-0.015583445318043232,0.6242251396179199,0.40767672657966614,-0.014731578528881073,0.6300721764564514,0.4018110930919647,-0.012028170749545097,0.6339433193206787,0.39372730255126953,-0.0087009621784091,0.6359792351722717,0.38727137446403503,-0.004141831770539284,0.6372841596603394,0.382016658782959,-0.00015577563317492604,0.6094748973846436,0.4080246090888977,-0.015662673860788345,0.6031962633132935,0.4023270010948181,-0.013787012547254562,0.5986519455909729,0.39450812339782715,-0.011005321517586708,0.5961670279502869,0.38840943574905396,-0.007009138353168964,0.6165955066680908,0.3646971583366394,-0.021967800334095955,0.6229714155197144,0.36185765266418457,-0.020453613251447678,0.6290302276611328,0.36787763237953186,-0.01627209410071373,0.6328415870666504,0.3733803629875183,-0.011155999265611172,0.6354904770851135,0.3777983784675598,-0.005587466061115265,0.5992993712425232,0.37460535764694214,-0.013689383864402771,0.609922468662262,0.36227694153785706,-0.021366586908698082,0.6035025715827942,0.3687245547771454,-0.01809941604733467,0.5992993712425232,0.37460535764694214,-0.013689383864402771,0.5963928699493408,0.3792420029640198,-0.00867078173905611,0.5944356918334961,0.3834801912307739,-0.003538633231073618,0.5965314507484436,0.3829052150249481,-0.005324267316609621,0.599826991558075,0.3818091154098511,-0.007120466325432062,0.6026302576065063,0.38113725185394287,-0.009935282170772552,0.611038327217102,0.38098493218421936,-0.014291711151599884,0.6165527105331421,0.38171371817588806,-0.014651408419013023,0.6217393279075623,0.3807530403137207,-0.013380712829530239,0.6259956955909729,0.3802691102027893,-0.010806937702000141,0.631929874420166,0.3809517025947571,-0.0045415787026286125,0.6351699829101562,0.3817014694213867,-0.002392401220276952,0.6028794050216675,0.38117942214012146,-0.011407320387661457,0.6067032814025879,0.3804354667663574,-0.014161120168864727,0.6112780570983887,0.38036927580833435,-0.016207857057452202,0.6166808605194092,0.38104870915412903,-0.016552312299609184,0.6217353343963623,0.3802229166030884,-0.015344315208494663,0.6259149312973022,0.38005712628364563,-0.012631821446120739,0.6310042142868042,0.3841579556465149,-0.008831455372273922,0.6351699829101562,0.3817014694213867,-0.002392401220276952,0.6843634843826294,0.2935703992843628,0.07480380684137344,0.5374258756637573,0.3023885488510132,0.06614759564399719,0.6170927286148071,0.43469393253326416,-0.009287260472774506,0.5669371485710144,0.3913780152797699,0.006421451922506094,0.5619258284568787,0.32000166177749634,0.0013434130232781172
ssirt0486.mp4,113,0.5037369132041931,0.7984389066696167,-6.452650325172726e-08,0.503049910068512,0.7211098074913025,0.012580991722643375,0.5224510431289673,0.6700138449668884,0.015508073382079601,0.5430468916893005,0.6553073525428772,0.01519354060292244,0.5610788464546204,0.666395366191864,0.013704917393624783,0.5395787954330444,0.6267072558403015,0.0072679175063967705,0.5691481232643127,0.599524974822998,0.011274549178779125,0.5866711735725403,0.5866574048995972,0.01349475234746933,0.6001165509223938,0.5764815807342529,0.013512847945094109,0.562423825263977,0.6500760912895203,-9.4990900834091e-06,0.5790185332298279,0.6552690863609314,0.006039318162947893,0.5709489583969116,0.6766684055328369,0.0082785589620471,0.5615562796592712,0.6889944672584534,0.008123339153826237,0.5798349380493164,0.6876578330993652,-0.0054276869632303715,0.5884246230125427,0.6948174238204956,0.0010160264791920781,0.578415036201477,0.712774932384491,0.004781088791787624,0.5675423741340637,0.7228010296821594,0.005087775178253651,0.5920262336730957,0.7243068814277649,-0.010064389556646347,0.5998801589012146,0.7283161282539368,-0.001124254777096212,0.5923983454704285,0.742316722869873,0.005659582559019327,0.582307755947113,0.7509617805480957,0.009378943592309952,0.6173416972160339,0.4086657166481018,-0.015629464760422707,0.6245219707489014,0.4066796898841858,-0.01477980986237526,0.6303350925445557,0.40086790919303894,-0.012055957689881325,0.6341963410377502,0.3930063545703888,-0.008738172240555286,0.6362665891647339,0.38681262731552124,-0.004217748064547777,0.6376303434371948,0.381786048412323,-0.0002649696543812752,0.6098188757896423,0.4073059558868408,-0.015699198469519615,0.6035400032997131,0.40189656615257263,-0.01380391139537096,0.598973274230957,0.3944794535636902,-0.011033636517822742,0.5964171886444092,0.38869509100914,-0.0070772599428892136,0.6170088648796082,0.36460644006729126,-0.022179722785949707,0.6234351396560669,0.36159273982048035,-0.02066120132803917,0.6294953227043152,0.3674861192703247,-0.016475699841976166,0.6332777738571167,0.3730246424674988,-0.011316162534058094,0.6358799934387207,0.37749558687210083,-0.0057132551446557045,0.5995150208473206,0.37483954429626465,-0.013835563324391842,0.610252320766449,0.3622652292251587,-0.021564852446317673,0.6037517786026001,0.3688211143016815,-0.01828792691230774,0.5995150208473206,0.37483954429626465,-0.013835563324391842,0.5965884923934937,0.37959980964660645,-0.008794683963060379,0.5946317315101624,0.38399380445480347,-0.0036510126665234566,0.5967593789100647,0.3833170533180237,-0.0054200151935219765,0.6001268029212952,0.38211488723754883,-0.0071726590394973755,0.6029675602912903,0.3813264071941376,-0.009974576532840729,0.6114131808280945,0.3809603452682495,-0.014355521649122238,0.6169251799583435,0.3815527558326721,-0.014730793423950672,0.6221029758453369,0.3805086016654968,-0.01346150878816843,0.6263352632522583,0.3799751400947571,-0.01088044885545969,0.6322417259216309,0.3806796073913574,-0.00460590235888958,0.6354709267616272,0.3814610242843628,-0.002494856482371688,0.6031736731529236,0.3812865614891052,-0.011601073667407036,0.6070201396942139,0.38041046261787415,-0.014405058696866035,0.6116325259208679,0.3802204132080078,-0.016481885686516762,0.6170673370361328,0.3807608187198639,-0.016841206699609756,0.6221262812614441,0.379885733127594,-0.015629157423973083,0.6262951493263245,0.37968504428863525,-0.012891177088022232,0.6312941908836365,0.38374000787734985,-0.008892541751265526,0.6354709267616272,0.3814610242843628,-0.002494856482371688,0.6841914057731628,0.2930140495300293,0.07464636862277985,0.5375271439552307,0.30281174182891846,0.06604858487844467,0.6174644231796265,0.4349918067455292,-0.009367117658257484,0.5672141313552856,0.39142417907714844,0.00624800706282258,0.5620144605636597,0.3199314475059509,0.0012829871848225594
ssirt0486.mp4,114,0.49871423840522766,0.7726308107376099,2.1469618616265507e-07,0.494543194770813,0.6882907748222351,0.009596580639481544,0.5110342502593994,0.6289178729057312,0.01159147173166275,0.5369011163711548,0.5999336242675781,0.011332998983561993,0.557443380355835,0.5906124114990234,0.010870911180973053,0.5157434940338135,0.6010591387748718,0.0034877886064350605,0.550947368144989,0.5494336485862732,0.0006791215273551643,0.5710819363594055,0.5247927308082581,-0.00016952909936662763,0.5860844254493713,0.5072031021118164,-0.00014589780766982585,0.5364850163459778,0.6203621625900269,-0.0046575902961194515,0.5706695914268494,0.5614654421806335,-0.005157053470611572,0.5914874076843262,0.5304011106491089,-0.005778960417956114,0.6077972650527954,0.5076054334640503,-0.006033249665051699,0.5565457344055176,0.6499858498573303,-0.011939791031181812,0.5838754177093506,0.5867510437965393,-0.011454923078417778,0.6010109186172485,0.5524348020553589,-0.011198453605175018,0.6139997839927673,0.5263113379478455,-0.011194542050361633,0.5737358927726746,0.6861175894737244,-0.018520988523960114,0.5924634337425232,0.6261124610900879,-0.01717623695731163,0.6032218933105469,0.5928758978843689,-0.013976022601127625,0.6124446392059326,0.5650079250335693,-0.010996240191161633,0.6167513728141785,0.41503462195396423,-0.014577694237232208,0.6242242455482483,0.41280877590179443,-0.013787109404802322,0.6301566362380981,0.4061632454395294,-0.01124690379947424,0.6340038776397705,0.39710164070129395,-0.008078794926404953,0.6359063386917114,0.38957399129867554,-0.0037403858732432127,0.6369695067405701,0.38325777649879456,8.420264930464327e-05,0.6089668273925781,0.4132762849330902,-0.01467279065400362,0.6025758385658264,0.4069027602672577,-0.01292840763926506,0.5980233550071716,0.39806094765663147,-0.0102912075817585,0.5956258773803711,0.39087510108947754,-0.006499216426163912,0.616136372089386,0.36397725343704224,-0.02177288755774498,0.6225842237472534,0.36128053069114685,-0.02026507444679737,0.6287522912025452,0.36769717931747437,-0.016098175197839737,0.6325926184654236,0.37359175086021423,-0.010975014418363571,0.6352348327636719,0.37849634885787964,-0.005405292380601168,0.5987772345542908,0.3749657869338989,-0.01343235932290554,0.6094731092453003,0.3617844879627228,-0.02115139178931713,0.6030009984970093,0.36863598227500916,-0.017878573387861252,0.5987772345542908,0.3749657869338989,-0.01343235932290554,0.5959038138389587,0.380087286233902,-0.008382683619856834,0.594077467918396,0.38486945629119873,-0.0031723754946142435,0.5962757468223572,0.3844413757324219,-0.004957499913871288,0.5995767712593079,0.38476645946502686,-0.006655537523329258,0.6023174524307251,0.38532555103302,-0.009376189671456814,0.6107162833213806,0.38712844252586365,-0.013620906509459019,0.616357684135437,0.38798660039901733,-0.013980495743453503,0.6216937899589539,0.38688308000564575,-0.012753195129334927,0.625948965549469,0.385661780834198,-0.01025406550616026,0.6316763758659363,0.3839074373245239,-0.004178453702479601,0.634807825088501,0.3830990791320801,-0.0021433550864458084,0.6025984287261963,0.38209643959999084,-0.011160635389387608,0.6063734889030457,0.381094753742218,-0.013935990631580353,0.6108824014663696,0.3807027339935303,-0.015975037589669228,0.6162008047103882,0.38115763664245605,-0.016322623938322067,0.6212459206581116,0.38046571612358093,-0.015143286436796188,0.6254234910011292,0.38058561086654663,-0.012459219433367252,0.6309120655059814,0.38805314898490906,-0.008277920074760914,0.634807825088501,0.3830990791320801,-0.0021433550864458084,0.6837494969367981,0.29330065846443176,0.0742180198431015,0.5373366475105286,0.3024396002292633,0.06558524072170258,0.6172558665275574,0.43648332357406616,-0.00798911415040493,0.5673099756240845,0.39201655983924866,0.006835052743554115,0.561972975730896,0.32084885239601135,0.0012060895096510649
ssirt0486.mp4,115,0.49416401982307434,0.7677893042564392,1.9936776141094015e-07,0.48934412002563477,0.6838358640670776,0.009987348690629005,0.5039669275283813,0.6248244047164917,0.011544635519385338,0.5276582837104797,0.5928542613983154,0.010774713009595871,0.5481606721878052,0.5819790363311768,0.009734771214425564,0.5091394186019897,0.5945508480072021,0.003103958209976554,0.5445889830589294,0.5371857285499573,0.00035744754131883383,0.5655691027641296,0.5119355916976929,-0.0007379655726253986,0.5812844038009644,0.49436572194099426,-0.001144304871559143,0.5310373902320862,0.6135172843933105,-0.00531346071511507,0.5646048188209534,0.5503492951393127,-0.005528736859560013,0.5850324630737305,0.5192311406135559,-0.006329699419438839,0.6000736951828003,0.49598023295402527,-0.007165852002799511,0.551855206489563,0.6408591270446777,-0.012730015441775322,0.578848123550415,0.5755947828292847,-0.011991078034043312,0.5959300994873047,0.540215015411377,-0.01131367776542902,0.60854572057724,0.5124289989471436,-0.01145193912088871,0.5702361464500427,0.6746950745582581,-0.019416630268096924,0.5890426635742188,0.6144631505012512,-0.01785103604197502,0.6001814603805542,0.5814599990844727,-0.014135091565549374,0.6095073223114014,0.5541644096374512,-0.01108603272587061,0.6169303059577942,0.4153335690498352,-0.014713025651872158,0.6243696808815002,0.41301366686820984,-0.013914734125137329,0.6302328705787659,0.4060553014278412,-0.011310885660350323,0.633886992931366,0.39648962020874023,-0.008130490779876709,0.6355964541435242,0.38876795768737793,-0.003811331233009696,0.6365739703178406,0.38266512751579285,-2.385037805652246e-05,0.6091038584709167,0.4135230779647827,-0.014767199754714966,0.6027094125747681,0.40687596797943115,-0.01293764915317297,0.5982502102851868,0.39769524335861206,-0.010272572748363018,0.595944344997406,0.3904416859149933,-0.006481033284217119,0.6163154244422913,0.3629130721092224,-0.021796975284814835,0.6227615475654602,0.36006516218185425,-0.02032371796667576,0.6289185285568237,0.3666991591453552,-0.016200797632336617,0.6326424479484558,0.37286990880966187,-0.011050294153392315,0.6350733041763306,0.3779316544532776,-0.005477349739521742,0.5989657640457153,0.374687522649765,-0.01341590378433466,0.6095748543739319,0.36080116033554077,-0.02117301896214485,0.603103756904602,0.36807432770729065,-0.017907869070768356,0.5989657640457153,0.374687522649765,-0.01341590378433466,0.5961941480636597,0.37994584441185,-0.00835464522242546,0.5944663286209106,0.38466671109199524,-0.0031836037524044514,0.5966747999191284,0.38409093022346497,-0.0049432204104959965,0.5999638438224792,0.3837449550628662,-0.0066002849489450455,0.6026487946510315,0.383661150932312,-0.009306317195296288,0.6108517646789551,0.38422301411628723,-0.013587110675871372,0.6163401007652283,0.3849326968193054,-0.013980881310999393,0.621483564376831,0.3837541937828064,-0.012757689692080021,0.6256128549575806,0.38288643956184387,-0.01025981642305851,0.6311724781990051,0.3824022710323334,-0.004202847834676504,0.6343386769294739,0.3823804259300232,-0.0022156659979373217,0.6030170321464539,0.3821277916431427,-0.01123306155204773,0.6067217588424683,0.3812335729598999,-0.014057102613151073,0.6111754775047302,0.38095808029174805,-0.01613755151629448,0.6164993047714233,0.3815346658229828,-0.01651272550225258,0.6214486956596375,0.38061243295669556,-0.015339134261012077,0.6254814863204956,0.38048261404037476,-0.012639587745070457,0.6305936574935913,0.386465460062027,-0.008290303871035576,0.6343386769294739,0.3823804259300232,-0.0022156659979373217,0.6838167905807495,0.2931181490421295,0.07337947934865952,0.5375513434410095,0.30312055349349976,0.06508946418762207,0.6171709895133972,0.43818116188049316,-0.008324839174747467,0.567281186580658,0.3928481638431549,0.006592388264834881,0.5618349313735962,0.32105425000190735,0.0011606019688770175
ssirt0486.mp4,116,0.49368488788604736,0.7718502879142761,1.871848240853069e-07,0.48896437883377075,0.6840268969535828,0.011812022887170315,0.5040066838264465,0.6250783801078796,0.014132717624306679,0.5279673337936401,0.5958138108253479,0.013636483810842037,0.5487802028656006,0.5874798893928528,0.012810813263058662,0.5087403059005737,0.5956994295120239,0.0047686598263680935,0.5438910126686096,0.5374845862388611,0.0027039998676627874,0.5651208162307739,0.5133907198905945,0.002740381518378854,0.5810017585754395,0.49760037660598755,0.003110849764198065,0.5308194756507874,0.6130382418632507,-0.004713419824838638,0.5643166303634644,0.5482816696166992,-0.004856477957218885,0.5847762823104858,0.5178796648979187,-0.0049794260412454605,0.5997103452682495,0.49622994661331177,-0.005073666572570801,0.551912784576416,0.640121579170227,-0.013073627837002277,0.5791242122650146,0.5747009515762329,-0.012346133589744568,0.5962286591529846,0.5400427579879761,-0.011357851326465607,0.6087617874145508,0.5121564269065857,-0.011119784787297249,0.5704317688941956,0.6754428148269653,-0.020546359941363335,0.5902056694030762,0.614597499370575,-0.018753698095679283,0.6020422577857971,0.5820474624633789,-0.01460740715265274,0.6121946573257446,0.5544089078903198,-0.011174664832651615,0.6168200969696045,0.4144935607910156,-0.014823418110609055,0.6241291165351868,0.4121364951133728,-0.014015330001711845,0.6299149394035339,0.4050544500350952,-0.011355270631611347,0.6334554553031921,0.39544546604156494,-0.008077058009803295,0.6351378560066223,0.38793623447418213,-0.0036011694464832544,0.636184573173523,0.3821448087692261,0.0002581717271823436,0.6092009544372559,0.4127015769481659,-0.014849983155727386,0.6030077934265137,0.40598464012145996,-0.012945670634508133,0.5988228917121887,0.3967338800430298,-0.010178319178521633,0.596684455871582,0.3896009922027588,-0.006227478850632906,0.615988552570343,0.3618149161338806,-0.021485228091478348,0.6224120259284973,0.35900142788887024,-0.020039059221744537,0.6287600994110107,0.36586305499076843,-0.015900278463959694,0.6325305700302124,0.37234532833099365,-0.010758833959698677,0.6348676085472107,0.37750446796417236,-0.005167839117348194,0.5991100072860718,0.37422528862953186,-0.01309473067522049,0.6093703508377075,0.3598516881465912,-0.02087688446044922,0.6030270457267761,0.3673928380012512,-0.017589624971151352,0.5991100072860718,0.37422528862953186,-0.01309473067522049,0.5966517925262451,0.3794938921928406,-0.008008203469216824,0.5952156186103821,0.3840104639530182,-0.0028422290924936533,0.5974104404449463,0.3834514915943146,-0.004609242547303438,0.6005457639694214,0.38282495737075806,-0.006356600672006607,0.603081464767456,0.38242682814598083,-0.009137248620390892,0.6108800768852234,0.38237622380256653,-0.01348741352558136,0.6161428689956665,0.3830157220363617,-0.013892730697989464,0.6211727261543274,0.38183146715164185,-0.012677513062953949,0.6252817511558533,0.3811495006084442,-0.01015776488929987,0.6308589577674866,0.3813714385032654,-0.004009424243122339,0.6339462399482727,0.3818337321281433,-0.0019352053059265018,0.6033826470375061,0.3820645809173584,-0.010853852145373821,0.6068804860115051,0.38131511211395264,-0.013665013946592808,0.6111599802970886,0.38115447759628296,-0.015749873593449593,0.6163414120674133,0.38175690174102783,-0.01613716036081314,0.6212522387504578,0.380738228559494,-0.014968064613640308,0.625267505645752,0.38045722246170044,-0.012270776554942131,0.6302282214164734,0.38514333963394165,-0.008194268681108952,0.6339462399482727,0.3818337321281433,-0.0019352053059265018,0.6836357116699219,0.2937370538711548,0.07349273562431335,0.5375077128410339,0.30325236916542053,0.06509523838758469,0.6171393394470215,0.43740880489349365,-0.008618582971394062,0.5672848224639893,0.393172025680542,0.006829891819506884,0.5619767904281616,0.3214048743247986,0.001311583910137415
ssirt0486.mp4,117,0.48875898122787476,0.7515968084335327,2.4459430392198556e-07,0.4814962148666382,0.6646734476089478,0.010303288698196411,0.494437038898468,0.6038113832473755,0.011185107752680779,0.5177549123764038,0.5675039291381836,0.00980422180145979,0.537179172039032,0.5521070957183838,0.007994351908564568,0.4972221255302429,0.5706121325492859,0.0007895590970292687,0.533360481262207,0.5056912899017334,-0.0020434362813830376,0.555056095123291,0.47515571117401123,-0.003087717341259122,0.5708478689193726,0.4517415165901184,-0.003324906574562192,0.5197321772575378,0.5888424515724182,-0.007724737282842398,0.5549200177192688,0.5197927951812744,-0.007250698283314705,0.575865626335144,0.487594336271286,-0.0070638954639434814,0.5901240110397339,0.4640217423439026,-0.007566396147012711,0.5415400862693787,0.6161825656890869,-0.015045139007270336,0.5703073740005493,0.5476284623146057,-0.013386929407715797,0.5873696208000183,0.5098884105682373,-0.012399277649819851,0.5986047387123108,0.4816957116127014,-0.012764744460582733,0.5612317323684692,0.6489853262901306,-0.021609222516417503,0.5810111165046692,0.5840661525726318,-0.01971626468002796,0.5924788117408752,0.5493195652961731,-0.016135282814502716,0.6010532379150391,0.5210817456245422,-0.013349194079637527,0.6166563034057617,0.4164693355560303,-0.014393273741006851,0.6242244839668274,0.41384628415107727,-0.013677168637514114,0.6299769282341003,0.4064575731754303,-0.011262722313404083,0.6333330273628235,0.39663827419281006,-0.008170975372195244,0.6347000598907471,0.38871026039123535,-0.0039022578857839108,0.6353344321250916,0.382610946893692,-8.310126577271149e-05,0.608820378780365,0.4149722456932068,-0.014460911974310875,0.602318286895752,0.40844520926475525,-0.012773600406944752,0.5977160930633545,0.39900583028793335,-0.010173420421779156,0.5953767895698547,0.3912040591239929,-0.006410928908735514,0.6157994270324707,0.3636963665485382,-0.021574590355157852,0.6223194599151611,0.3607814311981201,-0.02011140063405037,0.6283828616142273,0.3667045533657074,-0.01601552590727806,0.6318966150283813,0.372707724571228,-0.011007349006831646,0.6340945959091187,0.37776830792427063,-0.0055389502085745335,0.5985538959503174,0.3748038709163666,-0.013253365643322468,0.6091167330741882,0.3617216944694519,-0.02092447318136692,0.6027048826217651,0.36833271384239197,-0.017651239410042763,0.5985538959503174,0.3748038709163666,-0.013253365643322468,0.5957071781158447,0.38010644912719727,-0.008252942003309727,0.5940183997154236,0.3850141167640686,-0.0030367900617420673,0.5963835120201111,0.38448286056518555,-0.004861047025769949,0.5997936725616455,0.38420969247817993,-0.006579934619367123,0.6025474071502686,0.3844074308872223,-0.009260310791432858,0.6106029152870178,0.3855552077293396,-0.013432865031063557,0.6158913969993591,0.38624757528305054,-0.013812021352350712,0.6209247708320618,0.3848702907562256,-0.012656481005251408,0.624809205532074,0.38366076350212097,-0.010238866321742535,0.6299664378166199,0.3825397491455078,-0.0043372102081775665,0.6330019235610962,0.3824249804019928,-0.0023072855547070503,0.6028497219085693,0.38211485743522644,-0.010963799431920052,0.6064974069595337,0.3810795247554779,-0.013686321675777435,0.6108090877532959,0.3807283639907837,-0.015706457197666168,0.6159224510192871,0.38123440742492676,-0.01607327349483967,0.6207683086395264,0.3801945149898529,-0.014949122443795204,0.6245954036712646,0.3800809979438782,-0.012349936179816723,0.6296865344047546,0.3868178427219391,-0.008338418789207935,0.6330019235610962,0.3824249804019928,-0.0023072855547070503,0.6834670305252075,0.28960514068603516,0.07378961890935898,0.5374739170074463,0.3019973039627075,0.06602373719215393,0.618746817111969,0.435405433177948,-0.007715629413723946,0.5686191320419312,0.3917784094810486,0.00720873661339283,0.5620483756065369,0.32136043906211853,0.0015164089854806662
ssirt0486.mp4,118,0.4891546070575714,0.7226709723472595,8.3688913576907e-09,0.4791632294654846,0.6419466137886047,0.013877731747925282,0.49059054255485535,0.5797532796859741,0.015499450266361237,0.513490617275238,0.5527186393737793,0.013401300646364689,0.5350174903869629,0.556487500667572,0.009879251010715961,0.49621284008026123,0.5376189351081848,0.0007216550293378532,0.5285584330558777,0.47023701667785645,0.0013139841612428427,0.5473834276199341,0.4340420365333557,0.002638305304571986,0.560732364654541,0.404754102230072,0.002719562267884612,0.5190451145172119,0.5519627332687378,-0.009083480574190617,0.5547205805778503,0.5277759432792664,-0.007596767507493496,0.5542483925819397,0.5583223104476929,-0.0034898354206234217,0.5449515581130981,0.5795606374740601,-0.0014045225689187646,0.5420903563499451,0.5803356170654297,-0.01661005988717079,0.5698781609535217,0.5537627935409546,-0.013166825287044048,0.5667582154273987,0.5789491534233093,-0.004496966954320669,0.5569994449615479,0.597531795501709,6.19563870714046e-05,0.5616064667701721,0.6120110750198364,-0.02320931851863861,0.5830506682395935,0.5713504552841187,-0.015643343329429626,0.5828405618667603,0.5844920873641968,-0.004126583691686392,0.5763853192329407,0.60117107629776,0.003549892222508788,0.6147735714912415,0.41333723068237305,-0.01556445099413395,0.6221361756324768,0.4108196794986725,-0.014880737289786339,0.6278384923934937,0.40375596284866333,-0.01245700754225254,0.6312389373779297,0.3946077823638916,-0.009327186271548271,0.632774293422699,0.38767555356025696,-0.0049780504778027534,0.6336151957511902,0.3826093077659607,-0.0010891087586060166,0.6073359251022339,0.41196495294570923,-0.015559330582618713,0.6013326644897461,0.40589532256126404,-0.013725274242460728,0.5973497629165649,0.39744701981544495,-0.011003927327692509,0.5954356789588928,0.39106807112693787,-0.007077033631503582,0.6141666769981384,0.36528703570365906,-0.022002344951033592,0.6205511093139648,0.3619040548801422,-0.020598262548446655,0.6265366077423096,0.36755913496017456,-0.016635598614811897,0.6300614476203918,0.37338554859161377,-0.011750612407922745,0.6323070526123047,0.3780955374240875,-0.006395307369530201,0.5980898141860962,0.3762129843235016,-0.013616800308227539,0.6077333688735962,0.3630312383174896,-0.021273143589496613,0.6018000841140747,0.3696843683719635,-0.017985578626394272,0.5980898141860962,0.3762129843235016,-0.013616800308227539,0.5956718325614929,0.3814719617366791,-0.008657604455947876,0.5942546129226685,0.38629165291786194,-0.0035668618511408567,0.5965383052825928,0.38561198115348816,-0.00539983669295907,0.5996114611625671,0.3842009902000427,-0.007159368600696325,0.6020842790603638,0.38354623317718506,-0.009891591034829617,0.6093437075614929,0.38345298171043396,-0.01417567953467369,0.6142520308494568,0.3840578496456146,-0.014623490162193775,0.6191124320030212,0.38269752264022827,-0.0135032394900918,0.6229891777038574,0.381766676902771,-0.011122415773570538,0.6283127665519714,0.38168635964393616,-0.00527636194601655,0.631329357624054,0.38236671686172485,-0.003251280402764678,0.6023245453834534,0.38334381580352783,-0.011479340493679047,0.605595588684082,0.3823855519294739,-0.014215800911188126,0.6095553636550903,0.38212114572525024,-0.016273587942123413,0.6143642067909241,0.38258376717567444,-0.01670462265610695,0.6191214323043823,0.38137751817703247,-0.01563267596065998,0.6229326725006104,0.38095957040786743,-0.01308609638363123,0.6278407573699951,0.3853023648262024,-0.009337435476481915,0.631329357624054,0.38236671686172485,-0.003251280402764678,0.6826263666152954,0.29273244738578796,0.07327505946159363,0.536568820476532,0.30457329750061035,0.06676048785448074,0.6164785027503967,0.43388354778289795,-0.009420962072908878,0.5670306086540222,0.3913935720920563,0.006632128264755011,0.5609496831893921,0.3209729790687561,0.0019805028568953276
ssirt0486.mp4,119,0.4932560324668884,0.7081559300422668,-1.3141777799319243e-07,0.47875741124153137,0.6389870643615723,0.007586904335767031,0.48764845728874207,0.5688281655311584,0.0086355060338974,0.49531760811805725,0.5164240598678589,0.007725582458078861,0.49063926935195923,0.47893261909484863,0.0061761136166751385,0.506287157535553,0.522176206111908,-0.003464342560619116,0.5308688282966614,0.45529747009277344,-0.005007424391806126,0.5474780797958374,0.41628575325012207,-0.005253684241324663,0.5604616403579712,0.38671040534973145,-0.006125531625002623,0.5288271307945251,0.5350750684738159,-0.009121924638748169,0.5456633567810059,0.5435320734977722,-0.011007871478796005,0.5373198390007019,0.5720967650413513,-0.009339524433016777,0.5263693928718567,0.5861585736274719,-0.008908551186323166,0.5495914816856384,0.5658205151557922,-0.01294703595340252,0.5585607290267944,0.5755892992019653,-0.01450926624238491,0.5510209202766418,0.5987507104873657,-0.009035187773406506,0.5409227609634399,0.6117069721221924,-0.006176905240863562,0.5671382546424866,0.5965279936790466,-0.016119269654154778,0.5759280323982239,0.6009582877159119,-0.014358538202941418,0.5689457058906555,0.6224053502082825,-0.0074730198830366135,0.5594254732131958,0.6362916231155396,-0.0020785981323570013,0.6136701107025146,0.40861788392066956,-0.017675943672657013,0.6212752461433411,0.4064297080039978,-0.016971610486507416,0.6273583173751831,0.4004547595977783,-0.01431224960833788,0.631269097328186,0.3928264379501343,-0.010805939324200153,0.6333064436912537,0.38705193996429443,-0.005838222336024046,0.6346430778503418,0.38269948959350586,-0.0014678743900731206,0.6061549782752991,0.40769994258880615,-0.017535727471113205,0.5999383926391602,0.4028700888156891,-0.01535865943878889,0.5955551266670227,0.3960514962673187,-0.012208253145217896,0.5932658314704895,0.3908229172229767,-0.00762066338211298,0.6132538914680481,0.3694222569465637,-0.02184288762509823,0.619976282119751,0.36588728427886963,-0.02053830400109291,0.6262615919113159,0.37018638849258423,-0.01658434420824051,0.6301704049110413,0.37485718727111816,-0.01185574196279049,0.6328745484352112,0.37874487042427063,-0.006591360084712505,0.5962033867835999,0.3775946795940399,-0.013420918956398964,0.6064637303352356,0.36681973934173584,-0.021105386316776276,0.6002079248428345,0.37205466628074646,-0.017709381878376007,0.5962033867835999,0.3775946795940399,-0.013420918956398964,0.5934405326843262,0.3822786211967468,-0.008526607416570187,0.5917537808418274,0.3868233859539032,-0.0035997626837342978,0.5941005945205688,0.3859906792640686,-0.005511849652975798,0.597318708896637,0.3843645453453064,-0.007684327196329832,0.6000500321388245,0.38352251052856445,-0.010689162649214268,0.6080293655395508,0.3832690417766571,-0.015258832834661007,0.6132307052612305,0.3837878108024597,-0.015781497582793236,0.6184988617897034,0.38249504566192627,-0.014715220779180527,0.6228594779968262,0.38161298632621765,-0.012264030985534191,0.6290374398231506,0.3817436099052429,-0.006094522774219513,0.632307767868042,0.38250988721847534,-0.003677729284390807,0.6002440452575684,0.3833395838737488,-0.011059995740652084,0.6038548946380615,0.3824130892753601,-0.01365331094712019,0.6082407236099243,0.3823336660861969,-0.015709931030869484,0.6133787631988525,0.3827957510948181,-0.016208792105317116,0.618572473526001,0.38167804479599,-0.015177115797996521,0.6228739619255066,0.3811832368373871,-0.012711109593510628,0.6280797123908997,0.3846380114555359,-0.010562513023614883,0.632307767868042,0.38250988721847534,-0.003677729284390807,0.6817865967750549,0.2921014428138733,0.07432840764522552,0.5359827280044556,0.3055209517478943,0.06868284195661545,0.6158557534217834,0.43097126483917236,-0.012221458368003368,0.565621554851532,0.39279985427856445,0.00672489358112216,0.5599040985107422,0.3221898078918457,0.002893949393182993
ssirt0486.mp4,120,0.5023525953292847,0.6856958270072937,-1.1909895647477242e-07,0.48220375180244446,0.6174930334091187,0.006362161599099636,0.4848226010799408,0.5468196868896484,0.006229386664927006,0.4864976108074188,0.4890267848968506,0.004141593351960182,0.47836658358573914,0.4487649202346802,0.0011039142264053226,0.5174286365509033,0.5072348713874817,-0.0040877144783735275,0.5458147525787354,0.4518457055091858,-0.0033840255346149206,0.5635051131248474,0.42174726724624634,-0.0032181977294385433,0.5775930881500244,0.39847153425216675,-0.004628399852663279,0.5395728945732117,0.5192305445671082,-0.009103499352931976,0.5504826903343201,0.5437425374984741,-0.007831117138266563,0.5425532460212708,0.5682721734046936,-0.006984371226280928,0.5341006517410278,0.5784094929695129,-0.008552509360015392,0.5578222870826721,0.5547170639038086,-0.012073025107383728,0.5601194500923157,0.5735300779342651,-0.010513080283999443,0.5527578592300415,0.5923648476600647,-0.0059455945156514645,0.543773889541626,0.6015271544456482,-0.005166560877114534,0.572430431842804,0.5903903841972351,-0.014446279034018517,0.5768512487411499,0.6009307503700256,-0.010333788581192493,0.5699929594993591,0.6170234084129333,-0.0031139240600168705,0.5612201690673828,0.6270239949226379,0.0016940721543505788,0.6134477257728577,0.4091707170009613,-0.017757881432771683,0.6208253502845764,0.40699005126953125,-0.017165282741189003,0.6268258094787598,0.40082067251205444,-0.014792361296713352,0.6309399008750916,0.3927750289440155,-0.011500774882733822,0.6333482265472412,0.3865213394165039,-0.006760075688362122,0.6350703239440918,0.3815365433692932,-0.0024510985240340233,0.6058833003044128,0.4082627594470978,-0.017623338848352432,0.599471926689148,0.403142511844635,-0.01565169356763363,0.594595193862915,0.3959990441799164,-0.012652745470404625,0.5916189551353455,0.39051568508148193,-0.008206737227737904,0.6129090785980225,0.36899057030677795,-0.02202697843313217,0.6196554899215698,0.36491522192955017,-0.020754769444465637,0.6260532140731812,0.3688908517360687,-0.016976455226540565,0.6301555633544922,0.3735232353210449,-0.012474692426621914,0.6330726146697998,0.3774515986442566,-0.007439770735800266,0.5948381423950195,0.37717023491859436,-0.013731077313423157,0.6058573126792908,0.36621296405792236,-0.0212083850055933,0.5992356538772583,0.37161341309547424,-0.017865562811493874,0.5948381423950195,0.37717023491859436,-0.013731077313423157,0.5916128158569336,0.3817697763442993,-0.00899425894021988,0.5893810987472534,0.38613423705101013,-0.004176727030426264,0.5916271805763245,0.38542091846466064,-0.006120871752500534,0.5952557921409607,0.3839785158634186,-0.00823287758976221,0.5983802080154419,0.3829801082611084,-0.011105312965810299,0.6073180437088013,0.38245901465415955,-0.015476257540285587,0.612891674041748,0.38297057151794434,-0.016009574756026268,0.6182729005813599,0.3814709782600403,-0.01503749005496502,0.6228104829788208,0.3803766965866089,-0.01274245698004961,0.6293846964836121,0.3806488811969757,-0.006945927627384663,0.632855236530304,0.3813186287879944,-0.004630591254681349,0.5984587669372559,0.3828834891319275,-0.011477590538561344,0.6025617718696594,0.38194936513900757,-0.013956774957478046,0.6074161529541016,0.3819195032119751,-0.015941467136144638,0.612985372543335,0.38242900371551514,-0.01644967868924141,0.6183467507362366,0.3810057044029236,-0.015517412684857845,0.6228625178337097,0.3800838887691498,-0.013201684691011906,0.6280444860458374,0.3836904764175415,-0.01118045300245285,0.632855236530304,0.3813186287879944,-0.004630591254681349,0.681324303150177,0.2922457456588745,0.07364854216575623,0.5353458523750305,0.3057348430156708,0.0686708614230156,0.6142987012863159,0.4316047132015228,-0.012388981878757477,0.5647702217102051,0.39377984404563904,0.0064269802533090115,0.5592318773269653,0.32251790165901184,0.0031305274460464716
ssirt0486.mp4,121,0.5039963126182556,0.6823953986167908,-1.4002588955008832e-07,0.48187321424484253,0.6166541576385498,0.004615545738488436,0.4844331741333008,0.5485878586769104,0.0032041810918599367,0.4882672429084778,0.49069201946258545,0.00014494694187305868,0.4793808162212372,0.4511142075061798,-0.00401365477591753,0.5166487693786621,0.5085593461990356,-0.008495401591062546,0.5440739393234253,0.4529157876968384,-0.01144908182322979,0.5632762312889099,0.42320847511291504,-0.013190013356506824,0.5780768394470215,0.4004102945327759,-0.015414061024785042,0.5391755700111389,0.5192416906356812,-0.013430004939436913,0.5501415729522705,0.5385282039642334,-0.01585482805967331,0.5414966344833374,0.5635690689086914,-0.015097645111382008,0.5318939089775085,0.576077938079834,-0.015817906707525253,0.5582239031791687,0.5529847145080566,-0.016626663506031036,0.5597609877586365,0.5705404877662659,-0.018342027440667152,0.5522511601448059,0.5911561846733093,-0.013467206619679928,0.54363614320755,0.6027642488479614,-0.011734552681446075,0.5741775631904602,0.5890024900436401,-0.019430946558713913,0.5764663219451904,0.6014227271080017,-0.018185587599873543,0.5694012641906738,0.619872510433197,-0.01177599560469389,0.5618640184402466,0.6314679980278015,-0.007147988770157099,0.6134399771690369,0.40911537408828735,-0.01760224997997284,0.620855987071991,0.406916081905365,-0.016989409923553467,0.6268612742424011,0.40070319175720215,-0.014620409347116947,0.6309661865234375,0.39269018173217773,-0.011322705075144768,0.6333600878715515,0.3865129053592682,-0.006560176145285368,0.635089635848999,0.381605863571167,-0.0022577003110200167,0.6059553027153015,0.40820831060409546,-0.017484957352280617,0.5996118187904358,0.4031081199645996,-0.015532375313341618,0.5947988033294678,0.3959636688232422,-0.012539640069007874,0.5918728709220886,0.3904688358306885,-0.008093058131635189,0.6128900647163391,0.3689402937889099,-0.021767759695649147,0.6196381449699402,0.365033358335495,-0.020492473617196083,0.6260852217674255,0.3690975606441498,-0.016721412539482117,0.6301969289779663,0.37375468015670776,-0.012237697839736938,0.6331090927124023,0.37762942910194397,-0.007215592544525862,0.5949938297271729,0.3770714998245239,-0.013566810637712479,0.6059097051620483,0.36618757247924805,-0.020975366234779358,0.5993350148200989,0.37150126695632935,-0.01766256056725979,0.5949938297271729,0.3770714998245239,-0.013566810637712479,0.5918404459953308,0.38169118762016296,-0.00887031015008688,0.5896974205970764,0.3860754668712616,-0.0040842448361217976,0.5919932723045349,0.3854067325592041,-0.006008591968566179,0.5955577492713928,0.38398367166519165,-0.008131693117320538,0.5986284613609314,0.3830725848674774,-0.011009084060788155,0.6074076890945435,0.38272663950920105,-0.015366884879767895,0.6128940582275391,0.3832360804080963,-0.015879156067967415,0.6182963252067566,0.38178524374961853,-0.014893987216055393,0.6228291988372803,0.38069188594818115,-0.012588854879140854,0.629388153553009,0.380847692489624,-0.006770890671759844,0.632830023765564,0.38147246837615967,-0.00443299300968647,0.5987268090248108,0.3830043375492096,-0.011300699785351753,0.6027524471282959,0.38214802742004395,-0.013751192018389702,0.6075261235237122,0.38216453790664673,-0.01570909470319748,0.612994909286499,0.3826683759689331,-0.016195660457015038,0.6183669567108154,0.38133230805397034,-0.015256298705935478,0.6228737235069275,0.3804682493209839,-0.012947059236466885,0.6280596256256104,0.38384225964546204,-0.011011850088834763,0.632830023765564,0.38147246837615967,-0.00443299300968647,0.6814452409744263,0.2914023697376251,0.07351076602935791,0.5355207920074463,0.3057292103767395,0.06834378093481064,0.6147646903991699,0.4311096668243408,-0.012246078811585903,0.5650655627250671,0.3938549757003784,0.00644675362855196,0.5595316886901855,0.32264432311058044,0.003105784999206662
ssirt0486.mp4,122,0.5066561698913574,0.6763970851898193,-1.141209367006013e-07,0.4848490357398987,0.612943708896637,0.0020208964124321938,0.48320916295051575,0.5474543571472168,-0.00169371219817549,0.48070159554481506,0.4898153841495514,-0.006787937134504318,0.47072914242744446,0.4495801329612732,-0.012898989021778107,0.5214942097663879,0.5057433247566223,-0.01010854635387659,0.5497276186943054,0.45873886346817017,-0.014212260022759438,0.5685785412788391,0.43275734782218933,-0.0171696525067091,0.5829635262489319,0.4134983420372009,-0.02034054882824421,0.5444830060005188,0.5175582766532898,-0.01427542045712471,0.5529952645301819,0.5357816219329834,-0.017078371718525887,0.5443323850631714,0.5597801208496094,-0.016921265050768852,0.5354636907577515,0.5733716487884521,-0.018235543742775917,0.5629457831382751,0.5512037873268127,-0.017119981348514557,0.56351637840271,0.5682927370071411,-0.0191846564412117,0.5557249188423157,0.5880095958709717,-0.014644341543316841,0.5465216636657715,0.60062175989151,-0.013155038468539715,0.577992856502533,0.5876453518867493,-0.01986195333302021,0.5795891880989075,0.603023111820221,-0.019515497609972954,0.5717315673828125,0.6199449300765991,-0.01412680558860302,0.5634949207305908,0.6307995319366455,-0.010112755000591278,0.6144925355911255,0.4117998778820038,-0.016783230006694794,0.6224842071533203,0.4095281660556793,-0.016252664849162102,0.6290035247802734,0.4034237563610077,-0.013931354507803917,0.6334975361824036,0.39501699805259705,-0.01078597642481327,0.6360934376716614,0.38772252202033997,-0.0063480050303041935,0.6377412676811218,0.3812538683414459,-0.002356978366151452,0.6062708497047424,0.41092658042907715,-0.01658513769507408,0.5993172526359558,0.4060268998146057,-0.01451204251497984,0.5940762162208557,0.3987019658088684,-0.011565460823476315,0.5909714698791504,0.3922913074493408,-0.007327454164624214,0.6135681867599487,0.3636143207550049,-0.02237320877611637,0.6210333704948425,0.36012041568756104,-0.021135002374649048,0.6281883120536804,0.3642302453517914,-0.017384309321641922,0.6327496767044067,0.36982080340385437,-0.012690434232354164,0.6359689831733704,0.37527894973754883,-0.00749611109495163,0.5938831567764282,0.373693585395813,-0.013551858253777027,0.6057659983634949,0.36144956946372986,-0.021454526111483574,0.5985147953033447,0.36703962087631226,-0.017995310947299004,0.5938831567764282,0.373693585395813,-0.013551858253777027,0.5906598567962646,0.37999528646469116,-0.008560685440897942,0.5889503955841064,0.3864445686340332,-0.003538695862516761,0.5915570855140686,0.38534361124038696,-0.00545871164649725,0.5953306555747986,0.3860200047492981,-0.007379310671240091,0.5984669327735901,0.38653993606567383,-0.010242629796266556,0.6077951192855835,0.38819217681884766,-0.014781614765524864,0.6138464212417603,0.3886520564556122,-0.015414032153785229,0.6196934580802917,0.3870631158351898,-0.014463207684457302,0.6245033740997314,0.3851119875907898,-0.012191246263682842,0.6313002109527588,0.3823571801185608,-0.006500334478914738,0.6350324153900146,0.380831241607666,-0.004444923717528582,0.5985245704650879,0.37795162200927734,-0.011517279781401157,0.6026249527931213,0.3750574588775635,-0.014288730919361115,0.6077739000320435,0.37383270263671875,-0.016463855281472206,0.6137836575508118,0.37399381399154663,-0.017067527398467064,0.6195521950721741,0.37293297052383423,-0.016164163127541542,0.6244274377822876,0.37321019172668457,-0.013762424699962139,0.6300125122070312,0.386390745639801,-0.01056539174169302,0.6350324153900146,0.380831241607666,-0.004444923717528582,0.6821665167808533,0.2927011251449585,0.07246087491512299,0.5350258946418762,0.3066363036632538,0.06864771991968155,0.6142420768737793,0.4328564405441284,-0.011193685233592987,0.5644410252571106,0.3925527334213257,0.006931627634912729,0.5587734580039978,0.32061508297920227,0.0031530861742794514
ssirt0486.mp4,123,0.506209671497345,0.6762681007385254,-1.0506265368803724e-07,0.4828875958919525,0.6143612861633301,0.0026744825299829245,0.4811657667160034,0.5488688945770264,-0.0007475895108655095,0.4789391756057739,0.490426629781723,-0.005562751088291407,0.4693445563316345,0.4506639540195465,-0.011385195888578892,0.5180307030677795,0.5044831037521362,-0.010140497237443924,0.547640323638916,0.45686355233192444,-0.01397948618978262,0.5672648549079895,0.43128854036331177,-0.01652139239013195,0.5822944045066833,0.41283395886421204,-0.01926332339644432,0.5413322448730469,0.5159604549407959,-0.014332070015370846,0.5524937510490417,0.5353878140449524,-0.01665453426539898,0.543326735496521,0.5609363913536072,-0.015787087380886078,0.5337691903114319,0.5748030543327332,-0.016521932557225227,0.5604789853096008,0.5489369630813599,-0.017124434933066368,0.562751293182373,0.5682561993598938,-0.01880500651896,0.5543520450592041,0.5888445377349854,-0.014043185859918594,0.5446570515632629,0.6018433570861816,-0.012385749258100986,0.5762899518013,0.5844461917877197,-0.019723743200302124,0.5787407159805298,0.6010197401046753,-0.019095906987786293,0.5705082416534424,0.6189427971839905,-0.013533046469092369,0.562041699886322,0.6300643086433411,-0.009361310862004757,0.6150317788124084,0.40802088379859924,-0.01755322329699993,0.6230366826057434,0.40613946318626404,-0.01698181964457035,0.6296093463897705,0.400905579328537,-0.014421680010855198,0.6342400312423706,0.3934621512889862,-0.011057792231440544,0.6370323300361633,0.38685691356658936,-0.006354674231261015,0.6389210820198059,0.38068729639053345,-0.0022379534784704447,0.6065921783447266,0.4072154760360718,-0.01725059002637863,0.5992494225502014,0.4029640555381775,-0.01488475315272808,0.5933488607406616,0.3966304659843445,-0.011691838502883911,0.5894930958747864,0.3910408616065979,-0.007162004243582487,0.6144460439682007,0.36374765634536743,-0.022544624283909798,0.6221420764923096,0.3603932857513428,-0.021357398480176926,0.6292877197265625,0.3645954132080078,-0.01756647229194641,0.6338122487068176,0.37001338601112366,-0.012747622095048428,0.6370460391044617,0.37514179944992065,-0.007426204159855843,0.5929324626922607,0.3733804523944855,-0.013439985923469067,0.6061845421791077,0.3613758683204651,-0.021615546196699142,0.598225474357605,0.36688482761383057,-0.01804305985569954,0.5929324626922607,0.3733804523944855,-0.013439985923469067,0.5890593528747559,0.37945300340652466,-0.00830167718231678,0.5868133306503296,0.38559988141059875,-0.0032282741740345955,0.5894802808761597,0.3846980333328247,-0.005171531345695257,0.5937370657920837,0.3854100704193115,-0.00721849175170064,0.5974186658859253,0.38574206829071045,-0.0102574173361063,0.6079568266868591,0.38666433095932007,-0.015082103200256824,0.6144672632217407,0.38698431849479675,-0.015789849683642387,0.6204851865768433,0.3857491910457611,-0.014830091036856174,0.62541264295578,0.38419604301452637,-0.012465246953070164,0.6323449015617371,0.3819010555744171,-0.006495777517557144,0.6362308859825134,0.38035106658935547,-0.004328051581978798,0.5973412990570068,0.3779270350933075,-0.011370630003511906,0.6020774841308594,0.37517881393432617,-0.01425771415233612,0.6078084707260132,0.3739515244960785,-0.016546878963708878,0.614345908164978,0.37403982877731323,-0.017222682014107704,0.6203623414039612,0.3731870651245117,-0.01630922220647335,0.6253817081451416,0.3735133409500122,-0.013838376849889755,0.630973219871521,0.38543546199798584,-0.010793794877827168,0.6362308859825134,0.38035106658935547,-0.004328051581978798,0.6829379796981812,0.29331135749816895,0.07287198305130005,0.5356202721595764,0.3065185844898224,0.06967724859714508,0.6140782833099365,0.43310385942459106,-0.012167912907898426,0.5638566613197327,0.39221277832984924,0.0071260156109929085,0.5584874153137207,0.3201768696308136,0.003431360237300396
ssirt0486.mp4,124,0.5065104365348816,0.676213264465332,-1.0733279509622662e-07,0.4829906225204468,0.614080548286438,0.0028736782260239124,0.4809403121471405,0.5485925078392029,-0.0006774708162993193,0.4779708981513977,0.4896344840526581,-0.0055929250083863735,0.4682006239891052,0.4494144916534424,-0.011631091125309467,0.5183918476104736,0.505117654800415,-0.009994221851229668,0.5478986501693726,0.4565730094909668,-0.013947872444987297,0.5672603845596313,0.42926427721977234,-0.01669597066938877,0.5822320580482483,0.4092407822608948,-0.019536251202225685,0.541530430316925,0.5164766907691956,-0.013987940736114979,0.5525891184806824,0.5326356887817383,-0.015563161112368107,0.5433802604675293,0.5576196908950806,-0.01407559309154749,0.5338313579559326,0.5720410346984863,-0.014580393210053444,0.5605124831199646,0.5494996309280396,-0.01660989597439766,0.562981903553009,0.5651540756225586,-0.017760492861270905,0.5547956824302673,0.5857372283935547,-0.01254119910299778,0.5451623201370239,0.5991448760032654,-0.010725296102464199,0.5762884616851807,0.5852976441383362,-0.01896226778626442,0.5786157846450806,0.5989388823509216,-0.017764585092663765,0.5699766874313354,0.6163647174835205,-0.011709056794643402,0.5610307455062866,0.6273654103279114,-0.007342696189880371,0.6153963208198547,0.4090054929256439,-0.01790488511323929,0.6234742403030396,0.40694111585617065,-0.017301972955465317,0.6300530433654785,0.40135425329208374,-0.014754291623830795,0.6346516609191895,0.39350858330726624,-0.01138692069798708,0.6374064087867737,0.3865419626235962,-0.006654281169176102,0.6392312049865723,0.3801431953907013,-0.002476658206433058,0.6069110631942749,0.4081895351409912,-0.01766245625913143,0.5995908975601196,0.403697669506073,-0.015388977713882923,0.593768298625946,0.3970686197280884,-0.012237212620675564,0.5899747014045715,0.3912043571472168,-0.0077240001410245895,0.614366888999939,0.3641008734703064,-0.022693347185850143,0.6220895648002625,0.36062437295913696,-0.02145558036863804,0.6293154954910278,0.36450955271720886,-0.01764877885580063,0.6339328289031982,0.3696954846382141,-0.012873947620391846,0.6372522711753845,0.37465718388557434,-0.00760276336222887,0.5932314395904541,0.3736094534397125,-0.013799984008073807,0.6061419248580933,0.3619052469730377,-0.021798860281705856,0.5983569622039795,0.3672780692577362,-0.01830361783504486,0.5932314395904541,0.3736094534397125,-0.013799984008073807,0.589508056640625,0.37953856587409973,-0.008755435235798359,0.5873428583145142,0.38560977578163147,-0.0037598966155201197,0.5900498032569885,0.3847306966781616,-0.005695311818271875,0.5943636298179626,0.385581374168396,-0.007732849568128586,0.5979586243629456,0.38615986704826355,-0.01071480568498373,0.6082516312599182,0.38758864998817444,-0.015418259426951408,0.6146968603134155,0.38789477944374084,-0.01606675609946251,0.6207249760627747,0.38652706146240234,-0.01507608313113451,0.6256473660469055,0.384708434343338,-0.012711557559669018,0.6325692534446716,0.381740927696228,-0.006776296067982912,0.6364889740943909,0.3798955976963043,-0.004591579083353281,0.5977720022201538,0.37804514169692993,-0.011744527146220207,0.6023569107055664,0.3753373920917511,-0.014553484506905079,0.6079636812210083,0.3740600347518921,-0.01677439920604229,0.6144033074378967,0.37403181195259094,-0.017397440969944,0.6204227209091187,0.37308192253112793,-0.016452781856060028,0.6254653334617615,0.3733113706111908,-0.013987364247441292,0.6312376260757446,0.3855733275413513,-0.011072983033955097,0.6364889740943909,0.3798955976963043,-0.004591579083353281,0.6826128959655762,0.29349133372306824,0.07325677573680878,0.5355778932571411,0.30731210112571716,0.06933906674385071,0.6147398352622986,0.4335028827190399,-0.012687403708696365,0.5644400119781494,0.393234521150589,0.006577511318027973,0.5588932633399963,0.32097887992858887,0.0032496319618076086
ssirt0486.mp4,125,0.5063655376434326,0.6755506992340088,-1.1030594038174968e-07,0.4828089475631714,0.6129683256149292,0.003341086208820343,0.48070335388183594,0.5477373600006104,0.00010184088750975206,0.4776632785797119,0.48904556035995483,-0.004582722671329975,0.4682800769805908,0.4489133954048157,-0.010418343357741833,0.5181786417961121,0.5049217939376831,-0.009380267933011055,0.5480442643165588,0.455912709236145,-0.01301009114831686,0.5673519968986511,0.4288565218448639,-0.015383974649012089,0.582145631313324,0.4090035855770111,-0.017924711108207703,0.5410525798797607,0.5162269473075867,-0.013458033092319965,0.5522657632827759,0.5315625071525574,-0.0146891288459301,0.5431262850761414,0.5568717122077942,-0.012928251177072525,0.533536970615387,0.5715552568435669,-0.013214323669672012,0.5599866509437561,0.5492148995399475,-0.016131354495882988,0.5623723268508911,0.5645688772201538,-0.016878878697752953,0.5541710257530212,0.5856249332427979,-0.011512219905853271,0.5445929765701294,0.5990229845046997,-0.00961635448038578,0.5758382081985474,0.5850703120231628,-0.01849258504807949,0.5781959891319275,0.5986016392707825,-0.016908664256334305,0.5693921446800232,0.6162782311439514,-0.01066023763269186,0.5603905916213989,0.6272919774055481,-0.006176686380058527,0.6152170896530151,0.4086485207080841,-0.01812163181602955,0.6233192682266235,0.40669649839401245,-0.017526226118206978,0.6299668550491333,0.40125247836112976,-0.015029491856694221,0.6346546411514282,0.39356574416160583,-0.011689839884638786,0.6374841332435608,0.3867068588733673,-0.006968528963625431,0.6393402814865112,0.38034090399742126,-0.002765773795545101,0.6068379282951355,0.40784603357315063,-0.017885252833366394,0.5996047854423523,0.40345636010169983,-0.015661370009183884,0.593869149684906,0.3968775272369385,-0.012539534829556942,0.590158998966217,0.39101582765579224,-0.008038556203246117,0.6140933632850647,0.3636648952960968,-0.022641154006123543,0.6218588352203369,0.360457181930542,-0.021410007029771805,0.6292672753334045,0.36446958780288696,-0.01765969581902027,0.6340020895004272,0.3697511553764343,-0.012979814782738686,0.6373810172080994,0.37478604912757874,-0.00780511274933815,0.5932421088218689,0.37323254346847534,-0.013904182240366936,0.6059314012527466,0.3615646958351135,-0.021750790998339653,0.5982494950294495,0.3668871819972992,-0.01830991357564926,0.5932421088218689,0.37323254346847534,-0.013904182240366936,0.589640736579895,0.3792138695716858,-0.008957920596003532,0.5875933766365051,0.3853222727775574,-0.00405307998880744,0.5902659296989441,0.3845215141773224,-0.0059814234264194965,0.5944654941558838,0.38556718826293945,-0.00802316889166832,0.5979822278022766,0.3861848711967468,-0.01096750795841217,0.608112096786499,0.3875264525413513,-0.015599166974425316,0.6144992709159851,0.38781431317329407,-0.016234811395406723,0.620602548122406,0.3865373730659485,-0.015257969498634338,0.6256194710731506,0.38482290506362915,-0.012924161739647388,0.6327058672904968,0.3819640278816223,-0.007067858707159758,0.6366323232650757,0.3800656199455261,-0.004877116531133652,0.5978274941444397,0.37783941626548767,-0.011867264285683632,0.6023216247558594,0.3751268684864044,-0.014603601768612862,0.6078583598136902,0.3738275170326233,-0.01677914522588253,0.614240825176239,0.3737894594669342,-0.01738680712878704,0.6203435063362122,0.3729398846626282,-0.016459811478853226,0.625468373298645,0.3732694685459137,-0.014041796326637268,0.6312700510025024,0.38572606444358826,-0.011331736110150814,0.6366323232650757,0.3800656199455261,-0.004877116531133652,0.6829054355621338,0.2933165729045868,0.07304070144891739,0.5356200933456421,0.30703988671302795,0.06917407363653183,0.614931046962738,0.43279582262039185,-0.013009781017899513,0.5647575259208679,0.39306944608688354,0.006269674748182297,0.5591655969619751,0.321077436208725,0.003247600980103016
ssirt0486.mp4,126,0.4967551827430725,0.7248919606208801,-2.069215554456605e-07,0.48563286662101746,0.6571282744407654,0.0013857596786692739,0.49915388226509094,0.6076146364212036,-0.002902418375015259,0.5196629762649536,0.5943130254745483,-0.008656916208565235,0.5367847084999084,0.6041759848594666,-0.015086853876709938,0.51331627368927,0.5588666200637817,-0.013965996913611889,0.5226972103118896,0.4842095971107483,-0.020971698686480522,0.5290881395339966,0.43709415197372437,-0.025639716535806656,0.5343904495239258,0.40170836448669434,-0.029682310298085213,0.5394847989082336,0.5730823874473572,-0.01890416257083416,0.5465731620788574,0.5888690948486328,-0.024816058576107025,0.5385814309120178,0.6137791275978088,-0.025288330391049385,0.5306612849235535,0.6256251335144043,-0.025728004053235054,0.5593121647834778,0.608167290687561,-0.02240956574678421,0.5570153594017029,0.6252882480621338,-0.02598010003566742,0.5480606555938721,0.6432174444198608,-0.021854685619473457,0.5397793054580688,0.6527001857757568,-0.019567666575312614,0.5735122561454773,0.642745852470398,-0.026068290695548058,0.5693390369415283,0.6592890024185181,-0.02562827430665493,0.5601133108139038,0.674172043800354,-0.018931781873106956,0.5519965887069702,0.6837188601493835,-0.013424474745988846,0.6185017228126526,0.4063318371772766,-0.018996955826878548,0.6266515254974365,0.4046441614627838,-0.018230389803647995,0.6334130167961121,0.3997029662132263,-0.01514552440494299,0.6382641196250916,0.3925619125366211,-0.01139263715595007,0.6412885785102844,0.385948121547699,-0.006290706340223551,0.6433611512184143,0.3795601427555084,-0.0019383598119020462,0.6097697019577026,0.40541505813598633,-0.01868479885160923,0.6022568345069885,0.40110042691230774,-0.016043884679675102,0.5962298512458801,0.39493328332901,-0.012630745768547058,0.5922060012817383,0.3895048201084137,-0.00785103254020214,0.6180684566497803,0.3639835715293884,-0.02335020713508129,0.6259130835533142,0.3608943223953247,-0.0220436230301857,0.6332511305809021,0.3649119436740875,-0.01797870360314846,0.6379663348197937,0.3698805272579193,-0.01286698505282402,0.6413702964782715,0.3745221495628357,-0.007257275283336639,0.5958333611488342,0.3734278678894043,-0.014178811572492123,0.6096636056900024,0.36205047369003296,-0.022496340796351433,0.6014166474342346,0.3675060272216797,-0.018874073401093483,0.5958333611488342,0.3734278678894043,-0.014178811572492123,0.591768205165863,0.3787958025932312,-0.00895106140524149,0.5893152952194214,0.3841524124145508,-0.0038574079517275095,0.5919803977012634,0.38350820541381836,-0.005745455157011747,0.5964231491088867,0.38467642664909363,-0.00786377489566803,0.6002350449562073,0.38530856370925903,-0.011118683032691479,0.6112160086631775,0.38666072487831116,-0.016259079799056053,0.6180977821350098,0.38701367378234863,-0.016954928636550903,0.6243807077407837,0.38590651750564575,-0.01584397628903389,0.6294962167739868,0.38438090682029724,-0.013186033815145493,0.6366986036300659,0.3816174864768982,-0.0064869956113398075,0.6406791806221008,0.3794238567352295,-0.004126137122511864,0.6000841856002808,0.3776882290840149,-0.012034108862280846,0.6050223708152771,0.37524938583374023,-0.01504695974290371,0.6109704375267029,0.3739793598651886,-0.017423976212739944,0.6178382635116577,0.37392890453338623,-0.018074551597237587,0.6241094470024109,0.3731498122215271,-0.017015857622027397,0.6293290257453918,0.37349578738212585,-0.014300822280347347,0.6351248025894165,0.38511922955513,-0.011281020008027554,0.6406791806221008,0.3794238567352295,-0.004126137122511864,0.6861139535903931,0.2930369973182678,0.07525794208049774,0.5390543341636658,0.3040083944797516,0.07021395117044449,0.6172718405723572,0.43356913328170776,-0.01360609382390976,0.5665590763092041,0.3919467329978943,0.006211072206497192,0.5617706775665283,0.319108247756958,0.0029066684655845165
ssirt0486.mp4,127,0.49961259961128235,0.7655990123748779,-1.9664078365622117e-07,0.4915655851364136,0.6945146918296814,0.0009508218499831855,0.5091244578361511,0.6439825892448425,-0.003931742627173662,0.5322117805480957,0.6328986287117004,-0.010113556869328022,0.5487542748451233,0.6412832736968994,-0.016810782253742218,0.5260970592498779,0.5973920822143555,-0.01310065295547247,0.5325203537940979,0.5263410210609436,-0.02088177390396595,0.5371077656745911,0.479741632938385,-0.026933735236525536,0.5409649610519409,0.444370836019516,-0.032079048454761505,0.5503638982772827,0.6148788332939148,-0.018302587792277336,0.5534558296203613,0.6304877400398254,-0.02532338537275791,0.5455161333084106,0.6550279855728149,-0.02716008387506008,0.5384798645973206,0.6647127866744995,-0.028469057753682137,0.5676739811897278,0.65074622631073,-0.022275064140558243,0.5619016885757446,0.6660656332969666,-0.025619912892580032,0.5531150102615356,0.683802604675293,-0.021942047402262688,0.5459364652633667,0.6916884779930115,-0.02022881992161274,0.5799671411514282,0.6860541105270386,-0.026668960228562355,0.5718936920166016,0.6997714042663574,-0.025879940018057823,0.5622499585151672,0.7144606113433838,-0.019543461501598358,0.554882824420929,0.722342312335968,-0.014531845226883888,0.619118332862854,0.40423673391342163,-0.019484644755721092,0.6270984411239624,0.4025913178920746,-0.01864887960255146,0.6338307857513428,0.39779531955718994,-0.015564977191388607,0.6387820243835449,0.3909344971179962,-0.011783589608967304,0.6419841051101685,0.3845822215080261,-0.0065825823694467545,0.6442759037017822,0.37833482027053833,-0.0021148831583559513,0.6107386946678162,0.40343713760375977,-0.01927931234240532,0.603437602519989,0.3994034230709076,-0.016767768189311028,0.5975320935249329,0.39349234104156494,-0.013390621170401573,0.5935603380203247,0.38820314407348633,-0.008588021621108055,0.6187764406204224,0.3636418282985687,-0.023268695920705795,0.6265809535980225,0.36079278588294983,-0.021897993981838226,0.6339596509933472,0.36467432975769043,-0.017831118777394295,0.6387805342674255,0.36941102147102356,-0.012808552011847496,0.6422306299209595,0.3737073838710785,-0.007306859362870455,0.5970935225486755,0.3726730942726135,-0.014539347030222416,0.6105582118034363,0.36183351278305054,-0.022513069212436676,0.6025542616844177,0.36700165271759033,-0.019049784168601036,0.5970935225486755,0.3726730942726135,-0.014539347030222416,0.5930994153022766,0.37775343656539917,-0.009471132420003414,0.5906830430030823,0.3828079104423523,-0.004520312417298555,0.5932334065437317,0.3822900056838989,-0.0063783242367208,0.5974993109703064,0.3835085332393646,-0.008505514822900295,0.6012295484542847,0.38412684202194214,-0.011669510044157505,0.612019419670105,0.3852657675743103,-0.01658882573246956,0.6187662482261658,0.38555657863616943,-0.017170850187540054,0.625096321105957,0.3844360113143921,-0.015998506918549538,0.6303207874298096,0.3829749822616577,-0.013341556303203106,0.6377593278884888,0.38036519289016724,-0.006726969964802265,0.6416996717453003,0.3782680630683899,-0.004321999382227659,0.6011439561843872,0.3769126534461975,-0.012389142997562885,0.6059955358505249,0.3745643198490143,-0.015248661860823631,0.6118645071983337,0.37333425879478455,-0.017496583983302116,0.6186373829841614,0.37328678369522095,-0.018049180507659912,0.6249847412109375,0.372530460357666,-0.016930317506194115,0.630293607711792,0.37287425994873047,-0.014229590073227882,0.6359396576881409,0.38365107774734497,-0.011529416777193546,0.6416996717453003,0.3782680630683899,-0.004321999382227659,0.6871123909950256,0.2949081361293793,0.07578258216381073,0.5395928025245667,0.30425015091896057,0.06945590674877167,0.6185036897659302,0.43167251348495483,-0.014499940909445286,0.5679180026054382,0.3909245431423187,0.005389714613556862,0.5633403658866882,0.3185047507286072,0.002594493329524994
ssirt0486.mp4,128,0.4997207522392273,0.7667060494422913,-1.4476513854333461e-07,0.4912111759185791,0.6926082968711853,0.0012325495481491089,0.5079232454299927,0.6434268355369568,-0.003477165475487709,0.5306378602981567,0.6317998766899109,-0.009287478402256966,0.5485618114471436,0.6416221857070923,-0.01565873622894287,0.5255072116851807,0.5972961187362671,-0.013472930528223515,0.5316659212112427,0.5267205238342285,-0.02188723161816597,0.5372667908668518,0.4784773886203766,-0.028625410050153732,0.5417728424072266,0.4420790672302246,-0.03416728228330612,0.550640344619751,0.6138733625411987,-0.018121227622032166,0.5526671409606934,0.6345573663711548,-0.024837598204612732,0.5451284646987915,0.6600318551063538,-0.025909962132573128,0.5381648540496826,0.6704076528549194,-0.026811426505446434,0.5674803853034973,0.6495594382286072,-0.021566076204180717,0.5613341927528381,0.6695936322212219,-0.02506772056221962,0.5530899167060852,0.6867437958717346,-0.02083180472254753,0.5457503795623779,0.693745493888855,-0.018714645877480507,0.5789498686790466,0.6847057938575745,-0.025365743786096573,0.5723052620887756,0.7010173797607422,-0.025043673813343048,0.5624634027481079,0.7160285115242004,-0.01866738125681877,0.554436445236206,0.7233332991600037,-0.01355898380279541,0.6191937327384949,0.4036768078804016,-0.019071310758590698,0.6270678639411926,0.4020942449569702,-0.018221115693449974,0.6336967349052429,0.3974263370037079,-0.015205411240458488,0.6385729312896729,0.39069417119026184,-0.011484182439744473,0.6417298913002014,0.3844412863254547,-0.006351440213620663,0.6440015435218811,0.37829554080963135,-0.0019267316674813628,0.610871434211731,0.4028693437576294,-0.018942568451166153,0.6036338806152344,0.39890241622924805,-0.016592292115092278,0.5977703928947449,0.39311715960502625,-0.01333064865320921,0.5938159227371216,0.38797158002853394,-0.0086523974314332,0.6189725399017334,0.36370599269866943,-0.023158779367804527,0.626652181148529,0.36084476113319397,-0.02173243649303913,0.6338815689086914,0.36465686559677124,-0.01763795129954815,0.6386033296585083,0.3693650960922241,-0.012620203197002411,0.6419904828071594,0.37366729974746704,-0.007126953452825546,0.597376823425293,0.37260565161705017,-0.01462537981569767,0.6108254790306091,0.361876904964447,-0.022448772564530373,0.6028404831886292,0.36697623133659363,-0.019061878323554993,0.597376823425293,0.37260565161705017,-0.01462537981569767,0.5933710336685181,0.37767571210861206,-0.009612168185412884,0.5909615159034729,0.38274282217025757,-0.0046723270788788795,0.5934855341911316,0.382165789604187,-0.006499642040580511,0.5977223515510559,0.38329488039016724,-0.008561334572732449,0.6014402508735657,0.38387906551361084,-0.01164278294891119,0.6121751070022583,0.3849790394306183,-0.016403093934059143,0.618857204914093,0.38526248931884766,-0.01691899076104164,0.6250789165496826,0.38416463136672974,-0.015716301277279854,0.6302145719528198,0.38273781538009644,-0.013068665750324726,0.6375327110290527,0.38022032380104065,-0.006517916452139616,0.6414293050765991,0.3782080113887787,-0.004143642261624336,0.6013978123664856,0.3767927885055542,-0.01246546395123005,0.6062474846839905,0.37449440360069275,-0.015271971933543682,0.6120879650115967,0.37330737709999084,-0.017452554777264595,0.6188051700592041,0.3732844591140747,-0.01794321835041046,0.6250312328338623,0.37254583835601807,-0.01679261215031147,0.6302423477172852,0.37287256121635437,-0.014086677692830563,0.6357467174530029,0.3834573030471802,-0.011255251243710518,0.6414293050765991,0.3782080113887787,-0.004143642261624336,0.686967134475708,0.29510149359703064,0.07609456777572632,0.5395029783248901,0.3035467863082886,0.06880531460046768,0.6184821724891663,0.43142640590667725,-0.01401484478265047,0.5681233406066895,0.3905447721481323,0.0052045295014977455,0.5634628534317017,0.31839120388031006,0.002267401199787855
ssirt0486.mp4,129,0.5050743818283081,0.7896111607551575,-2.006282073807597e-07,0.495636910200119,0.7194236516952515,0.000709081650711596,0.5116095542907715,0.6725866794586182,-0.003564307698979974,0.5336670875549316,0.6583215594291687,-0.009194162674248219,0.552844226360321,0.6661549806594849,-0.015562322922050953,0.5353609919548035,0.6315727829933167,-0.011480663903057575,0.5393112897872925,0.5621672868728638,-0.01977675035595894,0.5438997745513916,0.5148509740829468,-0.02653990313410759,0.5478492975234985,0.47901421785354614,-0.03185861557722092,0.5595242977142334,0.6487425565719604,-0.015826590359210968,0.5595847368240356,0.6605455279350281,-0.022172611206769943,0.55161052942276,0.6832797527313232,-0.023932499811053276,0.5441988110542297,0.6943676471710205,-0.02509475126862526,0.5745909214019775,0.6832047700881958,-0.01915455050766468,0.5660520195960999,0.6973134875297546,-0.022653793916106224,0.5569511651992798,0.7122150659561157,-0.01918177679181099,0.5492824912071228,0.7195806503295898,-0.017136968672275543,0.5831389427185059,0.7155802845954895,-0.0228713471442461,0.5760895609855652,0.7251089811325073,-0.0221968125551939,0.5668110847473145,0.7384188771247864,-0.015737956389784813,0.558803915977478,0.7471153736114502,-0.010442515835165977,0.6196922659873962,0.4049188494682312,-0.019015995785593987,0.6276108622550964,0.4035167992115021,-0.01821538805961609,0.6342961192131042,0.3991468548774719,-0.015262201428413391,0.6392197012901306,0.39279648661613464,-0.011589150875806808,0.6423934698104858,0.386920690536499,-0.006519438233226538,0.6446398496627808,0.3810127377510071,-0.0021004388108849525,0.6114333868026733,0.4040202796459198,-0.01886202022433281,0.6042226552963257,0.4001086950302124,-0.016511378809809685,0.5983168482780457,0.3945343792438507,-0.01325770653784275,0.5943007469177246,0.38968318700790405,-0.008581940084695816,0.6189258694648743,0.36514705419540405,-0.023146044462919235,0.6266652345657349,0.362399697303772,-0.021752411499619484,0.6341433525085449,0.3664594292640686,-0.017697319388389587,0.6390475630760193,0.37143826484680176,-0.012741387821733952,0.6425617337226868,0.376033216714859,-0.007302763406187296,0.5975272059440613,0.37414225935935974,-0.014542273245751858,0.6107882261276245,0.36328062415122986,-0.02239607833325863,0.602867603302002,0.36838528513908386,-0.018970303237438202,0.5975272059440613,0.37414225935935974,-0.014542273245751858,0.5936428904533386,0.3793809413909912,-0.009526288136839867,0.5913335084915161,0.38465142250061035,-0.004566843155771494,0.5938614010810852,0.38414081931114197,-0.006432510446757078,0.5981274843215942,0.38506120443344116,-0.008520791307091713,0.601860761642456,0.38546222448349,-0.011603844352066517,0.6125373244285583,0.38640841841697693,-0.016369864344596863,0.6192086338996887,0.3867711126804352,-0.016912521794438362,0.6255183815956116,0.3858254849910736,-0.015757329761981964,0.6307389736175537,0.38460129499435425,-0.013152719475328922,0.6381937861442566,0.38259708881378174,-0.006682952865958214,0.6420859694480896,0.38087910413742065,-0.0043172212317585945,0.6016848087310791,0.37854453921318054,-0.012346538715064526,0.606467604637146,0.3761853873729706,-0.015131165273487568,0.612263023853302,0.37498939037323,-0.01731048710644245,0.6189529299736023,0.3749936521053314,-0.017827356234192848,0.625277578830719,0.3743491768836975,-0.016720004379749298,0.63060063123703,0.37480470538139343,-0.014071334153413773,0.6363530158996582,0.38557422161102295,-0.011366266757249832,0.6420859694480896,0.38087910413742065,-0.0043172212317585945,0.6878337860107422,0.2959831655025482,0.07585755735635757,0.5402196049690247,0.3035835921764374,0.06919822841882706,0.618706226348877,0.43249404430389404,-0.01382073201239109,0.5684452056884766,0.3912660777568817,0.005510805640369654,0.5639911890029907,0.31883347034454346,0.002500284928828478
ssirt0486.mp4,130,0.5098901987075806,0.7994261980056763,8.221952185749615e-08,0.49908334016799927,0.7311255931854248,-0.0014020265080034733,0.5133686661720276,0.6850210428237915,-0.005391469690948725,0.5375617742538452,0.6718485951423645,-0.010033898986876011,0.5588316917419434,0.6762217283248901,-0.014996982179582119,0.5329647064208984,0.642992377281189,-0.011887756176292896,0.5390965938568115,0.5706311464309692,-0.02099130116403103,0.5446027517318726,0.5251297354698181,-0.02691792882978916,0.5503830909729004,0.48933693766593933,-0.030613690614700317,0.5579718947410583,0.6623041033744812,-0.013885916210711002,0.5729806423187256,0.6372027397155762,-0.01682952418923378,0.5817961692810059,0.6321009397506714,-0.01691112108528614,0.5878468155860901,0.6263659000396729,-0.016864079982042313,0.5739099979400635,0.6939873695373535,-0.01562533527612686,0.5689274668693542,0.7001364231109619,-0.016524529084563255,0.5595980286598206,0.7147831916809082,-0.014041810296475887,0.5515970587730408,0.7266829013824463,-0.012026804499328136,0.5837529897689819,0.7265027761459351,-0.018033962696790695,0.5762521028518677,0.7331721782684326,-0.01669342629611492,0.5671676993370056,0.7451054453849792,-0.011954909190535545,0.5588822960853577,0.7555973529815674,-0.007688164710998535,0.6198136806488037,0.4047349691390991,-0.01930919848382473,0.6276404857635498,0.4033645987510681,-0.01844910904765129,0.6343051791191101,0.3991459012031555,-0.015412927605211735,0.6392689347267151,0.39319702982902527,-0.011638193391263485,0.6425084471702576,0.3877719044685364,-0.0063997614197432995,0.644804835319519,0.3823578953742981,-0.001863706624135375,0.611755907535553,0.4038926661014557,-0.019188838079571724,0.6047587394714355,0.4001929759979248,-0.016846787184476852,0.5991106629371643,0.3949730098247528,-0.013555576093494892,0.595312237739563,0.3904878497123718,-0.008796135894954205,0.6189512610435486,0.3668346703052521,-0.022917738184332848,0.6266366839408875,0.3641960918903351,-0.02149103581905365,0.6341352462768555,0.36832669377326965,-0.01739325001835823,0.6390904784202576,0.3732317090034485,-0.012455416843295097,0.6426675319671631,0.377655029296875,-0.0070202527567744255,0.5983749628067017,0.375838965177536,-0.014561024494469166,0.6110109090805054,0.3650768995285034,-0.022243518382310867,0.6034465432167053,0.37022167444229126,-0.018893752247095108,0.5983749628067017,0.375838965177536,-0.014561024494469166,0.5946984887123108,0.38087648153305054,-0.009620836935937405,0.5925120115280151,0.38584965467453003,-0.004731099121272564,0.594990074634552,0.3853152096271515,-0.0065672569908201694,0.5990533232688904,0.3860553503036499,-0.008706701919436455,0.6025828719139099,0.3863126337528229,-0.011805569753050804,0.6128202080726624,0.38702934980392456,-0.016526857390999794,0.619321882724762,0.38735949993133545,-0.017016252502799034,0.625601053237915,0.3864152133464813,-0.015818392857909203,0.6308355927467346,0.38525155186653137,-0.013162071816623211,0.6383591294288635,0.38354170322418213,-0.006574316881597042,0.642279863357544,0.3821153938770294,-0.0041112094186246395,0.6024901270866394,0.37996920943260193,-0.012312207370996475,0.6070551872253418,0.37763363122940063,-0.015019424259662628,0.6126204133033752,0.3764002323150635,-0.017138078808784485,0.6191003918647766,0.37636226415634155,-0.017600204795598984,0.625377893447876,0.3757397532463074,-0.016449209302663803,0.63069748878479,0.3762218952178955,-0.013777743093669415,0.6364495158195496,0.38629353046417236,-0.011376120150089264,0.642279863357544,0.3821153938770294,-0.0041112094186246395,0.6874995231628418,0.29751572012901306,0.07659481465816498,0.5401558876037598,0.3051474094390869,0.06885313987731934,0.6195828318595886,0.43244341015815735,-0.014280218631029129,0.5693320631980896,0.3925083875656128,0.005185531917959452,0.5644761323928833,0.3205723762512207,0.0023010377772152424
ssirt0486.mp4,131,0.5099698305130005,0.8045251369476318,5.5346923488741595e-08,0.49861180782318115,0.7383865714073181,-0.0023083684500306845,0.512182354927063,0.6898631453514099,-0.00707376329228282,0.5367231965065002,0.6743641495704651,-0.01210695318877697,0.5576032996177673,0.6774162650108337,-0.01740650087594986,0.5333593487739563,0.6466410160064697,-0.014118658378720284,0.539985716342926,0.5768146514892578,-0.02341526933014393,0.5456845760345459,0.531566858291626,-0.029895443469285965,0.5508273839950562,0.49543502926826477,-0.03436454012989998,0.5576488971710205,0.665867805480957,-0.016130728647112846,0.5712973475456238,0.6458125114440918,-0.019403068348765373,0.5774020552635193,0.6435719132423401,-0.019373377785086632,0.5815327763557434,0.6383050084114075,-0.01972893998026848,0.5732385516166687,0.6977040767669678,-0.0177921112626791,0.5699870586395264,0.7029407024383545,-0.019045833498239517,0.5615642070770264,0.7167338728904724,-0.01552016194909811,0.5541151762008667,0.7276431918144226,-0.013256850652396679,0.5832502245903015,0.7306674122810364,-0.02024742029607296,0.578432023525238,0.7353144288063049,-0.019482556730508804,0.5697841644287109,0.7470071911811829,-0.014144452288746834,0.5617849826812744,0.7565881013870239,-0.009610418230295181,0.6197401285171509,0.40507590770721436,-0.01928156241774559,0.6275426149368286,0.4037153720855713,-0.018430596217513084,0.6341443061828613,0.3994840979576111,-0.015406827442348003,0.6389838457107544,0.3935808837413788,-0.011653897352516651,0.6420858502388,0.38836342096328735,-0.0064513725228607655,0.6442705988883972,0.38328084349632263,-0.001920532900840044,0.6117034554481506,0.4042068123817444,-0.019167128950357437,0.6047627329826355,0.40043479204177856,-0.01683247648179531,0.5992340445518494,0.39516493678092957,-0.013557108119130135,0.5955791473388672,0.39077502489089966,-0.008832987397909164,0.6191755533218384,0.3670896291732788,-0.02299392595887184,0.6267961859703064,0.36441904306411743,-0.021562153473496437,0.6341590881347656,0.3686857521533966,-0.01746462471783161,0.6389396786689758,0.37378549575805664,-0.012528599239885807,0.6423187851905823,0.3783930540084839,-0.007092921994626522,0.5986956357955933,0.37624698877334595,-0.014617692679166794,0.6112938523292542,0.3652554452419281,-0.022309374064207077,0.6037379503250122,0.37052392959594727,-0.018951794132590294,0.5986956357955933,0.37624698877334595,-0.014617692679166794,0.5950644612312317,0.3813452124595642,-0.009678617119789124,0.5928977727890015,0.386372834444046,-0.004772542044520378,0.5953772068023682,0.3857862949371338,-0.006615153048187494,0.5993782877922058,0.3861539661884308,-0.008748001419007778,0.6028666496276855,0.3861628472805023,-0.011836027726531029,0.6129586100578308,0.38664156198501587,-0.016546793282032013,0.6193627119064331,0.38703298568725586,-0.017035624012351036,0.6255245208740234,0.3860909342765808,-0.015842745080590248,0.6306348443031311,0.38504400849342346,-0.01319507323205471,0.6379357576370239,0.38388264179229736,-0.006629436742514372,0.6417577862739563,0.3829311728477478,-0.0041757612489163876,0.602835476398468,0.38035058975219727,-0.012353898026049137,0.6073520183563232,0.37798258662223816,-0.015059488825500011,0.6128458380699158,0.3767870366573334,-0.01717747189104557,0.619225800037384,0.37681907415390015,-0.017641842365264893,0.6253732442855835,0.37621015310287476,-0.01649290695786476,0.6305477619171143,0.37672343850135803,-0.013828358612954617,0.6361507177352905,0.3864879906177521,-0.011408902704715729,0.6417577862739563,0.3829311728477478,-0.0041757612489163876,0.6874578595161438,0.2977580726146698,0.07658252120018005,0.5402831435203552,0.3048815131187439,0.06895214319229126,0.619437575340271,0.4328932464122772,-0.014192855916917324,0.569347083568573,0.3925720453262329,0.005199230741709471,0.5646671056747437,0.3206007182598114,0.002303564455360174
ssirt0486.mp4,132,0.5116645693778992,0.8152027726173401,1.0280952977836932e-07,0.49904894828796387,0.7478864192962646,-0.0019385829800739884,0.5124444961547852,0.6985417008399963,-0.0058149066753685474,0.5374692678451538,0.685128927230835,-0.010217374190688133,0.5582230091094971,0.6915767788887024,-0.014817981980741024,0.5330590009689331,0.652948796749115,-0.010686704888939857,0.5398707985877991,0.5829490423202515,-0.01854555495083332,0.5456582903862,0.5376761555671692,-0.02411225251853466,0.5513760447502136,0.5018629431724548,-0.027803367003798485,0.5576652884483337,0.6730366349220276,-0.012217638082802296,0.570858895778656,0.6486756801605225,-0.014455289579927921,0.5795624852180481,0.6380625367164612,-0.01488245278596878,0.586901843547821,0.6269249320030212,-0.015385930426418781,0.5734230875968933,0.7048314213752747,-0.01354745402932167,0.5690639019012451,0.7084041237831116,-0.01438966579735279,0.5599138140678406,0.7219867706298828,-0.012490489520132542,0.5523324608802795,0.7350344657897949,-0.010796019807457924,0.5836686491966248,0.7377722263336182,-0.015559972263872623,0.5779514908790588,0.7416290044784546,-0.014365273527801037,0.5694502592086792,0.7531450390815735,-0.010002996772527695,0.5618712306022644,0.7642310261726379,-0.005971538368612528,0.6201822757720947,0.40347522497177124,-0.019981661811470985,0.6275191307067871,0.4020952582359314,-0.01913273148238659,0.633762001991272,0.3978358805179596,-0.016200322657823563,0.6382911801338196,0.39216381311416626,-0.012442849576473236,0.6411765813827515,0.38776272535324097,-0.007134268991649151,0.6432998180389404,0.38366061449050903,-0.002431094879284501,0.6123822927474976,0.4027995467185974,-0.019901439547538757,0.6053506135940552,0.39927345514297485,-0.017679233103990555,0.5995477437973022,0.3942900598049164,-0.014415337704122066,0.5956399440765381,0.3904668688774109,-0.009603881277143955,0.6201379895210266,0.36972659826278687,-0.02283778414130211,0.6273311376571655,0.366315633058548,-0.021401356905698776,0.633933961391449,0.37047308683395386,-0.01737627387046814,0.6382575631141663,0.37538740038871765,-0.012667518109083176,0.6412906050682068,0.3795241117477417,-0.007433800026774406,0.5994128584861755,0.3775520920753479,-0.014844130724668503,0.612411618232727,0.3668991029262543,-0.022185068577528,0.6047379970550537,0.3719683289527893,-0.018933601677417755,0.5994128584861755,0.3775520920753479,-0.014844130724668503,0.5954328775405884,0.3822673559188843,-0.01012405939400196,0.5928192138671875,0.38675037026405334,-0.0053915660828351974,0.5950909852981567,0.3861614167690277,-0.007249955553561449,0.5989200472831726,0.38511380553245544,-0.009486056864261627,0.6027300953865051,0.384246826171875,-0.012545510195195675,0.6135161519050598,0.38343489170074463,-0.017110001295804977,0.6198809742927551,0.38375231623649597,-0.017551535740494728,0.62572181224823,0.38277679681777954,-0.01637360267341137,0.6306549310684204,0.3821621835231781,-0.01377376914024353,0.6376781463623047,0.3827376961708069,-0.007293407805263996,0.6410811543464661,0.3833542466163635,-0.004723820835351944,0.6028209328651428,0.38321349024772644,-0.012522118166089058,0.6077801585197449,0.3821021020412445,-0.015013225376605988,0.6135473251342773,0.38187912106513977,-0.016998291015625,0.6199055314064026,0.3822252154350281,-0.017409121617674828,0.625716507434845,0.3813195526599884,-0.01628265716135502,0.6306369304656982,0.3809398114681244,-0.013730929233133793,0.6359984874725342,0.38474181294441223,-0.012086037546396255,0.6410811543464661,0.3833542466163635,-0.004723820835351944,0.6873450875282288,0.29866400361061096,0.0770312249660492,0.540302038192749,0.30534249544143677,0.06907931715250015,0.6192306876182556,0.43006497621536255,-0.0151556096971035,0.569349467754364,0.3926628530025482,0.004702559672296047,0.5647897720336914,0.32156306505203247,0.0024155513383448124
ssirt0486.mp4,133,0.5103532075881958,0.8174846172332764,1.3180471114537795e-07,0.4973568916320801,0.7504341006278992,-0.0017037937650457025,0.5106985569000244,0.701325535774231,-0.0050402251072227955,0.5355584025382996,0.6868048906326294,-0.0089113125577569,0.5557246208190918,0.6911934614181519,-0.012786668725311756,0.5321807265281677,0.6549862623214722,-0.010011750273406506,0.5397107005119324,0.5834133625030518,-0.01731227897107601,0.545342743396759,0.5374680757522583,-0.02223041094839573,0.5510576367378235,0.5017075538635254,-0.025329049676656723,0.5570672750473022,0.6741933822631836,-0.011289115063846111,0.5726029872894287,0.6444693207740784,-0.012510995380580425,0.5836353302001953,0.6311870813369751,-0.011961999349296093,0.5921933054924011,0.6206957697868347,-0.011766351759433746,0.5730969905853271,0.7053463459014893,-0.012438079342246056,0.5692247152328491,0.7068444490432739,-0.012096450664103031,0.5596994757652283,0.7200217843055725,-0.009962906129658222,0.5517777800559998,0.7338440418243408,-0.008274413645267487,0.5832666158676147,0.7384061217308044,-0.014354628510773182,0.5772035121917725,0.7420446872711182,-0.012631838209927082,0.5684017539024353,0.752927839756012,-0.00867689959704876,0.560479998588562,0.764045000076294,-0.005025262478739023,0.6194077134132385,0.40246865153312683,-0.019389986991882324,0.6268152594566345,0.4012371301651001,-0.0185521449893713,0.6331335306167603,0.3973717987537384,-0.015679290518164635,0.6377931237220764,0.3920777142047882,-0.012000082060694695,0.6408472061157227,0.3878310024738312,-0.00682083098217845,0.643107533454895,0.38387078046798706,-0.0022021413315087557,0.6117679476737976,0.4017944633960724,-0.019352801144123077,0.6049934029579163,0.3985161781311035,-0.01724226400256157,0.5994921922683716,0.39393332600593567,-0.014084472320973873,0.5957711935043335,0.3904428482055664,-0.00941675528883934,0.61910480260849,0.3718789219856262,-0.022747477516531944,0.6264002323150635,0.3685373365879059,-0.02128143049776554,0.6331731677055359,0.3721838593482971,-0.017219293862581253,0.6376695036888123,0.37653714418411255,-0.012490774504840374,0.6408970952033997,0.38017910718917847,-0.007250356953591108,0.599187433719635,0.3785431981086731,-0.014781037345528603,0.6114774942398071,0.369107723236084,-0.022100534290075302,0.6041804552078247,0.3735087513923645,-0.018859893083572388,0.599187433719635,0.3785431981086731,-0.014781037345528603,0.595497727394104,0.38288968801498413,-0.010059643536806107,0.5930061936378479,0.387046754360199,-0.005304006393998861,0.5951970815658569,0.38636699318885803,-0.007155071943998337,0.5990027785301208,0.3852831721305847,-0.009336492046713829,0.6025911569595337,0.3843894302845001,-0.012339821085333824,0.6128418445587158,0.38378530740737915,-0.01681414619088173,0.6190305352210999,0.3841800391674042,-0.017228079959750175,0.6249657869338989,0.38319650292396545,-0.016042958945035934,0.6300209164619446,0.3825073838233948,-0.013454578816890717,0.6373321413993835,0.3829931616783142,-0.0070234136655926704,0.6409041881561279,0.3835068941116333,-0.004495423287153244,0.6026284694671631,0.38350963592529297,-0.012423560954630375,0.6073388457298279,0.3825172781944275,-0.014899779111146927,0.6128799915313721,0.3824484050273895,-0.016855375841259956,0.6190820932388306,0.3828873634338379,-0.01724068634212017,0.6250118017196655,0.3819566071033478,-0.016104675829410553,0.6300696134567261,0.38146355748176575,-0.013552417047321796,0.6354663372039795,0.3849494457244873,-0.011724530719220638,0.6409041881561279,0.3835068941116333,-0.004495423287153244,0.6870387196540833,0.2984120845794678,0.07683208584785461,0.5405113697052002,0.30486705899238586,0.06848043203353882,0.6191889643669128,0.4318196773529053,-0.014308057725429535,0.5694895386695862,0.39340105652809143,0.004852134268730879,0.5650123953819275,0.3219623565673828,0.002215692773461342
ssirt0486.mp4,134,0.5105186700820923,0.8174495100975037,1.3484496719229355e-07,0.49753665924072266,0.7505924701690674,-0.0021941293962299824,0.5104888677597046,0.7007806897163391,-0.005749288480728865,0.5351753234863281,0.6854108572006226,-0.009831888601183891,0.555262565612793,0.6889973878860474,-0.013824277557432652,0.5325853228569031,0.6548071503639221,-0.010024883784353733,0.5400568246841431,0.5829307436943054,-0.01708437129855156,0.5455228686332703,0.5372335910797119,-0.021724026650190353,0.5511541366577148,0.5014950037002563,-0.024669915437698364,0.5573481917381287,0.6743162274360657,-0.011325652711093426,0.5728472471237183,0.6444844007492065,-0.01269188430160284,0.5838339924812317,0.631127655506134,-0.012264843098819256,0.592247724533081,0.620633065700531,-0.012121359817683697,0.5731806755065918,0.7054929137229919,-0.012552422471344471,0.5696207284927368,0.7068512439727783,-0.012349925003945827,0.560260534286499,0.7199955582618713,-0.010139714926481247,0.5523687601089478,0.7335883378982544,-0.00837707333266735,0.5830743908882141,0.7383235096931458,-0.01462621334940195,0.5778012871742249,0.7414721250534058,-0.012732277624309063,0.5692307353019714,0.7524642944335938,-0.008503600023686886,0.561436116695404,0.7634713649749756,-0.004679001867771149,0.6194605827331543,0.4026063084602356,-0.01981743611395359,0.6269550323486328,0.4013255834579468,-0.018969399854540825,0.6333827972412109,0.39740800857543945,-0.01607609912753105,0.6381024122238159,0.392056405544281,-0.01236929651349783,0.6411532759666443,0.3878368139266968,-0.007141499314457178,0.6433609127998352,0.38391703367233276,-0.0024825690779834986,0.6117017269134521,0.4019964933395386,-0.01977289654314518,0.6048094630241394,0.39873969554901123,-0.01764056645333767,0.5992394685745239,0.3941657841205597,-0.014457018114626408,0.5955078601837158,0.390744686126709,-0.009749272838234901,0.6190869212150574,0.3698876202106476,-0.022901572287082672,0.6264290809631348,0.3665462136268616,-0.021434135735034943,0.6334297060966492,0.3705745339393616,-0.01739669218659401,0.6380439400672913,0.37547844648361206,-0.012692541815340519,0.6412772536277771,0.37968868017196655,-0.007478089537471533,0.5987879633903503,0.378001868724823,-0.014991771429777145,0.6113840937614441,0.36737626791000366,-0.022256847470998764,0.6038607954978943,0.37237605452537537,-0.019044172018766403,0.5987879633903503,0.378001868724823,-0.014991771429777145,0.5951002240180969,0.38283461332321167,-0.010307012125849724,0.5927825570106506,0.38741758465766907,-0.005600390024483204,0.595042884349823,0.38668739795684814,-0.007441702764481306,0.5988287329673767,0.3854268789291382,-0.009623924270272255,0.6024563908576965,0.38441023230552673,-0.01261958945542574,0.6128410696983337,0.38334935903549194,-0.01708861067891121,0.619103193283081,0.38355427980422974,-0.01750454306602478,0.6250656247138977,0.3826112151145935,-0.01631946675479412,0.6301779747009277,0.38208436965942383,-0.0137298833578825,0.6375904679298401,0.38288554549217224,-0.007303297985345125,0.6411042213439941,0.38355541229248047,-0.004772344138473272,0.6025279760360718,0.38352319598197937,-0.012680025771260262,0.6072645783424377,0.38233622908592224,-0.015146537683904171,0.6128588318824768,0.3820054233074188,-0.017099611461162567,0.6191140413284302,0.3822243809700012,-0.017483653500676155,0.6250525712966919,0.38133004307746887,-0.016345813870429993,0.6301596760749817,0.38097089529037476,-0.013794773258268833,0.6357138752937317,0.38477301597595215,-0.01203463226556778,0.6411042213439941,0.38355541229248047,-0.004772344138473272,0.6870018839836121,0.2988731265068054,0.07684754580259323,0.5405223965644836,0.30521005392074585,0.06846386939287186,0.6193051338195801,0.4310448467731476,-0.014948469586670399,0.569533109664917,0.3930472135543823,0.004478082526475191,0.5649745464324951,0.32174426317214966,0.002228807657957077
ssirt0486.mp4,135,0.5123427510261536,0.8220116496086121,1.1203044181229416e-07,0.5005519986152649,0.753105878829956,-0.0015636085299775004,0.5140988230705261,0.701988935470581,-0.004505423828959465,0.5383515357971191,0.6892254948616028,-0.007847707718610764,0.5590752959251404,0.6959965229034424,-0.011233163997530937,0.5340394377708435,0.6590926051139832,-0.010000827722251415,0.5419504046440125,0.5872307419776917,-0.016920888796448708,0.5478562116622925,0.5414559841156006,-0.021666904911398888,0.5532783269882202,0.5054380893707275,-0.0248189065605402,0.5589225888252258,0.6799684762954712,-0.011127674020826817,0.5728023052215576,0.6490567326545715,-0.0122777558863163,0.5824230909347534,0.6353939771652222,-0.011769517324864864,0.5905241370201111,0.6225832104682922,-0.011798376217484474,0.5750867128372192,0.7116015553474426,-0.012078178115189075,0.5706149935722351,0.7107082009315491,-0.01165148988366127,0.5612647533416748,0.7240588665008545,-0.009218180552124977,0.5536271333694458,0.7381894588470459,-0.007394338492304087,0.5852571129798889,0.7438739538192749,-0.013727317564189434,0.579386293888092,0.7425453662872314,-0.012118971906602383,0.5707305669784546,0.7537181377410889,-0.007865756750106812,0.5630447864532471,0.7657452821731567,-0.004054861143231392,0.619570255279541,0.39903366565704346,-0.019165685400366783,0.626436173915863,0.39792168140411377,-0.018274258822202682,0.632452666759491,0.3950375020503998,-0.015460946597158909,0.6370689868927002,0.39119216799736023,-0.01181523036211729,0.6402398943901062,0.38813316822052,-0.006628389470279217,0.6426628828048706,0.3850224018096924,-0.001942216302268207,0.6123766303062439,0.39881017804145813,-0.019249653443694115,0.6057489514350891,0.3968917429447174,-0.017354942858219147,0.6001461744308472,0.3939805030822754,-0.01431015320122242,0.5961958169937134,0.391770601272583,-0.009728995151817799,0.6194152235984802,0.37573909759521484,-0.022440066561102867,0.6263500452041626,0.3723803162574768,-0.020893080160021782,0.632651150226593,0.37543973326683044,-0.016790565103292465,0.6370166540145874,0.3790856897830963,-0.012138576246798038,0.6402823328971863,0.38208359479904175,-0.006962472572922707,0.5998563766479492,0.3819783627986908,-0.014887775294482708,0.6120937466621399,0.37325751781463623,-0.021884433925151825,0.6049949526786804,0.3774002194404602,-0.01877666637301445,0.5998563766479492,0.3819783627986908,-0.014887775294482708,0.5959599614143372,0.3857874274253845,-0.010312891565263271,0.5932644009590149,0.3892870247364044,-0.005616270005702972,0.5953548550605774,0.38853421807289124,-0.007463573478162289,0.598953366279602,0.3872634768486023,-0.009660926647484303,0.6026691198348999,0.38623476028442383,-0.012579827569425106,0.6131616234779358,0.38515788316726685,-0.016821257770061493,0.6192771792411804,0.3852735459804535,-0.01711329258978367,0.625005841255188,0.3843252658843994,-0.01587551087141037,0.6299695372581482,0.3836578130722046,-0.01328186597675085,0.6372839212417603,0.38412171602249146,-0.0068826316855847836,0.6406220197677612,0.38465481996536255,-0.004289541859179735,0.6027190685272217,0.38618606328964233,-0.012412008829414845,0.6075836420059204,0.38524821400642395,-0.014714466407895088,0.6131880283355713,0.3850686550140381,-0.016518794000148773,0.6192798614501953,0.38523200154304504,-0.016788501292467117,0.6249719262123108,0.3842674195766449,-0.015599732287228107,0.6299136877059937,0.3836553394794464,-0.01307197380810976,0.6351885199546814,0.38548094034194946,-0.01154582854360342,0.6406220197677612,0.38465481996536255,-0.004289541859179735,0.6866562366485596,0.2982479929924011,0.07742965221405029,0.5398402214050293,0.30561795830726624,0.06793536245822906,0.6197396516799927,0.4322606921195984,-0.01398785412311554,0.5695675015449524,0.39536237716674805,0.00465207826346159,0.5650043487548828,0.3238535225391388,0.0019446691730991006
ssirt0486.mp4,136,0.5126348733901978,0.8229822516441345,1.1631973961812037e-07,0.49990659952163696,0.7548554539680481,-0.0012314022751525044,0.5127482414245605,0.7041584849357605,-0.0037285187281668186,0.5367867350578308,0.6887421011924744,-0.006763952784240246,0.5564826130867004,0.6920789480209351,-0.009755260311067104,0.5344566106796265,0.6599252223968506,-0.00862112920731306,0.5420043468475342,0.5870428085327148,-0.014822429046034813,0.5476450324058533,0.5415141582489014,-0.018758641555905342,0.5532122850418091,0.5060009956359863,-0.021049154922366142,0.5589717626571655,0.6801130771636963,-0.009700966998934746,0.5735871195793152,0.6466334462165833,-0.010131871327757835,0.5830382704734802,0.6324183940887451,-0.00910454522818327,0.5904209613800049,0.621373176574707,-0.008475633338093758,0.574888288974762,0.7113387584686279,-0.010608111508190632,0.5700385570526123,0.7096673250198364,-0.009628495201468468,0.5605990886688232,0.7228332757949829,-0.007479830179363489,0.5529265999794006,0.7377467155456543,-0.0056991721503436565,0.5849429368972778,0.7435811758041382,-0.012200737372040749,0.5781022310256958,0.7428396344184875,-0.009570595808327198,0.5695898532867432,0.7540110349655151,-0.005154389888048172,0.5620352029800415,0.7666762471199036,-0.0012127476511523128,0.6191219687461853,0.3996523320674896,-0.01934633031487465,0.6261315941810608,0.39854559302330017,-0.018464265391230583,0.632290244102478,0.39542356133461,-0.015594511292874813,0.6370082497596741,0.3912191092967987,-0.011895229108631611,0.6402143239974976,0.38790565729141235,-0.006647403817623854,0.6426369547843933,0.38470762968063354,-0.0019609364680945873,0.6118214726448059,0.39925119280815125,-0.01936582662165165,0.605212390422821,0.3968837857246399,-0.017349615693092346,0.5997064113616943,0.39352864027023315,-0.014225359074771404,0.5958712697029114,0.39103686809539795,-0.00956020224839449,0.6190184950828552,0.3753182291984558,-0.022396257147192955,0.6260389685630798,0.37157079577445984,-0.020898841321468353,0.6323739886283875,0.37466004490852356,-0.01683032512664795,0.6368025541305542,0.37843307852745056,-0.012162916362285614,0.6401467323303223,0.38156241178512573,-0.0069664232432842255,0.599563717842102,0.3810497522354126,-0.01472607534378767,0.6116279363632202,0.3723915219306946,-0.021814772859215736,0.6046178340911865,0.37645775079727173,-0.018671054393053055,0.599563717842102,0.3810497522354126,-0.01472607534378767,0.5957146883010864,0.3848903775215149,-0.01011921837925911,0.5930159091949463,0.3884747624397278,-0.0054342420771718025,0.5951282978057861,0.3876669406890869,-0.00726428022608161,0.5987772941589355,0.38625428080558777,-0.009472445584833622,0.6024445295333862,0.3851504325866699,-0.012440765276551247,0.6127879023551941,0.38421890139579773,-0.016797034069895744,0.6189135313034058,0.3845530152320862,-0.017144858837127686,0.624690055847168,0.3835183382034302,-0.015930766239762306,0.6297094225883484,0.38283923268318176,-0.013328516855835915,0.6371324062347412,0.38355743885040283,-0.00687673082575202,0.6405502557754517,0.38429659605026245,-0.0042845443822443485,0.6024892330169678,0.3850787878036499,-0.012301878072321415,0.6072636842727661,0.384132981300354,-0.014661981724202633,0.6127822399139404,0.3840942084789276,-0.01652568206191063,0.6188753247261047,0.38447868824005127,-0.016845090314745903,0.6246082186698914,0.38340282440185547,-0.015681227669119835,0.6296125650405884,0.3827454149723053,-0.013145309872925282,0.6350459456443787,0.3850151598453522,-0.011604650877416134,0.6405502557754517,0.38429659605026245,-0.0042845443822443485,0.6862581372261047,0.29836300015449524,0.07718881964683533,0.5398884415626526,0.305745393037796,0.06794571131467819,0.6194326877593994,0.4308862090110779,-0.014304335229098797,0.5693867206573486,0.39431071281433105,0.004673659335821867,0.5648374557495117,0.3233107626438141,0.002038124017417431
ssirt0486.mp4,137,0.5142386555671692,0.8267161846160889,1.2766440704581328e-07,0.5006284713745117,0.7583472728729248,-0.001827581669203937,0.513159453868866,0.7057316899299622,-0.004460449796169996,0.5370886921882629,0.689803421497345,-0.007572618778795004,0.5570938587188721,0.6927770376205444,-0.010691400617361069,0.534267008304596,0.6626920700073242,-0.008969916962087154,0.5423485040664673,0.5892303586006165,-0.015872962772846222,0.548621654510498,0.5434593558311462,-0.02056175097823143,0.5544333457946777,0.5070828199386597,-0.023436080664396286,0.5596432685852051,0.6833805441856384,-0.009730075486004353,0.5736366510391235,0.6480923295021057,-0.010752680711448193,0.5833384990692139,0.6329717636108398,-0.010039317421615124,0.591187059879303,0.6204155683517456,-0.009657715447247028,0.5760051608085632,0.7147974371910095,-0.010465295054018497,0.5702385902404785,0.7117365598678589,-0.010210596024990082,0.5603377223014832,0.7257363200187683,-0.00814527552574873,0.5523866415023804,0.7414999008178711,-0.006259662564843893,0.5862206220626831,0.7471560835838318,-0.0118916817009449,0.5789740681648254,0.7444998025894165,-0.010043364018201828,0.5699984431266785,0.7562092542648315,-0.005785913206636906,0.5622071027755737,0.7694185972213745,-0.0018726586131379008,0.6196439862251282,0.398838609457016,-0.01903882436454296,0.6264204382896423,0.39765477180480957,-0.01815328747034073,0.6323223114013672,0.3946843445301056,-0.015330914407968521,0.6367815136909485,0.39077460765838623,-0.011669657193124294,0.6398211121559143,0.38770419359207153,-0.006464746315032244,0.6421676278114319,0.3846597373485565,-0.0017838914645835757,0.6123930215835571,0.39864906668663025,-0.019100889563560486,0.6056985855102539,0.3967263400554657,-0.01716781035065651,0.6000452041625977,0.39385461807250977,-0.014094559475779533,0.5960615873336792,0.39170801639556885,-0.009476779028773308,0.6195509433746338,0.3760700821876526,-0.022318948060274124,0.626359760761261,0.37267160415649414,-0.020796211436390877,0.6324117183685303,0.3756325840950012,-0.01668766885995865,0.6366103291511536,0.3791295886039734,-0.012023613788187504,0.639769434928894,0.38193291425704956,-0.0068257343955338,0.5998930335044861,0.38235360383987427,-0.01467602513730526,0.6122257113456726,0.37364959716796875,-0.02174917608499527,0.6051025390625,0.377845823764801,-0.0185963436961174,0.5998930335044861,0.38235360383987427,-0.01467602513730526,0.5959076285362244,0.38601967692375183,-0.010074708610773087,0.5931059122085571,0.38936659693717957,-0.005360417999327183,0.5952028036117554,0.3885761499404907,-0.007216528058052063,0.5988569259643555,0.3872283697128296,-0.009440536610782146,0.6026135087013245,0.3861792981624603,-0.01239874865859747,0.6131786108016968,0.3850567042827606,-0.01670532114803791,0.619316577911377,0.3851584196090698,-0.017019879072904587,0.6249178647994995,0.38411957025527954,-0.015792109072208405,0.6297334432601929,0.3833720088005066,-0.013191821984946728,0.6368024349212646,0.38374364376068115,-0.006745853926986456,0.6401181817054749,0.3843125104904175,-0.004131689667701721,0.6026803851127625,0.3861674964427948,-0.012180395424365997,0.6075965166091919,0.385151743888855,-0.014500269666314125,0.6132288575172424,0.384893536567688,-0.016327572986483574,0.6193336844444275,0.3850386142730713,-0.016618546098470688,0.6248740553855896,0.38400763273239136,-0.015444071032106876,0.629663348197937,0.3833746016025543,-0.012921323999762535,0.634852945804596,0.3851219117641449,-0.01143680326640606,0.6401181817054749,0.3843125104904175,-0.004131689667701721,0.6858785152435303,0.29768845438957214,0.07734940201044083,0.5396671295166016,0.3057061731815338,0.06808429211378098,0.6194455027580261,0.4321385622024536,-0.013755974359810352,0.5692325234413147,0.39534106850624084,0.0049520316533744335,0.5645798444747925,0.3240981101989746,0.0020589386112987995
ssirt0486.mp4,138,0.5192250609397888,0.8563083410263062,1.5816331710993836e-07,0.5037326812744141,0.7848526239395142,-0.001028370694257319,0.5187550187110901,0.7283450961112976,-0.0030381225515156984,0.545407235622406,0.7128676772117615,-0.005828025750815868,0.5661078691482544,0.7159116864204407,-0.008436235599219799,0.5413490533828735,0.6785869598388672,-0.005134310573339462,0.5519833564758301,0.5980985760688782,-0.010309684090316296,0.5603523254394531,0.5491124391555786,-0.013669895939528942,0.5684337019920349,0.5119314789772034,-0.015426346100866795,0.5685335397720337,0.7022927403450012,-0.005890583153814077,0.5813847184181213,0.6588963866233826,-0.005999324843287468,0.590040385723114,0.6371549963951111,-0.004967961926013231,0.5966799259185791,0.6226608753204346,-0.0036060663405805826,0.5854364633560181,0.7373616099357605,-0.006754895206540823,0.5783262848854065,0.7307493090629578,-0.0077534872107207775,0.5649010539054871,0.7469562292098999,-0.00806055311113596,0.5542238354682922,0.7664326429367065,-0.0065695312805473804,0.5959729552268982,0.7723172307014465,-0.0077957953326404095,0.5865220427513123,0.7669134140014648,-0.006743527017533779,0.5757019519805908,0.779902458190918,-0.0036275421734899282,0.5670927166938782,0.7957702279090881,4.9104321078630164e-05,0.6187124848365784,0.39852175116539,-0.019090279936790466,0.6257081031799316,0.3972824811935425,-0.018194889649748802,0.6318227052688599,0.39411038160324097,-0.015322258695960045,0.6364779472351074,0.3899802565574646,-0.01159299723803997,0.6396594047546387,0.3867935836315155,-0.006290626246482134,0.6420761346817017,0.3837178647518158,-0.0015729166334494948,0.6114270091056824,0.3982839584350586,-0.019132044166326523,0.6047813892364502,0.39614537358283997,-0.0171585101634264,0.5992268323898315,0.39302492141723633,-0.014036325737833977,0.5953413248062134,0.3907195031642914,-0.00933747086673975,0.618552565574646,0.3753911852836609,-0.02213595062494278,0.6255732774734497,0.37190136313438416,-0.020631082355976105,0.6318963766098022,0.3746941089630127,-0.016514107584953308,0.6362937092781067,0.37810784578323364,-0.011833267286419868,0.6396114230155945,0.3809084892272949,-0.006607355549931526,0.5990492701530457,0.3811967670917511,-0.014511113986372948,0.6111463904380798,0.3728692829608917,-0.021585194393992424,0.604113757610321,0.37679529190063477,-0.01844095252454281,0.5990492701530457,0.3811967670917511,-0.014511113986372948,0.5951780676841736,0.38488826155662537,-0.009897226467728615,0.592465877532959,0.3883214592933655,-0.005194374360144138,0.5945934057235718,0.38750892877578735,-0.007037535309791565,0.5982298254966736,0.3860938251018524,-0.009289790876209736,0.6019087433815002,0.38499364256858826,-0.012272358871996403,0.6123025417327881,0.3839820623397827,-0.016608037054538727,0.6184219121932983,0.38416483998298645,-0.016933999955654144,0.6241934299468994,0.38309070467948914,-0.015710538253188133,0.6291937828063965,0.382327139377594,-0.01309063658118248,0.6365613341331482,0.38275933265686035,-0.006575221661478281,0.6399787068367004,0.38336989283561707,-0.003923589829355478,0.6019474864006042,0.38494884967803955,-0.011995431035757065,0.6067588925361633,0.3839794397354126,-0.014319567941129208,0.6123205423355103,0.38384419679641724,-0.016154980286955833,0.618419885635376,0.384085088968277,-0.016450615599751472,0.6241558194160461,0.3829973340034485,-0.01527333166450262,0.6291422843933105,0.38229843974113464,-0.012741579674184322,0.634497880935669,0.384199857711792,-0.011331274174153805,0.6399787068367004,0.38336989283561707,-0.003923589829355478,0.6854132413864136,0.29722392559051514,0.07750507444143295,0.5393138527870178,0.3059820532798767,0.06790906935930252,0.6191288232803345,0.43061789870262146,-0.013964093290269375,0.568763792514801,0.39506465196609497,0.004957408178597689,0.5639862418174744,0.324374794960022,0.0020169541239738464
ssirt0486.mp4,139,0.5200404524803162,0.8807270526885986,9.888935181834313e-08,0.5051028728485107,0.8026677966117859,0.00041460461216047406,0.5221276879310608,0.741536557674408,-0.000456533016404137,0.549560010433197,0.7253563404083252,-0.002469722181558609,0.5714616775512695,0.7321686744689941,-0.0046114795841276646,0.544826328754425,0.6896331906318665,-0.0024862242862582207,0.5589473247528076,0.6089638471603394,-0.0062735481187701225,0.568928062915802,0.5601279139518738,-0.008633635006844997,0.5773059725761414,0.522765040397644,-0.01013434398919344,0.5725012421607971,0.7144861817359924,-0.004122908227145672,0.583304762840271,0.6728194952011108,-0.0035982748959213495,0.5881136655807495,0.657295286655426,-0.002682632766664028,0.5919318795204163,0.6452585458755493,-0.0018603625940158963,0.5904799699783325,0.7516055107116699,-0.0056616864167153835,0.5816343426704407,0.7412927746772766,-0.004864310845732689,0.5684402585029602,0.7581080794334412,-0.003931815270334482,0.5581969022750854,0.7775002121925354,-0.002499534282833338,0.6010915040969849,0.7886474132537842,-0.007497598882764578,0.589759111404419,0.7805375456809998,-0.004779845476150513,0.5786779522895813,0.7932778596878052,-0.000673361704684794,0.5694506168365479,0.809199869632721,0.003310790052637458,0.618849515914917,0.39792799949645996,-0.019221428781747818,0.6257250905036926,0.3967112898826599,-0.018311256542801857,0.6317337155342102,0.393702894449234,-0.015392154455184937,0.6363171935081482,0.3897723853588104,-0.01160850003361702,0.6394716501235962,0.3866838812828064,-0.006230174098163843,0.6419059634208679,0.3836492598056793,-0.0014797596959397197,0.6116289496421814,0.39775770902633667,-0.019233811646699905,0.6050032377243042,0.39586156606674194,-0.01719110645353794,0.5994198322296143,0.39305612444877625,-0.01399943046271801,0.5954762101173401,0.3909832537174225,-0.009212534874677658,0.6185033321380615,0.3756306767463684,-0.022058557718992233,0.6254138946533203,0.37224331498146057,-0.02057061530649662,0.6316855549812317,0.37509068846702576,-0.016437452286481857,0.636058509349823,0.37841904163360596,-0.01174714881926775,0.6393758654594421,0.38106638193130493,-0.0065085566602647305,0.5991079211235046,0.3817955553531647,-0.014370378106832504,0.611168384552002,0.37330302596092224,-0.02150934375822544,0.6041718125343323,0.37739846110343933,-0.01832420565187931,0.5991079211235046,0.3817955553531647,-0.014370378106832504,0.5952410697937012,0.38541096448898315,-0.00972664076834917,0.5925069451332092,0.3887224495410919,-0.0050283013842999935,0.5946120023727417,0.38794615864753723,-0.0068843308836221695,0.598257303237915,0.3865814805030823,-0.009195315651595592,0.6019487977027893,0.38549119234085083,-0.012241609394550323,0.6123480200767517,0.38430386781692505,-0.016659976914525032,0.6184412837028503,0.3843774199485779,-0.01699915900826454,0.6241509318351746,0.3833216428756714,-0.0157704446464777,0.6291015148162842,0.38255584239959717,-0.013124963268637657,0.6364196538925171,0.38286274671554565,-0.006529325619339943,0.639826238155365,0.38334837555885315,-0.0038291914388537407,0.6019715666770935,0.3854580223560333,-0.011822306551039219,0.6067938208580017,0.3844384551048279,-0.014155165292322636,0.6123591065406799,0.38417863845825195,-0.01600816659629345,0.6184403300285339,0.38429832458496094,-0.016317857429385185,0.6241173148155212,0.38322246074676514,-0.015140366740524769,0.6290591955184937,0.38252875208854675,-0.012604030780494213,0.6343631744384766,0.38424643874168396,-0.01134752482175827,0.639826238155365,0.38334837555885315,-0.0038291914388537407,0.6853776574134827,0.29685887694358826,0.07738680392503738,0.5394794940948486,0.305943101644516,0.06807324290275574,0.6189761161804199,0.4311767816543579,-0.014059684239327908,0.5685252547264099,0.3955977261066437,0.005156598053872585,0.5637561082839966,0.3247791528701782,0.0021677722688764334
ssirt0486.mp4,140,0.5175243020057678,0.8861664533615112,-2.031016599346458e-08,0.5042544007301331,0.804000973701477,0.0011496879160404205,0.5202419757843018,0.7392481565475464,-4.177469600108452e-05,0.5472551584243774,0.7176394462585449,-0.0023326342925429344,0.5683490633964539,0.7218471169471741,-0.005089260172098875,0.5462037324905396,0.6913320422172546,-0.005717871710658073,0.5610349178314209,0.6099077463150024,-0.00972540583461523,0.5705676078796387,0.5600252151489258,-0.011572164483368397,0.5781075954437256,0.522290050983429,-0.013066926971077919,0.5739391446113586,0.7168375849723816,-0.00808438379317522,0.5798187851905823,0.679309070110321,-0.008203539997339249,0.5754045248031616,0.6793553829193115,-0.005601529031991959,0.5725184082984924,0.682105302810669,-0.0037539543118327856,0.5914919972419739,0.7546014189720154,-0.009937659837305546,0.5832938551902771,0.7402522563934326,-0.009243931621313095,0.5721450448036194,0.7543113231658936,-0.006234956439584494,0.5633372664451599,0.7730264663696289,-0.004196877591311932,0.6013501882553101,0.7911095023155212,-0.012077851220965385,0.5906249284744263,0.7792796492576599,-0.009349907748401165,0.580293595790863,0.7895711660385132,-0.004497939255088568,0.5711125135421753,0.8044278025627136,-0.000260221742792055,0.618779718875885,0.39800870418548584,-0.01923530362546444,0.6256628036499023,0.3967971205711365,-0.01831572875380516,0.6316962838172913,0.3937312364578247,-0.015385745093226433,0.6363049149513245,0.38969916105270386,-0.011595947667956352,0.6394743919372559,0.38652849197387695,-0.006209376733750105,0.6419168710708618,0.38344746828079224,-0.0014565475285053253,0.6115763783454895,0.3978002369403839,-0.019256699830293655,0.6049795746803284,0.39580464363098145,-0.01722336746752262,0.5994281768798828,0.3928804397583008,-0.014039160683751106,0.595508337020874,0.3907132148742676,-0.009260434657335281,0.6184442043304443,0.3758607506752014,-0.02208290807902813,0.6253803372383118,0.37234073877334595,-0.02058485336601734,0.6316283941268921,0.3750438392162323,-0.01644379086792469,0.6360106468200684,0.3782874047756195,-0.011740517802536488,0.6393488049507141,0.38087913393974304,-0.0064890747889876366,0.5991516709327698,0.38156336545944214,-0.014422920532524586,0.6110972762107849,0.37336769700050354,-0.021542739123106003,0.6041725277900696,0.37727248668670654,-0.018374236300587654,0.5991516709327698,0.38156336545944214,-0.014422920532524586,0.595303475856781,0.38511648774147034,-0.009782737120985985,0.5925622582435608,0.3884041905403137,-0.005082655232399702,0.5946619510650635,0.3876071274280548,-0.006931156851351261,0.598295271396637,0.38622230291366577,-0.00923007819801569,0.6019678115844727,0.3851320147514343,-0.012264647521078587,0.6123118996620178,0.3840579092502594,-0.01666577346622944,0.6183937788009644,0.3842068314552307,-0.01699789986014366,0.6241171956062317,0.3831118047237396,-0.015761343762278557,0.6290873885154724,0.3823069632053375,-0.013109716586768627,0.6364279985427856,0.3826131820678711,-0.0065071601420640945,0.6398319005966187,0.3831312656402588,-0.0038112541660666466,0.6019759774208069,0.38510483503341675,-0.01187878381460905,0.6067649722099304,0.384126216173172,-0.014212233945727348,0.6123017072677612,0.38395825028419495,-0.016061600297689438,0.6183745861053467,0.38416582345962524,-0.01636357605457306,0.6240680813789368,0.38303542137145996,-0.015177100896835327,0.6290321350097656,0.38228362798690796,-0.01262929942458868,0.6343607902526855,0.38404637575149536,-0.011328930035233498,0.6398319005966187,0.3831312656402588,-0.0038112541660666466,0.6853832602500916,0.29688963294029236,0.0775565505027771,0.5393614768981934,0.3056493401527405,0.06796762347221375,0.6189870834350586,0.4307243227958679,-0.014103463850915432,0.568520188331604,0.3951314687728882,0.0050511411391198635,0.5637772679328918,0.3244730234146118,0.0020741296466439962
ssirt0486.mp4,141,0.5516870617866516,1.1091293096542358,2.2710040070705872e-07,0.5232417583465576,1.0158681869506836,-0.010568913072347641,0.543159008026123,0.9213986396789551,-0.009713270701467991,0.5827988386154175,0.8669409155845642,-0.005569262430071831,0.6106628775596619,0.8371424674987793,-0.0002111087233060971,0.5880106091499329,0.8831217288970947,-0.003509209956973791,0.6228474974632263,0.789036214351654,0.0008357160841114819,0.6449729800224304,0.7380687594413757,0.002189692109823227,0.6613751649856567,0.7004009485244751,0.0035692204255610704,0.6170835494995117,0.9186336994171143,0.005253720562905073,0.6413299441337585,0.8384218215942383,0.015330684371292591,0.6480655670166016,0.7942155003547668,0.018880214542150497,0.6531435251235962,0.7691755294799805,0.020164065062999725,0.6349697113037109,0.9548676609992981,0.013502643443644047,0.6483025550842285,0.8792922496795654,0.025358684360980988,0.6460989117622375,0.8403690457344055,0.03089006617665291,0.6462199687957764,0.8190951347351074,0.03344038501381874,0.641919732093811,0.9831740260124207,0.020562289282679558,0.6502110362052917,0.9186083078384399,0.03423188999295235,0.6476568579673767,0.8866205215454102,0.044040095061063766,0.6453235745429993,0.8730943202972412,0.050537776201963425,0.6185896396636963,0.3970790505409241,-0.01963193714618683,0.6254940032958984,0.3959735929965973,-0.018775958567857742,0.6316394805908203,0.3929694890975952,-0.01590368151664734,0.6363905668258667,0.38894954323768616,-0.012123883701860905,0.6397119760513306,0.38576462864875793,-0.006716044619679451,0.6422591805458069,0.3826711177825928,-0.0019120218930765986,0.6114946007728577,0.39678624272346497,-0.019580956548452377,0.6049683094024658,0.3947242498397827,-0.01747349090874195,0.5994186997413635,0.3917938470840454,-0.014228486455976963,0.5954575538635254,0.38968873023986816,-0.00936131738126278,0.6178898215293884,0.3755744397640228,-0.022131308913230896,0.6248860359191895,0.3721553385257721,-0.02069675177335739,0.631309449672699,0.3748059868812561,-0.01664363034069538,0.6359227895736694,0.377895712852478,-0.012051327154040337,0.6394930481910706,0.38029468059539795,-0.0068822698667645454,0.5989627242088318,0.38077422976493835,-0.014377579092979431,0.6105802655220032,0.37302255630493164,-0.02152901515364647,0.6038653254508972,0.3766492009162903,-0.018316609784960747,0.5989627242088318,0.38077422976493835,-0.014377579092979431,0.5951629281044006,0.38423722982406616,-0.009763721376657486,0.5924299955368042,0.38741081953048706,-0.005092225968837738,0.5944981575012207,0.3866451382637024,-0.00697709945961833,0.5980955958366394,0.38530176877975464,-0.009337527677416801,0.6017497777938843,0.3842298686504364,-0.012423967011272907,0.6120133399963379,0.3831712603569031,-0.016910281032323837,0.618058443069458,0.38336271047592163,-0.017307456582784653,0.6238819360733032,0.3823172450065613,-0.016141196712851524,0.6290280818939209,0.3815576434135437,-0.013535828329622746,0.6367291808128357,0.3818570673465729,-0.006981751881539822,0.6402091383934021,0.3823651075363159,-0.004262940026819706,0.6017456650733948,0.3842422068119049,-0.011854301206767559,0.6064777970314026,0.38328784704208374,-0.014176443219184875,0.6119685173034668,0.3831561207771301,-0.016051599755883217,0.6180188655853271,0.38342994451522827,-0.01640961319208145,0.6238319277763367,0.38232457637786865,-0.015291733667254448,0.6289764642715454,0.3816036880016327,-0.01281824428588152,0.634473443031311,0.3832969069480896,-0.011822393164038658,0.6402091383934021,0.3823651075363159,-0.004262940026819706,0.6862947344779968,0.2975720763206482,0.0771687775850296,0.540169358253479,0.3067884147167206,0.0687258169054985,0.619348406791687,0.4293055534362793,-0.014594780281186104,0.5691621899604797,0.39497852325439453,0.005170467775315046,0.5642561912536621,0.3247949481010437,0.002501552691683173
ssirt0486.mp4,142,0.5399506688117981,1.114715576171875,1.1820196021972151e-07,0.5169286727905273,1.0145374536514282,-0.005843502469360828,0.534842848777771,0.9310821890830994,0.001122188288718462,0.5623501539230347,0.8960739374160767,0.012822283431887627,0.5803536176681519,0.880699634552002,0.02569412626326084,0.5874423980712891,0.8903655409812927,-0.006371723022311926,0.6209220290184021,0.7968082427978516,0.001225037151016295,0.643798828125,0.7439079284667969,0.004660032689571381,0.6621423959732056,0.7045251727104187,0.007295406423509121,0.6156637072563171,0.9352663159370422,0.005578184500336647,0.6330129504203796,0.8624361157417297,0.026900341734290123,0.6369573473930359,0.8318485021591187,0.037836261093616486,0.639733612537384,0.8188863396644592,0.04153978079557419,0.6298033595085144,0.9813525676727295,0.01751016080379486,0.6271449327468872,0.928351640701294,0.03701183944940567,0.6120855212211609,0.9263526201248169,0.04044480249285698,0.6012389063835144,0.9401081204414368,0.0394391305744648,0.6363898515701294,1.0154460668563843,0.029215846210718155,0.6334408521652222,0.9650779366493225,0.04432261735200882,0.6243690848350525,0.9575037360191345,0.04941314831376076,0.6146525144577026,0.9660269021987915,0.05143250152468681,0.6187816262245178,0.3967922627925873,-0.019709482789039612,0.6255764365196228,0.39559316635131836,-0.01881885528564453,0.6316275000572205,0.3925344944000244,-0.015941455960273743,0.6363618969917297,0.3885361850261688,-0.012148752808570862,0.6397174596786499,0.38538026809692383,-0.006702919490635395,0.6423299908638,0.3822447657585144,-0.001866798964329064,0.6117574572563171,0.3965889811515808,-0.019703149795532227,0.6052781939506531,0.3946252465248108,-0.01766863837838173,0.5997117161750793,0.3918008804321289,-0.014448185451328754,0.5956813097000122,0.38973405957221985,-0.009577271528542042,0.618299126625061,0.3757517337799072,-0.022029289975762367,0.625251293182373,0.37221473455429077,-0.02056463621556759,0.6315593123435974,0.37475869059562683,-0.0164931807667017,0.6360756158828735,0.37773409485816956,-0.011923473328351974,0.6395812630653381,0.38000357151031494,-0.00679078558459878,0.5992518663406372,0.38099434971809387,-0.014464992098510265,0.6109760403633118,0.3732340633869171,-0.02147797867655754,0.6042096614837646,0.37690600752830505,-0.018330568447709084,0.5992518663406372,0.38099434971809387,-0.014464992098510265,0.5953961610794067,0.38436564803123474,-0.00990626122802496,0.5925828218460083,0.38743388652801514,-0.005292135290801525,0.5946559906005859,0.38672173023223877,-0.007167944218963385,0.598300039768219,0.38549476861953735,-0.009542339481413364,0.601992130279541,0.38449981808662415,-0.012596335262060165,0.612320065498352,0.3834993541240692,-0.016987251117825508,0.6183756589889526,0.38362544775009155,-0.01733284257352352,0.6241499781608582,0.3825198709964752,-0.016138363629579544,0.6292299628257751,0.38166072964668274,-0.013525975868105888,0.6368369460105896,0.3817056715488434,-0.006976226810365915,0.6402981281280518,0.38203492760658264,-0.004223725758492947,0.601959764957428,0.3845282793045044,-0.011913484893739223,0.606734037399292,0.3836537301540375,-0.014167905785143375,0.6122523546218872,0.38353708386421204,-0.01598125696182251,0.6183212995529175,0.3837437927722931,-0.016288913786411285,0.6240911483764648,0.3825780153274536,-0.01514267548918724,0.6291776299476624,0.38173964619636536,-0.012671314179897308,0.6345683932304382,0.38314685225486755,-0.011805756017565727,0.6402981281280518,0.38203492760658264,-0.004223725758492947,0.6858422756195068,0.2970048487186432,0.07733575999736786,0.5399640798568726,0.3066432476043701,0.06836505234241486,0.6196085214614868,0.42879384756088257,-0.014764930121600628,0.5692021250724792,0.395009845495224,0.0049221026711165905,0.5641838908195496,0.3250632584095001,0.0023557802196592093
ssirt0486.mp4,143,,,,,,,,,,,,,,,,,,,,,,,,,,,,,,,,,,,,,,,,,,,,,,,,,,,,,,,,,,,,,,,,0.619297981262207,0.3961215019226074,-0.019313126802444458,0.6260326504707336,0.39505982398986816,-0.01847386732697487,0.6320119500160217,0.39229899644851685,-0.01565791852772236,0.6366778612136841,0.38865748047828674,-0.011928465217351913,0.6399997472763062,0.38577789068222046,-0.006577611900866032,0.6425876021385193,0.38279396295547485,-0.0018173313001170754,0.6122834086418152,0.3958711624145508,-0.019272146746516228,0.6057600975036621,0.3940572440624237,-0.017200713977217674,0.6001307964324951,0.39143699407577515,-0.013981711119413376,0.596031129360199,0.389548659324646,-0.009149429388344288,0.6187851428985596,0.37523382902145386,-0.021965190768241882,0.6257047057151794,0.3720969557762146,-0.020537951961159706,0.6320585608482361,0.3749185800552368,-0.016493093222379684,0.6365450024604797,0.3780888617038727,-0.011927667073905468,0.6399748921394348,0.38050517439842224,-0.006784677505493164,0.5995672941207886,0.38095760345458984,-0.01420275866985321,0.6115069389343262,0.37296852469444275,-0.0213587936013937,0.6046157479286194,0.37681424617767334,-0.018136411905288696,0.5995672941207886,0.38095760345458984,-0.01420275866985321,0.595674991607666,0.3843303620815277,-0.009583997540175915,0.5928531289100647,0.38731667399406433,-0.004894058220088482,0.5949161648750305,0.38667863607406616,-0.006794271524995565,0.5985497236251831,0.38560226559638977,-0.009157681837677956,0.6022933125495911,0.38469481468200684,-0.012238497845828533,0.612760066986084,0.38371044397354126,-0.016702929511666298,0.6188402771949768,0.38380441069602966,-0.017092106863856316,0.6245894432067871,0.3828894793987274,-0.01593504473567009,0.6296390891075134,0.382168710231781,-0.013352463021874428,0.6371724009513855,0.3822407126426697,-0.006859312299638987,0.6405892968177795,0.3825247883796692,-0.004153365269303322,0.6022875308990479,0.3847590386867523,-0.011658644303679466,0.6071432828903198,0.38390523195266724,-0.013967379927635193,0.612732470035553,0.38372156023979187,-0.01582687348127365,0.6188050508499146,0.3838546872138977,-0.016181418672204018,0.6245400905609131,0.3829069137573242,-0.015074420720338821,0.6295843720436096,0.38224199414253235,-0.012625387869775295,0.634916365146637,0.3835754990577698,-0.011641493998467922,0.6405892968177795,0.3825247883796692,-0.004153365269303322,0.6865621209144592,0.2981071174144745,0.07679664343595505,0.5408267378807068,0.30678489804267883,0.06875009089708328,0.6197154521942139,0.4297768473625183,-0.01416150014847517,0.5696855783462524,0.39528509974479675,0.0054707941599190235,0.564793050289154,0.32518270611763,0.0026238809805363417
ssirt0486.mp4,144,,,,,,,,,,,,,,,,,,,,,,,,,,,,,,,,,,,,,,,,,,,,,,,,,,,,,,,,,,,,,,,,0.6189199686050415,0.39664924144744873,-0.019829221069812775,0.6258459687232971,0.39554744958877563,-0.018913712352514267,0.6320396065711975,0.3925168812274933,-0.015991421416401863,0.6369056701660156,0.38851597905158997,-0.01215880922973156,0.6403327584266663,0.38539645075798035,-0.006654227618128061,0.6429550051689148,0.3823729157447815,-0.001785044209100306,0.6118884086608887,0.3963126242160797,-0.01982327364385128,0.6054642796516418,0.3941291570663452,-0.017756495624780655,0.5999933481216431,0.3910650610923767,-0.014501038938760757,0.5960795283317566,0.3888438940048218,-0.009583192877471447,0.6185368895530701,0.3752445578575134,-0.02190575934946537,0.625625491142273,0.3717842698097229,-0.020442020148038864,0.6321088075637817,0.3743688464164734,-0.01636805757880211,0.6367043852806091,0.3774639368057251,-0.011809499934315681,0.6402522921562195,0.3799046277999878,-0.006684452295303345,0.5995810031890869,0.3799743354320526,-0.01440701074898243,0.6111962795257568,0.3725608289241791,-0.021376842632889748,0.6044518351554871,0.3759775459766388,-0.018251385539770126,0.5995810031890869,0.3799743354320526,-0.01440701074898243,0.5958078503608704,0.38335540890693665,-0.009866689331829548,0.5931051969528198,0.3865201473236084,-0.005279042292386293,0.5952094793319702,0.38578230142593384,-0.0071408567018806934,0.5988039374351501,0.384505957365036,-0.009538613259792328,0.6024139523506165,0.38353386521339417,-0.012610726058483124,0.6125925183296204,0.3828275501728058,-0.0170147642493248,0.6185970902442932,0.3831068277359009,-0.017347941175103188,0.6244447231292725,0.3820800483226776,-0.016136983409523964,0.6296206116676331,0.3812844455242157,-0.013505741953849792,0.6373695731163025,0.38154909014701843,-0.0069204457104206085,0.6408624649047852,0.3820780813694,-0.004142777528613806,0.6023896932601929,0.3835090398788452,-0.011844542808830738,0.6070860624313354,0.3827388286590576,-0.014083187095820904,0.612540602684021,0.38279473781585693,-0.01588549092411995,0.6185661554336548,0.3831537067890167,-0.016182156279683113,0.6244161128997803,0.38207870721817017,-0.0150231858715415,0.6295985579490662,0.38130515813827515,-0.012547619640827179,0.6350575685501099,0.38295871019363403,-0.011796203441917896,0.6408624649047852,0.3820780813694,-0.004142777528613806,0.6864014267921448,0.29785531759262085,0.077391117811203,0.5407757759094238,0.3069121837615967,0.06818526983261108,0.6202780604362488,0.42809078097343445,-0.014976153150200844,0.5698582530021667,0.39482975006103516,0.0048375544138252735,0.5649948716163635,0.3251243531703949,0.0023185492027550936
ssirt0486.mp4,145,,,,,,,,,,,,,,,,,,,,,,,,,,,,,,,,,,,,,,,,,,,,,,,,,,,,,,,,,,,,,,,,0.6193643808364868,0.39566606283187866,-0.019767843186855316,0.6260946393013,0.39463913440704346,-0.018869338557124138,0.6320838332176208,0.3919568359851837,-0.01600034348666668,0.6367650032043457,0.3884623646736145,-0.012210855260491371,0.6400915384292603,0.3857661783695221,-0.006755978334695101,0.642667829990387,0.3829544484615326,-0.0018979336600750685,0.6124175786972046,0.39542582631111145,-0.01977369748055935,0.6059697866439819,0.39363735914230347,-0.01775582879781723,0.600397527217865,0.39107435941696167,-0.01453851442784071,0.5963481664657593,0.38923919200897217,-0.009664746932685375,0.6190291047096252,0.37485527992248535,-0.021947521716356277,0.6259430646896362,0.371687114238739,-0.020475639030337334,0.6322872638702393,0.37463685870170593,-0.01640806905925274,0.6367338299751282,0.37794363498687744,-0.011881351470947266,0.6401187181472778,0.3805010914802551,-0.006789728533476591,0.5998691916465759,0.3805111050605774,-0.014473779127001762,0.6117758750915527,0.37245506048202515,-0.021412020549178123,0.604885995388031,0.37629571557044983,-0.018292605876922607,0.5998691916465759,0.3805111050605774,-0.014473779127001762,0.5960119366645813,0.3839668333530426,-0.00995190441608429,0.5932278037071228,0.3870587646961212,-0.005366047844290733,0.5952965617179871,0.3864159882068634,-0.007239196915179491,0.5988891124725342,0.3852926194667816,-0.009629310108721256,0.6026008725166321,0.3843400478363037,-0.012678932398557663,0.6129937767982483,0.3833239674568176,-0.017040926963090897,0.6190279722213745,0.3834386467933655,-0.017366498708724976,0.6247656345367432,0.38255995512008667,-0.016165506094694138,0.6298083662986755,0.3819178640842438,-0.013553792610764503,0.6373124122619629,0.38222819566726685,-0.00702445674687624,0.6406753063201904,0.38265931606292725,-0.004258707631379366,0.6026046276092529,0.3843224048614502,-0.011899661272764206,0.6074191331863403,0.38345491886138916,-0.014113517478108406,0.6129621863365173,0.3833048641681671,-0.015894552692770958,0.6189939379692078,0.3834719657897949,-0.01618330366909504,0.6247145533561707,0.38256028294563293,-0.015032518655061722,0.6297531127929688,0.3819562792778015,-0.012579630129039288,0.6350604891777039,0.3834279775619507,-0.01185473334044218,0.6406753063201904,0.38265931606292725,-0.004258707631379366,0.6865220069885254,0.2981451451778412,0.07735778391361237,0.5406745076179504,0.30669155716896057,0.0682135820388794,0.6201561093330383,0.42892178893089294,-0.014841726049780846,0.5697768926620483,0.395354688167572,0.004843897186219692,0.5648975372314453,0.32534298300743103,0.0023311355616897345
ssirt0486.mp4,146,,,,,,,,,,,,,,,,,,,,,,,,,,,,,,,,,,,,,,,,,,,,,,,,,,,,,,,,,,,,,,,,0.6193960309028625,0.3938893675804138,-0.020511213690042496,0.6264699101448059,0.3929305374622345,-0.01959417015314102,0.6328515410423279,0.39031699299812317,-0.016626622527837753,0.6379086375236511,0.38681963086128235,-0.012740048579871655,0.6414008736610413,0.384020060300827,-0.007161044515669346,0.6439968943595886,0.3812665343284607,-0.0021812119521200657,0.6121467351913452,0.39366456866264343,-0.020494485273957253,0.6055708527565002,0.39180561900138855,-0.018394730985164642,0.6000526547431946,0.389077365398407,-0.015101573430001736,0.5962413549423218,0.38700228929519653,-0.010118452832102776,0.6197275519371033,0.3729366660118103,-0.022285880520939827,0.6269364953041077,0.36968016624450684,-0.020812511444091797,0.6334099769592285,0.3723401725292206,-0.016733815893530846,0.6379488706588745,0.3756394684314728,-0.012183701619505882,0.641428530216217,0.37842243909835815,-0.007066300604492426,0.600079357624054,0.37809211015701294,-0.014793477952480316,0.6122499108314514,0.3704831600189209,-0.021742453798651695,0.6051967144012451,0.3740181028842926,-0.01861399970948696,0.600079357624054,0.37809211015701294,-0.014793477952480316,0.5961523056030273,0.3815719783306122,-0.010281738825142384,0.593457043170929,0.38483861088752747,-0.005735588725656271,0.5956436395645142,0.3840699791908264,-0.007598822005093098,0.5992795825004578,0.3826460540294647,-0.010027204640209675,0.6029393076896667,0.3815634250640869,-0.013111191801726818,0.6132922172546387,0.38049080967903137,-0.017537297680974007,0.6194263100624084,0.3806934952735901,-0.017883500084280968,0.6252952814102173,0.379835844039917,-0.016670819371938705,0.6304730772972107,0.37935587763786316,-0.014019720256328583,0.6382468342781067,0.3801758885383606,-0.007387584540992975,0.6418282985687256,0.3809318542480469,-0.004562856629490852,0.6030221581459045,0.381485253572464,-0.012222236953675747,0.607790470123291,0.3805106580257416,-0.01443981658667326,0.6133210062980652,0.38035374879837036,-0.016241900622844696,0.6194559931755066,0.3806363642215729,-0.01654491201043129,0.625303328037262,0.3797075152397156,-0.01538130920380354,0.6304622888565063,0.3792400360107422,-0.012904533185064793,0.6359574794769287,0.38135361671447754,-0.01232919842004776,0.6418282985687256,0.3809318542480469,-0.004562856629490852,0.6869322657585144,0.2969778776168823,0.07807672768831253,0.5413817167282104,0.3059498071670532,0.06876278668642044,0.6206942200660706,0.4255269169807434,-0.015812475234270096,0.5700536370277405,0.39303064346313477,0.004448981489986181,0.5651940703392029,0.32332077622413635,0.0023679696023464203
ssirt0486.mp4,147,,,,,,,,,,,,,,,,,,,,,,,,,,,,,,,,,,,,,,,,,,,,,,,,,,,,,,,,,,,,,,,,0.6198452115058899,0.3933209180831909,-0.02026177942752838,0.6266041398048401,0.39227330684661865,-0.01928778737783432,0.6326804757118225,0.38961005210876465,-0.016287418082356453,0.6375021934509277,0.38613107800483704,-0.012372372671961784,0.6409302949905396,0.3833697736263275,-0.006750838365405798,0.6435692310333252,0.380542516708374,-0.0017699571326375008,0.6128901243209839,0.3930911719799042,-0.02030237205326557,0.6064848899841309,0.39131298661231995,-0.018267853185534477,0.6009650230407715,0.3887597322463989,-0.014999211765825748,0.5969964861869812,0.38686153292655945,-0.010035530664026737,0.6194308400154114,0.37392860651016235,-0.022083528339862823,0.6263871192932129,0.3706195652484894,-0.02055213414132595,0.6327197551727295,0.3731463551521301,-0.01639559678733349,0.6372557282447815,0.37604549527168274,-0.011810222640633583,0.6408118009567261,0.3783015310764313,-0.006664939224720001,0.6005997061729431,0.37879136204719543,-0.014753928408026695,0.6121724843978882,0.3715236485004425,-0.02161535434424877,0.6054996252059937,0.3750154376029968,-0.018546776846051216,0.6005997061729431,0.37879136204719543,-0.014753928408026695,0.5967561602592468,0.38188233971595764,-0.01023838110268116,0.5939377546310425,0.38470494747161865,-0.005685523618012667,0.5960313677787781,0.3840891420841217,-0.007537507917732,0.5996206998825073,0.38299819827079773,-0.009959311224520206,0.6032555103302002,0.38211360573768616,-0.01303054764866829,0.613467812538147,0.3812428116798401,-0.01738784648478031,0.6195011138916016,0.38139450550079346,-0.017667949199676514,0.6252862811088562,0.3804370164871216,-0.01640445366501808,0.6303929090499878,0.3797408938407898,-0.01371331699192524,0.6380634307861328,0.3799445629119873,-0.00701911048963666,0.6415223479270935,0.38032859563827515,-0.004176612012088299,0.603266179561615,0.38211604952812195,-0.012139186263084412,0.6079686284065247,0.3813411295413971,-0.01433262974023819,0.6134192943572998,0.3812512159347534,-0.01608930714428425,0.6194489002227783,0.38146522641181946,-0.0163318682461977,0.6252185702323914,0.38044631481170654,-0.01511426456272602,0.6303273439407349,0.3797611594200134,-0.012597166001796722,0.6357311606407166,0.38118600845336914,-0.011985781602561474,0.6415223479270935,0.38032859563827515,-0.004176612012088299,0.6867130398750305,0.2967301607131958,0.07834687829017639,0.5408585071563721,0.30553004145622253,0.06794683635234833,0.620999813079834,0.42600491642951965,-0.015516046434640884,0.5702293515205383,0.393265962600708,0.004368310794234276,0.5653112530708313,0.32333964109420776,0.0020408490672707558
ssirt0486.mp4,148,,,,,,,,,,,,,,,,,,,,,,,,,,,,,,,,,,,,,,,,,,,,,,,,,,,,,,,,,,,,,,,,0.6200463175773621,0.3935015797615051,-0.019899945706129074,0.6267674565315247,0.39245134592056274,-0.01891706883907318,0.6327832937240601,0.38972580432891846,-0.015920357778668404,0.6374953389167786,0.3861118257045746,-0.012032869271934032,0.6408270597457886,0.3832423985004425,-0.0064668478444218636,0.6433979272842407,0.38034605979919434,-0.001530066248960793,0.6131108403205872,0.3932771384716034,-0.01996505819261074,0.6066780090332031,0.3914850056171417,-0.01797119900584221,0.6011149883270264,0.3888983726501465,-0.014751763083040714,0.597083330154419,0.3869996666908264,-0.009868696331977844,0.6194687485694885,0.373957097530365,-0.02200467512011528,0.626366913318634,0.37060853838920593,-0.02045435644686222,0.632609486579895,0.3731408715248108,-0.01627333089709282,0.6371009945869446,0.37600529193878174,-0.01164886262267828,0.6406199932098389,0.37818941473960876,-0.006470572203397751,0.6006684303283691,0.3787998557090759,-0.014689830131828785,0.6122298240661621,0.37148988246917725,-0.021549860015511513,0.605578601360321,0.37496405839920044,-0.01849188096821308,0.6006684303283691,0.3787998557090759,-0.014689830131828785,0.5968155264854431,0.3819541335105896,-0.010169745422899723,0.593978226184845,0.38483378291130066,-0.005587734282016754,0.5960422158241272,0.38415607810020447,-0.007422286551445723,0.59964519739151,0.38297832012176514,-0.009804965928196907,0.6033214330673218,0.3820153772830963,-0.01284859050065279,0.6135851144790649,0.38105279207229614,-0.017172954976558685,0.6195991039276123,0.3812088370323181,-0.017437156289815903,0.6253390908241272,0.38021376729011536,-0.016157595440745354,0.6304042339324951,0.37948721647262573,-0.013458783738315105,0.6379898190498352,0.3797053396701813,-0.006763411220163107,0.6413809061050415,0.38010209798812866,-0.003942816983908415,0.603297770023346,0.3820444941520691,-0.012059986591339111,0.608031690120697,0.3812084496021271,-0.014259034767746925,0.6135064363479614,0.3811088800430298,-0.016008734703063965,0.619527280330658,0.3813427686691284,-0.016236472874879837,0.6252549886703491,0.3802753686904907,-0.0150037482380867,0.6303221583366394,0.3795511722564697,-0.012467284686863422,0.6357143521308899,0.3809942901134491,-0.01170151773840189,0.6413809061050415,0.38010209798812866,-0.003942816983908415,0.6865862607955933,0.2964112460613251,0.07835755497217178,0.5408101081848145,0.30529600381851196,0.0676489993929863,0.6210755705833435,0.4264497458934784,-0.01501418836414814,0.5702157616615295,0.3933217525482178,0.004442606586962938,0.5653318762779236,0.32332643866539,0.001864276360720396
ssirt0486.mp4,149,,,,,,,,,,,,,,,,,,,,,,,,,,,,,,,,,,,,,,,,,,,,,,,,,,,,,,,,,,,,,,,,0.619154691696167,0.39151960611343384,-0.02033006213605404,0.626136064529419,0.3905753493309021,-0.019374243915081024,0.6324619650840759,0.3881540894508362,-0.016373200342059135,0.6374915838241577,0.385005384683609,-0.012471112422645092,0.6410128474235535,0.38251304626464844,-0.006889763288199902,0.6436464786529541,0.3799811005592346,-0.0019294340163469315,0.6120544075965881,0.3913330137729645,-0.0203569233417511,0.6055901050567627,0.38969945907592773,-0.018301911652088165,0.600121021270752,0.3873015344142914,-0.015045142732560635,0.5962985157966614,0.3854808807373047,-0.010120096616446972,0.6194835901260376,0.3726940453052521,-0.022301241755485535,0.6266044974327087,0.3693470358848572,-0.02077634446322918,0.6329187750816345,0.3717673420906067,-0.016636298969388008,0.6374553442001343,0.3747778832912445,-0.012024836614727974,0.6409829258918762,0.3773324191570282,-0.006854210514575243,0.6002101898193359,0.37721017003059387,-0.014889076352119446,0.6121452450752258,0.37017229199409485,-0.02180168777704239,0.6052919626235962,0.373416543006897,-0.01871488057076931,0.6002101898193359,0.37721017003059387,-0.014889076352119446,0.596266508102417,0.38044509291648865,-0.0103664705529809,0.5934616327285767,0.3834868371486664,-0.00579909048974514,0.5955990552902222,0.3827313482761383,-0.007635815069079399,0.5991743803024292,0.38133642077445984,-0.010022872127592564,0.6028226017951965,0.38026943802833557,-0.013077882118523121,0.6131139993667603,0.3792421221733093,-0.017455793917179108,0.6192061305046082,0.3794856369495392,-0.017762094736099243,0.6250754594802856,0.37860366702079773,-0.016509167850017548,0.6302454471588135,0.37810856103897095,-0.013823811896145344,0.6380208730697632,0.37890276312828064,-0.007139956578612328,0.6415490508079529,0.3796461820602417,-0.004326770082116127,0.602888822555542,0.3802117109298706,-0.012312956154346466,0.6076170802116394,0.3792385458946228,-0.014540418051183224,0.6130970120429993,0.37909939885139465,-0.01633027009665966,0.6191893815994263,0.3794206976890564,-0.016595883294939995,0.6250447034835815,0.3784465491771698,-0.015388408675789833,0.6301993727684021,0.37797343730926514,-0.01285939384251833,0.6356748938560486,0.37992626428604126,-0.012095439247786999,0.6415490508079529,0.3796461820602417,-0.004326770082116127,0.686237096786499,0.295678049325943,0.07850820571184158,0.5405813455581665,0.3056353032588959,0.06819850951433182,0.6208512187004089,0.4246556758880615,-0.015572934411466122,0.5697922706604004,0.3920952379703522,0.0042756847105920315,0.5648272633552551,0.3222884237766266,0.00204221298918128
ssirt0486.mp4,150,,,,,,,,,,,,,,,,,,,,,,,,,,,,,,,,,,,,,,,,,,,,,,,,,,,,,,,,,,,,,,,,0.6193065047264099,0.39215320348739624,-0.0205855555832386,0.6262553334236145,0.39106714725494385,-0.019604433327913284,0.6324691772460938,0.38833996653556824,-0.016553131863474846,0.6373695731163025,0.38478314876556396,-0.012603415176272392,0.6408140063285828,0.3819594979286194,-0.006957221310585737,0.6434425711631775,0.3791544437408447,-0.0019433924462646246,0.6121914982795715,0.39197808504104614,-0.020617544651031494,0.6056555509567261,0.39025211334228516,-0.018547996878623962,0.6000503301620483,0.38773655891418457,-0.01526603102684021,0.5960310697555542,0.3858512043952942,-0.01030192244797945,0.6191157698631287,0.37228721380233765,-0.02241801843047142,0.626160204410553,0.36885643005371094,-0.02086673490703106,0.632541298866272,0.37147676944732666,-0.016684865579009056,0.6371057033538818,0.3744795024394989,-0.012055918574333191,0.6406664848327637,0.3768317699432373,-0.006871444638818502,0.5998517274856567,0.3773742914199829,-0.01503696758300066,0.6117470860481262,0.36977526545524597,-0.02193654142320156,0.6048973202705383,0.37338805198669434,-0.018854299560189247,0.5998517274856567,0.3773742914199829,-0.01503696758300066,0.5958873629570007,0.3806997835636139,-0.010510099120438099,0.5929830074310303,0.38373520970344543,-0.00594656215980649,0.5951222777366638,0.3830678462982178,-0.007785783614963293,0.5988420844078064,0.38179484009742737,-0.010195686481893063,0.6025532484054565,0.3807787299156189,-0.013274190947413445,0.6129404306411743,0.37970101833343506,-0.01766950637102127,0.61905837059021,0.37981921434402466,-0.017964869737625122,0.6249436140060425,0.37883228063583374,-0.016689471900463104,0.630108654499054,0.37815794348716736,-0.013968265615403652,0.6378389596939087,0.37848949432373047,-0.0072096255607903,0.6413398385047913,0.3789553940296173,-0.004361883271485567,0.6026235818862915,0.3807745575904846,-0.012433351948857307,0.6074187159538269,0.37984704971313477,-0.014655853621661663,0.6129436492919922,0.37966442108154297,-0.01643812656402588,0.6190431714057922,0.37985536456108093,-0.016690179705619812,0.6248813271522522,0.37881284952163696,-0.015459793619811535,0.6300342082977295,0.37816518545150757,-0.012907520867884159,0.635532796382904,0.3797137439250946,-0.012225066311657429,0.6413398385047913,0.3789553940296173,-0.004361883271485567,0.6860968470573425,0.29583898186683655,0.07891468703746796,0.5399510860443115,0.3057926595211029,0.06829079985618591,0.6206983327865601,0.4252980053424835,-0.015838472172617912,0.5694606900215149,0.39276933670043945,0.004130468238145113,0.5645290613174438,0.3224971890449524,0.0019762213341891766
ssirt0486.mp4,151,,,,,,,,,,,,,,,,,,,,,,,,,,,,,,,,,,,,,,,,,,,,,,,,,,,,,,,,,,,,,,,,0.6183890700340271,0.3932420313358307,-0.020449232310056686,0.6253948211669922,0.3921070694923401,-0.019501710310578346,0.6317018270492554,0.38939201831817627,-0.016517389565706253,0.63675457239151,0.38595518469810486,-0.012598209083080292,0.6403459906578064,0.3832525610923767,-0.006956992670893669,0.6431016325950623,0.3804623484611511,-0.0019496441818773746,0.6113926768302917,0.39309263229370117,-0.020458145067095757,0.6049894690513611,0.3914336562156677,-0.018396902829408646,0.5995145440101624,0.3889978528022766,-0.015099394135177135,0.5956071019172668,0.38713857531547546,-0.010089137591421604,0.6182710528373718,0.37342196702957153,-0.022175896912813187,0.6253951787948608,0.37015169858932495,-0.020668936893343925,0.6319921016693115,0.3727909326553345,-0.01653827354311943,0.6366833448410034,0.375789612531662,-0.011972921900451183,0.6403223872184753,0.3781394064426422,-0.006840813905000687,0.5992360711097717,0.37877821922302246,-0.014772159978747368,0.6109575033187866,0.3711681365966797,-0.021677406504750252,0.6041705012321472,0.37482166290283203,-0.01857895776629448,0.5992360711097717,0.37877821922302246,-0.014772159978747368,0.5954113006591797,0.38202014565467834,-0.010247194208204746,0.5926371812820435,0.3849705457687378,-0.005684731062501669,0.5948103666305542,0.3843943476676941,-0.007560927886515856,0.5984346866607666,0.3833277225494385,-0.010011749342083931,0.602030873298645,0.3824797570705414,-0.013103771023452282,0.6121967434883118,0.3815425634384155,-0.017496677115559578,0.618243932723999,0.3815793991088867,-0.017808327451348305,0.6242197155952454,0.3806351125240326,-0.016572901979088783,0.6294838786125183,0.3799668252468109,-0.01389729417860508,0.6373922228813171,0.3800879716873169,-0.007215382065623999,0.6409747004508972,0.38037312030792236,-0.004358073230832815,0.6021244525909424,0.3824284076690674,-0.012158781290054321,0.6067943572998047,0.3816401958465576,-0.014356400817632675,0.6122283339500427,0.38146457076072693,-0.01612955704331398,0.6182579398155212,0.38155657052993774,-0.016400590538978577,0.6241902112960815,0.3805729150772095,-0.01520976610481739,0.6294378638267517,0.37994280457496643,-0.012713574804365635,0.6349655985832214,0.38127046823501587,-0.01218612864613533,0.6409747004508972,0.38037312030792236,-0.004358073230832815,0.686086118221283,0.29513415694236755,0.07840767502784729,0.5397282838821411,0.30600467324256897,0.06852173060178757,0.6203711032867432,0.4259524643421173,-0.015716001391410828,0.5692316889762878,0.393826425075531,0.004468196537345648,0.5640538930892944,0.32368937134742737,0.0022265769075602293
ssirt0486.mp4,152,,,,,,,,,,,,,,,,,,,,,,,,,,,,,,,,,,,,,,,,,,,,,,,,,,,,,,,,,,,,,,,,0.6184033155441284,0.39343446493148804,-0.02021179348230362,0.6253558397293091,0.3922947645187378,-0.019277455285191536,0.6316048502922058,0.3895130157470703,-0.01630357652902603,0.6366015672683716,0.3859587013721466,-0.01240229420363903,0.640150249004364,0.3831642270088196,-0.006799720227718353,0.6428869366645813,0.3803234398365021,-0.0018312669126316905,0.611438512802124,0.39324790239334106,-0.020216867327690125,0.6050667762756348,0.39149418473243713,-0.01814982481300831,0.5996333956718445,0.38893890380859375,-0.014858821406960487,0.5957371592521667,0.38700973987579346,-0.009874365292489529,0.6181256175041199,0.3736456632614136,-0.02219144068658352,0.6251890063285828,0.37031808495521545,-0.02068931981921196,0.6317147612571716,0.3729439377784729,-0.016548722982406616,0.636379599571228,0.37587571144104004,-0.011944598518311977,0.6400315761566162,0.3781256079673767,-0.006771421991288662,0.599328339099884,0.37876471877098083,-0.014686103910207748,0.610855758190155,0.3713109493255615,-0.02167552337050438,0.6041807532310486,0.3748897910118103,-0.01854380965232849,0.599328339099884,0.37876471877098083,-0.014686103910207748,0.5955480337142944,0.38192686438560486,-0.010114740580320358,0.5927606225013733,0.38481083512306213,-0.005501884501427412,0.5949222445487976,0.38423091173171997,-0.007380421739071608,0.5985639691352844,0.38314956426620483,-0.009813794866204262,0.602134108543396,0.38231077790260315,-0.012913582846522331,0.6121978759765625,0.38146060705184937,-0.01733529381453991,0.6181924939155579,0.3815283477306366,-0.01766028255224228,0.6241176128387451,0.38055649399757385,-0.016430040821433067,0.6293389201164246,0.37985727190971375,-0.013754889369010925,0.63719642162323,0.379951149225235,-0.0070702629163861275,0.6407564282417297,0.38023754954338074,-0.004234055057168007,0.6021940112113953,0.3823045790195465,-0.012071138247847557,0.6068204045295715,0.3815520405769348,-0.01430710218846798,0.6122003197669983,0.38141676783561707,-0.016106829047203064,0.618181586265564,0.38154277205467224,-0.016392866149544716,0.6240711808204651,0.3805297613143921,-0.015207091346383095,0.6292831301689148,0.37986791133880615,-0.012699873186647892,0.6347988843917847,0.3811728060245514,-0.012024106457829475,0.6407564282417297,0.38023754954338074,-0.004234055057168007,0.6863003373146057,0.29530900716781616,0.07839498668909073,0.5397318601608276,0.3060905933380127,0.068707674741745,0.6203438639640808,0.42631515860557556,-0.015390169806778431,0.5692030787467957,0.3938581049442291,0.004693302791565657,0.5640062689781189,0.3236757218837738,0.0022614377085119486
ssirt0486.mp4,153,,,,,,,,,,,,,,,,,,,,,,,,,,,,,,,,,,,,,,,,,,,,,,,,,,,,,,,,,,,,,,,,0.6165863275527954,0.3987963795661926,-0.019977813586592674,0.6236141324043274,0.39742767810821533,-0.01919184997677803,0.6298779845237732,0.3941287398338318,-0.01645331084728241,0.6348924040794373,0.38993337750434875,-0.012677288614213467,0.6384520530700684,0.38669005036354065,-0.00716228224337101,0.6411690711975098,0.38367506861686707,-0.0022063874639570713,0.6094838380813599,0.39860326051712036,-0.019885824993252754,0.6030744910240173,0.39644086360931396,-0.01781541481614113,0.5977539420127869,0.3932814598083496,-0.014500297605991364,0.5940697193145752,0.3908911645412445,-0.00942581333220005,0.6164056062698364,0.3770926892757416,-0.021806800737977028,0.6235768795013428,0.373635470867157,-0.020455457270145416,0.6300837397575378,0.37609609961509705,-0.01647208444774151,0.6347233653068542,0.37902647256851196,-0.012070192955434322,0.6383860111236572,0.3813180923461914,-0.007065717596560717,0.5976623892784119,0.3821824789047241,-0.014064394868910313,0.6090778708457947,0.37471944093704224,-0.021172279492020607,0.6024268269538879,0.37824583053588867,-0.017908954992890358,0.5976623892784119,0.3821824789047241,-0.014064394868910313,0.5939720869064331,0.38546106219291687,-0.009506592527031898,0.5912632942199707,0.38851308822631836,-0.00491310702636838,0.5934928059577942,0.3877652883529663,-0.006900433450937271,0.597106397151947,0.38649266958236694,-0.009454311802983284,0.600579023361206,0.38562285900115967,-0.012587723322212696,0.6104640960693359,0.3850341737270355,-0.01705341786146164,0.616416335105896,0.3852013647556305,-0.0174680408090353,0.6222820281982422,0.38400161266326904,-0.016390396282076836,0.6274580955505371,0.3829965889453888,-0.013868127949535847,0.6353222131729126,0.38294851779937744,-0.007432515267282724,0.6389842629432678,0.3834332823753357,-0.004570939112454653,0.6006412506103516,0.3856123983860016,-0.011402296833693981,0.605169415473938,0.38483676314353943,-0.013572430238127708,0.6104785799980164,0.3847869336605072,-0.015378174372017384,0.6164156198501587,0.3850224018096924,-0.0157576035708189,0.6222639083862305,0.383838415145874,-0.014722829684615135,0.6274336576461792,0.3829837441444397,-0.012402587570250034,0.6329415440559387,0.38445883989334106,-0.012235917150974274,0.6389842629432678,0.3834332823753357,-0.004570939112454653,0.6856568455696106,0.29546529054641724,0.07710734009742737,0.5392840504646301,0.30684494972229004,0.07010648399591446,0.6182507872581482,0.4292680621147156,-0.015003552660346031,0.5678497552871704,0.3967071771621704,0.005782301537692547,0.5626497268676758,0.32661858201026917,0.0031755187083035707
ssirt0486.mp4,154,,,,,,,,,,,,,,,,,,,,,,,,,,,,,,,,,,,,,,,,,,,,,,,,,,,,,,,,,,,,,,,,0.6173559427261353,0.39781060814857483,-0.01969599351286888,0.6243007779121399,0.3965439200401306,-0.018859608098864555,0.6305596232414246,0.39347559213638306,-0.015978388488292694,0.6355926394462585,0.38951656222343445,-0.012111295014619827,0.639193594455719,0.3863890767097473,-0.0065204375423491,0.6419876217842102,0.38331469893455505,-0.0015812276396900415,0.6102237105369568,0.3976607620716095,-0.019601896405220032,0.6037036180496216,0.3957124352455139,-0.017423225566744804,0.5981815457344055,0.39280226826667786,-0.01404004916548729,0.5942737460136414,0.3905850052833557,-0.00893233809620142,0.6174167990684509,0.3774133324623108,-0.021750707179307938,0.6246011853218079,0.3738524913787842,-0.020374730229377747,0.6309744119644165,0.3761710822582245,-0.01630234532058239,0.635551929473877,0.3789680600166321,-0.011743883602321148,0.6391533017158508,0.38113337755203247,-0.006573615595698357,0.5981130003929138,0.3823411464691162,-0.013882767409086227,0.6099953651428223,0.37497949600219727,-0.021148450672626495,0.6031507849693298,0.3785175085067749,-0.01785297691822052,0.5981130003929138,0.3823411464691162,-0.013882767409086227,0.5941979289054871,0.3854266405105591,-0.009198415093123913,0.5912538170814514,0.38822275400161743,-0.004473674576729536,0.5934179425239563,0.3875921070575714,-0.006436903029680252,0.5970767140388489,0.3865014314651489,-0.008986303582787514,0.6007500290870667,0.3856548070907593,-0.012192005291581154,0.6111417412757874,0.3848912715911865,-0.016785629093647003,0.6173089146614075,0.3850575089454651,-0.017204010859131813,0.6232229471206665,0.3838941156864166,-0.016071485355496407,0.6284404993057251,0.3829479515552521,-0.0134638836607337,0.6363303065299988,0.38285571336746216,-0.006831091362982988,0.6399324536323547,0.38314253091812134,-0.003959141671657562,0.6007730960845947,0.3856385350227356,-0.011198234744369984,0.6055558323860168,0.38487696647644043,-0.01348156575113535,0.6110953688621521,0.3848332464694977,-0.015355715528130531,0.617251992225647,0.3850676119327545,-0.01573757268488407,0.6231657862663269,0.38385164737701416,-0.014648620039224625,0.6283828616142273,0.38294821977615356,-0.012225357815623283,0.6338839530944824,0.3843066096305847,-0.011752459220588207,0.6399324536323547,0.38314253091812134,-0.003959141671657562,0.6860516667366028,0.29692450165748596,0.07769836485385895,0.5392970442771912,0.3079429566860199,0.07012564688920975,0.6189402937889099,0.42956435680389404,-0.01461784727871418,0.5681340098381042,0.3967553377151489,0.006061887368559837,0.5630456209182739,0.3268360495567322,0.003024139441549778
ssirt0486.mp4,155,,,,,,,,,,,,,,,,,,,,,,,,,,,,,,,,,,,,,,,,,,,,,,,,,,,,,,,,,,,,,,,,0.617080569267273,0.3995785415172577,-0.019732195883989334,0.6239393353462219,0.3983764052391052,-0.018936321139335632,0.6300910115242004,0.3953312039375305,-0.016169356182217598,0.6350113749504089,0.39134281873703003,-0.012377423234283924,0.6385233402252197,0.3881864547729492,-0.006854299921542406,0.6412459015846252,0.3851471543312073,-0.001931640668772161,0.6099590063095093,0.3993570804595947,-0.019641853868961334,0.6034450531005859,0.39728787541389465,-0.017535656690597534,0.5979180932044983,0.39427950978279114,-0.014202178455889225,0.5940039157867432,0.3920201361179352,-0.009129640646278858,0.6170532703399658,0.37919482588768005,-0.021718434989452362,0.6241554617881775,0.3756835162639618,-0.020364807918667793,0.630412220954895,0.37799280881881714,-0.016362391412258148,0.6349016427993774,0.3807747960090637,-0.011907021515071392,0.6384567022323608,0.3829411268234253,-0.006842614617198706,0.5978281497955322,0.383841872215271,-0.013924319297075272,0.6096574068069458,0.37668049335479736,-0.02109529636800289,0.6028409600257874,0.38010382652282715,-0.01782085932791233,0.5978281497955322,0.383841872215271,-0.013924319297075272,0.5938993692398071,0.3869044780731201,-0.009313555434346199,0.5909700989723206,0.3897096812725067,-0.004658882040530443,0.5931286215782166,0.3890419602394104,-0.0066312807612121105,0.5968268513679504,0.3878810703754425,-0.009169323369860649,0.6005083918571472,0.3870061933994293,-0.012324192561209202,0.6108482480049133,0.3863518238067627,-0.016834529116749763,0.6169541478157043,0.3865956962108612,-0.017248352989554405,0.622751772403717,0.38545796275138855,-0.016151918098330498,0.6278619766235352,0.3845287561416626,-0.013609501533210278,0.6356122493743896,0.38454827666282654,-0.0071327826008200645,0.6391804814338684,0.3849245309829712,-0.004290266893804073,0.6004970073699951,0.38703155517578125,-0.011273371055722237,0.6052640080451965,0.38629150390625,-0.013497648760676384,0.6107767820358276,0.38630980253219604,-0.015334632247686386,0.6168851852416992,0.38662731647491455,-0.01571863703429699,0.6226922273635864,0.38543644547462463,-0.014665917493402958,0.6278098821640015,0.3845495283603668,-0.012309580110013485,0.6332364678382874,0.3860056400299072,-0.011965984478592873,0.6391804814338684,0.3849245309829712,-0.004290266893804073,0.6859356164932251,0.2982429563999176,0.07723449170589447,0.5391991138458252,0.309012234210968,0.07008275389671326,0.6182166337966919,0.431165874004364,-0.014729419723153114,0.567902684211731,0.3982391357421875,0.0059541198424994946,0.5627902150154114,0.3284345269203186,0.003145302180200815
ssirt0486.mp4,156,,,,,,,,,,,,,,,,,,,,,,,,,,,,,,,,,,,,,,,,,,,,,,,,,,,,,,,,,,,,,,,,0.616412341594696,0.40313658118247986,-0.019318580627441406,0.6233749985694885,0.40178993344306946,-0.018525805324316025,0.629561185836792,0.3984057903289795,-0.015747012570500374,0.6344725489616394,0.39405301213264465,-0.011954092420637608,0.637930154800415,0.39064842462539673,-0.006443125661462545,0.6405986547470093,0.3875106871128082,-0.0015744941774755716,0.6092907190322876,0.4028722047805786,-0.0192042775452137,0.6028488874435425,0.40058833360671997,-0.017074765637516975,0.597498893737793,0.3972964286804199,-0.013728359714150429,0.5937991738319397,0.3947950303554535,-0.008650857955217361,0.6164096593856812,0.38126468658447266,-0.021501485258340836,0.6235493421554565,0.37781935930252075,-0.02017240598797798,0.6298685073852539,0.3802695572376251,-0.016153141856193542,0.6343332529067993,0.38313159346580505,-0.011648744344711304,0.6378492712974548,0.3853011131286621,-0.006531796883791685,0.5975176692008972,0.3861754536628723,-0.013580245897173882,0.6090695858001709,0.3788016140460968,-0.02086699940264225,0.6023653745651245,0.3823031187057495,-0.01753951609134674,0.5975176692008972,0.3861754536628723,-0.013580245897173882,0.5937731266021729,0.3893700838088989,-0.008913052268326283,0.590990424156189,0.39233875274658203,-0.0042127519845962524,0.593207836151123,0.39162948727607727,-0.006196587346494198,0.596838116645813,0.3904401957988739,-0.00874251313507557,0.6003515720367432,0.3896152973175049,-0.011930621229112148,0.6103281378746033,0.3890973925590515,-0.01650368608534336,0.6163070201873779,0.3893214762210846,-0.016943039372563362,0.6221041083335876,0.38812538981437683,-0.015857229009270668,0.627177894115448,0.38710102438926697,-0.013303958810865879,0.634833812713623,0.3869195282459259,-0.006773737724870443,0.6384389996528625,0.38730448484420776,-0.003926624543964863,0.6003885865211487,0.3895699083805084,-0.01090141199529171,0.6049666404724121,0.3888310194015503,-0.01316329836845398,0.6103158593177795,0.3888293504714966,-0.015029000118374825,0.6162944436073303,0.3891218304634094,-0.015436811372637749,0.6220906376838684,0.387932151556015,-0.014397182501852512,0.6271653771400452,0.38705238699913025,-0.012031638994812965,0.6325631141662598,0.3885219693183899,-0.011609748005867004,0.6384389996528625,0.38730448484420776,-0.003926624543964863,0.6857507228851318,0.2989753186702728,0.07684545964002609,0.5389602780342102,0.3092733919620514,0.07004761695861816,0.6177096366882324,0.43359047174453735,-0.014101741835474968,0.5673942565917969,0.39979827404022217,0.006424096878618002,0.5623830556869507,0.33015331625938416,0.0031927223317325115
ssirt0486.mp4,157,,,,,,,,,,,,,,,,,,,,,,,,,,,,,,,,,,,,,,,,,,,,,,,,,,,,,,,,,,,,,,,,0.6168143153190613,0.4024173617362976,-0.018976720049977303,0.6238527894020081,0.40112602710723877,-0.018123269081115723,0.630148708820343,0.3979068696498871,-0.015253321267664433,0.635195791721344,0.3937661051750183,-0.011396571062505245,0.638776421546936,0.39051133394241333,-0.005821533501148224,0.6415677070617676,0.38738611340522766,-0.0009258778300136328,0.6096656322479248,0.4021940231323242,-0.018919074907898903,0.6032058000564575,0.4000203609466553,-0.016809390857815742,0.5978105068206787,0.39682096242904663,-0.013471127487719059,0.5940253734588623,0.39437511563301086,-0.00841023400425911,0.6168800592422485,0.38166335225105286,-0.021264277398586273,0.6240758895874023,0.3781774044036865,-0.019882647320628166,0.6304803490638733,0.38053375482559204,-0.015762286260724068,0.6350548267364502,0.3832691013813019,-0.0111689493060112,0.6386768817901611,0.38533881306648254,-0.005962287075817585,0.5977997183799744,0.386302649974823,-0.013451771810650826,0.6094874739646912,0.3792317509651184,-0.020701954141259193,0.6027133464813232,0.3826395869255066,-0.017413705587387085,0.5977997183799744,0.386302649974823,-0.013451771810650826,0.5939835906028748,0.38923731446266174,-0.008760623633861542,0.591112494468689,0.3919101655483246,-0.004010402597486973,0.5933107733726501,0.3913460075855255,-0.0059684100560843945,0.5970351099967957,0.3903771638870239,-0.008516599424183369,0.6006269454956055,0.389676570892334,-0.011704725213348866,0.610756516456604,0.38920390605926514,-0.016241829842329025,0.6168206334114075,0.38941848278045654,-0.016625313088297844,0.6227209568023682,0.38827836513519287,-0.015477452427148819,0.6279017925262451,0.3873434066772461,-0.0128614017739892,0.6357746124267578,0.38713085651397705,-0.006207637023180723,0.6394559741020203,0.38730740547180176,-0.003315726527944207,0.6006157994270325,0.3896872401237488,-0.010684870183467865,0.6052849292755127,0.3890953063964844,-0.012939881533384323,0.6106945872306824,0.38914382457733154,-0.014780006371438503,0.6167450547218323,0.3894229829311371,-0.01513412781059742,0.6226477026939392,0.3882462978363037,-0.014027501456439495,0.6278361082077026,0.38736093044281006,-0.011597154662013054,0.6333809494972229,0.38864418864250183,-0.011102724820375443,0.6394559741020203,0.38730740547180176,-0.003315726527944207,0.6856765747070312,0.298735648393631,0.07752871513366699,0.5390804409980774,0.3097586929798126,0.06944715976715088,0.6188790202140808,0.43345165252685547,-0.013691791333258152,0.5680406093597412,0.40018928050994873,0.00650028744712472,0.5629958510398865,0.3303675949573517,0.002861584071069956
ssirt0486.mp4,158,,,,,,,,,,,,,,,,,,,,,,,,,,,,,,,,,,,,,,,,,,,,,,,,,,,,,,,,,,,,,,,,0.6168351173400879,0.40237969160079956,-0.01889614202082157,0.6238772869110107,0.4010855555534363,-0.01804235391318798,0.630170464515686,0.39789581298828125,-0.015189949423074722,0.6352139711380005,0.393802672624588,-0.011347237043082714,0.6387859582901001,0.390598863363266,-0.005786930210888386,0.6415592432022095,0.38750946521759033,-0.0008852632017806172,0.6096814274787903,0.40219682455062866,-0.018860407173633575,0.6031990051269531,0.4000903069972992,-0.016786212101578712,0.5977519154548645,0.3969545364379883,-0.013475051149725914,0.5939153432846069,0.39455366134643555,-0.00844130665063858,0.6169883012771606,0.381464421749115,-0.02122194692492485,0.6241925358772278,0.3779284358024597,-0.019829165190458298,0.6306161284446716,0.3803226947784424,-0.01570495218038559,0.6351709365844727,0.38316017389297485,-0.011123191565275192,0.6387476325035095,0.3853527009487152,-0.005927186459302902,0.5977073311805725,0.386261522769928,-0.013464214280247688,0.6095551252365112,0.3790023922920227,-0.020670605823397636,0.6026772260665894,0.38247719407081604,-0.01739787496626377,0.5977073311805725,0.386261522769928,-0.013464214280247688,0.5938541889190674,0.38932156562805176,-0.008796651847660542,0.5909834504127502,0.3921094536781311,-0.004046433139592409,0.5931918621063232,0.39153018593788147,-0.006002649664878845,0.5969386696815491,0.3905019760131836,-0.008550265803933144,0.6005699634552002,0.38975638151168823,-0.011718629859387875,0.6107890605926514,0.3892236351966858,-0.016212882474064827,0.6168736815452576,0.389411985874176,-0.016578136011958122,0.6227812767028809,0.38827943801879883,-0.015425446443259716,0.6279597878456116,0.3873584568500519,-0.012815051712095737,0.6358004212379456,0.3872121572494507,-0.006181271746754646,0.639439582824707,0.3874293863773346,-0.003283004742115736,0.6005716323852539,0.38975873589515686,-0.010672727599740028,0.6052895188331604,0.3891291618347168,-0.012900826521217823,0.6107444167137146,0.3891614079475403,-0.01471880916506052,0.6168153882026672,0.3894127905368805,-0.015056662261486053,0.6227164268493652,0.3882499933242798,-0.013944490812718868,0.6279008388519287,0.3873748183250427,-0.011520611122250557,0.6334196329116821,0.3886820673942566,-0.011056076735258102,0.639439582824707,0.3874293863773346,-0.003283004742115736,0.6855241060256958,0.2985990643501282,0.07762929052114487,0.5390612483024597,0.31001049280166626,0.06947605311870575,0.6190295219421387,0.43353456258773804,-0.013574731536209583,0.5682483911514282,0.40044933557510376,0.006511545740067959,0.5630890727043152,0.33065009117126465,0.002834872342646122
ssirt0486.mp4,159,,,,,,,,,,,,,,,,,,,,,,,,,,,,,,,,,,,,,,,,,,,,,,,,,,,,,,,,,,,,,,,,0.616060733795166,0.4036778509616852,-0.018441325053572655,0.6229836344718933,0.40227869153022766,-0.01761748641729355,0.6291285157203674,0.3989076018333435,-0.014817936345934868,0.633999228477478,0.394578218460083,-0.011032303795218468,0.6374276876449585,0.39117658138275146,-0.005549236200749874,0.6400996446609497,0.3879777193069458,-0.0007328015053644776,0.6088568568229675,0.40352576971054077,-0.018380824476480484,0.6022979021072388,0.40138816833496094,-0.016290880739688873,0.5967921614646912,0.39820218086242676,-0.012997370213270187,0.5929499864578247,0.3957539200782776,-0.008002796210348606,0.616184651851654,0.38270899653434753,-0.020981932058930397,0.6233006119728088,0.3790421783924103,-0.01963583007454872,0.6294248104095459,0.3813050091266632,-0.015546523965895176,0.633793294429779,0.38397255539894104,-0.010963215492665768,0.6372655630111694,0.3859553337097168,-0.0057697840966284275,0.5969581007957458,0.387576162815094,-0.013116286136209965,0.6087860465049744,0.38025420904159546,-0.02041097730398178,0.6019818186759949,0.3838161528110504,-0.017100604251027107,0.5969581007957458,0.387576162815094,-0.013116286136209965,0.5930240154266357,0.3905710279941559,-0.008418905548751354,0.5899958610534668,0.39331990480422974,-0.0036483134608715773,0.5922022461891174,0.3926849067211151,-0.005614987574517727,0.5959370732307434,0.3916170597076416,-0.008142919279634953,0.5996138453483582,0.3907952308654785,-0.01130009163171053,0.6099289059638977,0.3901245594024658,-0.015801511704921722,0.6160451769828796,0.39031651616096497,-0.016191331669688225,0.6218219995498657,0.3890543580055237,-0.015068890526890755,0.626847505569458,0.3880064785480499,-0.012499521486461163,0.6344499588012695,0.3876894414424896,-0.005952018313109875,0.6380339860916138,0.38785773515701294,-0.0031000415328890085,0.5995752811431885,0.39078712463378906,-0.010340675711631775,0.6043321490287781,0.3900766968727112,-0.012597043998539448,0.6098147034645081,0.3900613784790039,-0.014439905993640423,0.615924596786499,0.390316903591156,-0.014808711595833302,0.6217131018638611,0.3890039920806885,-0.013725328259170055,0.6267457604408264,0.38799747824668884,-0.01132532861083746,0.6321845650672913,0.3893096446990967,-0.01074125338345766,0.6380339860916138,0.38785773515701294,-0.0031000415328890085,0.6847389340400696,0.29786500334739685,0.07675132155418396,0.538368284702301,0.30957043170928955,0.06939372420310974,0.6177658438682556,0.4340630769729614,-0.013043982908129692,0.5672086477279663,0.4003015160560608,0.006886846385896206,0.5620933771133423,0.3309067189693451,0.002928629983216524
ssirt0486.mp4,160,,,,,,,,,,,,,,,,,,,,,,,,,,,,,,,,,,,,,,,,,,,,,,,,,,,,,,,,,,,,,,,,0.6158921122550964,0.40313994884490967,-0.018235065042972565,0.6228941082954407,0.40179070830345154,-0.01741655543446541,0.6291182041168213,0.39852309226989746,-0.014585037715733051,0.6340618133544922,0.39432790875434875,-0.010782268829643726,0.637546718120575,0.391010582447052,-0.0053004673682153225,0.6402649879455566,0.3878111243247986,-0.0005136286490596831,0.608677864074707,0.40299880504608154,-0.0181563850492239,0.6021013855934143,0.4009314775466919,-0.016017822548747063,0.5965638160705566,0.39779531955718994,-0.01269397884607315,0.5926756262779236,0.3953462839126587,-0.007685251068323851,0.6159720420837402,0.38198840618133545,-0.020978091284632683,0.6231014728546143,0.3784489631652832,-0.019642043858766556,0.629378080368042,0.3809017241001129,-0.01553257741034031,0.63385409116745,0.3836960792541504,-0.010890009813010693,0.6374021768569946,0.3857780694961548,-0.005626071710139513,0.5966458916664124,0.3870411813259125,-0.012960598804056644,0.6085562705993652,0.37957581877708435,-0.020382672548294067,0.6016852855682373,0.3832176625728607,-0.017015686258673668,0.5966458916664124,0.3870411813259125,-0.012960598804056644,0.5927023887634277,0.39008817076683044,-0.00819449033588171,0.5897086262702942,0.39283624291419983,-0.0033559808507561684,0.5919210910797119,0.39226874709129333,-0.005324862897396088,0.5956965684890747,0.39127248525619507,-0.007858652621507645,0.59937983751297,0.39051249623298645,-0.01106549333781004,0.6097162961959839,0.3898199200630188,-0.015662213787436485,0.6158460974693298,0.38995465636253357,-0.016079215332865715,0.6217020153999329,0.3887993395328522,-0.014956600032746792,0.6268059611320496,0.3878703713417053,-0.012364904396235943,0.6345175504684448,0.38761231303215027,-0.005731916520744562,0.6381601095199585,0.3877492845058441,-0.002873549237847328,0.5993829965591431,0.3905140161514282,-0.010177808813750744,0.6041605472564697,0.38981005549430847,-0.012494389899075031,0.6096591353416443,0.3897448182106018,-0.014384045265614986,0.6157726645469666,0.38994652032852173,-0.014776093885302544,0.621624767780304,0.3887559175491333,-0.013697747141122818,0.626731276512146,0.3878862261772156,-0.011270483955740929,0.6322228908538818,0.38916513323783875,-0.010560082271695137,0.6381601095199585,0.3877492845058441,-0.002873549237847328,0.6844378113746643,0.2975536584854126,0.07681265473365784,0.5384354591369629,0.30971336364746094,0.06971095502376556,0.6178323030471802,0.4336731433868408,-0.01272608246654272,0.5671791434288025,0.4000154137611389,0.0072424025274813175,0.5619759559631348,0.33064112067222595,0.0030646570958197117
ssirt0486.mp4,161,,,,,,,,,,,,,,,,,,,,,,,,,,,,,,,,,,,,,,,,,,,,,,,,,,,,,,,,,,,,,,,,0.6157523393630981,0.40232405066490173,-0.018549282103776932,0.6227811574935913,0.40095993876457214,-0.01776154898107052,0.6290356516838074,0.39760616421699524,-0.01496424712240696,0.6340091228485107,0.3932870924472809,-0.011177192442119122,0.6375234127044678,0.3898746073246002,-0.005709891673177481,0.6402555704116821,0.3866145610809326,-0.0009055380360223353,0.6085829138755798,0.40217772126197815,-0.018455663695931435,0.6020658016204834,0.40003442764282227,-0.016314081847667694,0.5965513586997986,0.3968031406402588,-0.012989831157028675,0.592651903629303,0.3943069279193878,-0.007979745976626873,0.6157901287078857,0.380797803401947,-0.021218322217464447,0.6230007410049438,0.37700164318084717,-0.019885871559381485,0.6293976902961731,0.37935900688171387,-0.015809904783964157,0.6339166164398193,0.38221126794815063,-0.011213897727429867,0.6374610066413879,0.3844251334667206,-0.005991101264953613,0.5964419841766357,0.38564741611480713,-0.01318865455687046,0.6082919239997864,0.37816309928894043,-0.020592069253325462,0.6014087200164795,0.3817320764064789,-0.017223849892616272,0.5964419841766357,0.38564741611480713,-0.01318865455687046,0.5925711393356323,0.3888499438762665,-0.00844279769808054,0.5896662473678589,0.3917723000049591,-0.0036200792528688908,0.5918479561805725,0.39114898443222046,-0.005594927351921797,0.5956301093101501,0.3900544047355652,-0.008122959174215794,0.5992987155914307,0.3892062306404114,-0.011323253624141216,0.609586238861084,0.3885253667831421,-0.01592043973505497,0.6156828999519348,0.38871604204177856,-0.016356471925973892,0.6215794682502747,0.3874850273132324,-0.015257801860570908,0.6267423629760742,0.3864785134792328,-0.012687847949564457,0.6345307230949402,0.38630908727645874,-0.0061023542657494545,0.6381641626358032,0.38651323318481445,-0.003261249978095293,0.599258542060852,0.38920608162879944,-0.010443957522511482,0.6040142774581909,0.3885059356689453,-0.012758506461977959,0.6095154881477356,0.38855311274528503,-0.014655566774308681,0.6156285405158997,0.38883131742477417,-0.015064539387822151,0.6215431690216064,0.38754111528396606,-0.014006915502250195,0.6267229914665222,0.38653630018234253,-0.011599214747548103,0.6321901082992554,0.38789620995521545,-0.010926792398095131,0.6381641626358032,0.38651323318481445,-0.003261249978095293,0.684574544429779,0.2975720465183258,0.07697416096925735,0.5383733510971069,0.3101065456867218,0.07005265355110168,0.6178183555603027,0.4327440857887268,-0.013130433857440948,0.5672852396965027,0.3997098207473755,0.007037357427179813,0.5619752407073975,0.3302310109138489,0.003159522544592619
ssirt0486.mp4,162,,,,,,,,,,,,,,,,,,,,,,,,,,,,,,,,,,,,,,,,,,,,,,,,,,,,,,,,,,,,,,,,0.6157572269439697,0.401715487241745,-0.01879323460161686,0.6227045059204102,0.4003881514072418,-0.018004771322011948,0.6289008855819702,0.3971676826477051,-0.01520449761301279,0.6338437795639038,0.39303070306777954,-0.01139595452696085,0.6373555660247803,0.3897567093372345,-0.005881542805582285,0.6401097774505615,0.38661178946495056,-0.0010398237500339746,0.6085724234580994,0.4015941321849823,-0.018679440021514893,0.6020194888114929,0.3995724320411682,-0.016518257558345795,0.5964747667312622,0.39651215076446533,-0.013162687420845032,0.5925602912902832,0.3941347002983093,-0.00809429306536913,0.6159170866012573,0.3811248540878296,-0.021197881549596786,0.6230583190917969,0.3774586319923401,-0.01988295279443264,0.6292908191680908,0.37973645329475403,-0.015827948227524757,0.6337504982948303,0.38246580958366394,-0.011270440183579922,0.6372792720794678,0.38454824686050415,-0.0060820505023002625,0.5965245366096497,0.3859148919582367,-0.013192927464842796,0.6084720492362976,0.37860727310180664,-0.020569579675793648,0.6015915870666504,0.382137656211853,-0.017203470692038536,0.5965245366096497,0.3859148919582367,-0.013192927464842796,0.5925546884536743,0.3889569342136383,-0.00847069825977087,0.589550793170929,0.3917105197906494,-0.003691895166411996,0.591733992099762,0.39110714197158813,-0.005674734711647034,0.5955065488815308,0.3900342583656311,-0.008233216591179371,0.5992200970649719,0.3891952633857727,-0.011451722122728825,0.6096062660217285,0.3884434700012207,-0.016066374257206917,0.615744948387146,0.38862088322639465,-0.01651153713464737,0.6215881109237671,0.38741931319236755,-0.015422538854181767,0.6266935467720032,0.38645434379577637,-0.012855658307671547,0.6344162821769714,0.3862951397895813,-0.006263813003897667,0.6380399465560913,0.3865048587322235,-0.0033972770906984806,0.5991966128349304,0.38919392228126526,-0.010454309172928333,0.6039979457855225,0.38843756914138794,-0.012747857719659805,0.6095245480537415,0.3884022831916809,-0.014637964777648449,0.6156604886054993,0.3886553943157196,-0.015053295530378819,0.6215159296989441,0.38739699125289917,-0.014007707126438618,0.6266335844993591,0.3864682912826538,-0.011621993966400623,0.6320768594741821,0.3878149092197418,-0.011115606874227524,0.6380399465560913,0.3865048587322235,-0.0033972770906984806,0.6846531629562378,0.29738038778305054,0.07691463828086853,0.538297176361084,0.3095347285270691,0.07009176164865494,0.6174745559692383,0.4325171113014221,-0.01342963520437479,0.5669088363647461,0.3994695246219635,0.006959168706089258,0.5617309212684631,0.32998573780059814,0.0032269437797367573
ssirt0486.mp4,163,,,,,,,,,,,,,,,,,,,,,,,,,,,,,,,,,,,,,,,,,,,,,,,,,,,,,,,,,,,,,,,,0.6158631443977356,0.40115293860435486,-0.018632201477885246,0.6229069232940674,0.3998074531555176,-0.017814792692661285,0.629206657409668,0.39643925428390503,-0.014942249283194542,0.6342441439628601,0.392080157995224,-0.011100498028099537,0.6378243565559387,0.3886301815509796,-0.00557353813201189,0.6406243443489075,0.3853292465209961,-0.0007480968488380313,0.6087011694908142,0.40098336338996887,-0.01853288523852825,0.6021819114685059,0.3987671732902527,-0.01634545624256134,0.5966499447822571,0.3954360783100128,-0.012981971725821495,0.5927211046218872,0.39285945892333984,-0.00792492926120758,0.6159000992774963,0.3796800971031189,-0.021172072738409042,0.6231348514556885,0.3759191036224365,-0.019835615530610085,0.6295769810676575,0.37821832299232483,-0.015734100714325905,0.6341561079025269,0.3810112476348877,-0.011097416281700134,0.6377744674682617,0.38317015767097473,-0.005841238424181938,0.5965263843536377,0.38429737091064453,-0.013147741556167603,0.608398973941803,0.3770490884780884,-0.020566241815686226,0.6015211939811707,0.3804909288883209,-0.017202813178300858,0.5965263843536377,0.38429737091064453,-0.013147741556167603,0.592621922492981,0.38741427659988403,-0.008379248902201653,0.5896960496902466,0.39027905464172363,-0.003559491131454706,0.591923177242279,0.3896633982658386,-0.005523445550352335,0.595708966255188,0.38859331607818604,-0.008065054193139076,0.5993822813034058,0.3877691924571991,-0.01129200216382742,0.6096997261047363,0.38717031478881836,-0.015926595777273178,0.615791380405426,0.38737934827804565,-0.016363028436899185,0.6217103600502014,0.3861883878707886,-0.015242813155055046,0.6269199848175049,0.3852240741252899,-0.012638658285140991,0.6348055005073547,0.38506239652633667,-0.00597131485119462,0.6384780406951904,0.38524365425109863,-0.003105360781773925,0.599315881729126,0.3878135681152344,-0.010392597876489162,0.6040769815444946,0.3871658742427826,-0.012723486870527267,0.609600841999054,0.38724538683891296,-0.01463109441101551,0.6157282590866089,0.3875419795513153,-0.015035761520266533,0.6216855645179749,0.3862840235233307,-0.013957963325083256,0.6269181370735168,0.38530728220939636,-0.011520572006702423,0.6324120163917542,0.3866531252861023,-0.010851060040295124,0.6384780406951904,0.38524365425109863,-0.003105360781773925,0.6844974756240845,0.2962079644203186,0.07701396197080612,0.5383197069168091,0.3092394471168518,0.069889135658741,0.6181070804595947,0.4313231110572815,-0.013274328783154488,0.5672495365142822,0.39858585596084595,0.006984717678278685,0.5620095133781433,0.3290218710899353,0.003081053029745817
ssirt0486.mp4,164,,,,,,,,,,,,,,,,,,,,,,,,,,,,,,,,,,,,,,,,,,,,,,,,,,,,,,,,,,,,,,,,0.6158801913261414,0.4003784954547882,-0.018824059516191483,0.6229339838027954,0.39906519651412964,-0.017994919791817665,0.6292624473571777,0.39587491750717163,-0.0151313915848732,0.6343463659286499,0.3917555809020996,-0.011282932944595814,0.6379809379577637,0.38848358392715454,-0.00572475790977478,0.6408212184906006,0.385320246219635,-0.000859946827404201,0.6087208390235901,0.40026748180389404,-0.018730735406279564,0.6021970510482788,0.39827775955200195,-0.016566133126616478,0.5966699719429016,0.39524638652801514,-0.013199172914028168,0.5927537679672241,0.39289194345474243,-0.008114490658044815,0.6158195734024048,0.3799186944961548,-0.02116483449935913,0.6230766773223877,0.37628334760665894,-0.01982330158352852,0.6295652389526367,0.37849754095077515,-0.015727637335658073,0.6342183351516724,0.38118457794189453,-0.01112839300185442,0.6379069089889526,0.38325661420822144,-0.005910709034651518,0.5965093374252319,0.3845958709716797,-0.013218811713159084,0.6083217859268188,0.37744101881980896,-0.020571215078234673,0.6014785766601562,0.3808436095714569,-0.01722881756722927,0.5965093374252319,0.3845958709716797,-0.013218811713159084,0.5926353335380554,0.38766899704933167,-0.008490331470966339,0.5897483229637146,0.390469491481781,-0.0037195361219346523,0.5919387936592102,0.3898394703865051,-0.005687093362212181,0.5956933498382568,0.3887566328048706,-0.008249261416494846,0.5993593335151672,0.3879188895225525,-0.011472486890852451,0.6096641421318054,0.3871980309486389,-0.016082562506198883,0.6157760620117188,0.387347549200058,-0.016504887491464615,0.6217305064201355,0.3861578702926636,-0.0153805585578084,0.6269881129264832,0.38518884778022766,-0.01277709100395441,0.6349852681159973,0.38501623272895813,-0.006117726676166058,0.638704240322113,0.38521915674209595,-0.003227958222851157,0.5993182063102722,0.3879258930683136,-0.010459099896252155,0.604070246219635,0.3872031271457672,-0.01274946890771389,0.6095830202102661,0.3871974050998688,-0.014628374949097633,0.6157142519950867,0.3874366879463196,-0.015018384903669357,0.6216952800750732,0.38618823885917664,-0.013938957825303078,0.6269683837890625,0.3852447271347046,-0.011520038358867168,0.6325263381004333,0.38653069734573364,-0.011008493602275848,0.638704240322113,0.38521915674209595,-0.003227958222851157,0.6844215393066406,0.2961789667606354,0.07701818645000458,0.5382515788078308,0.3087317645549774,0.06978420913219452,0.6180084347724915,0.43147212266921997,-0.013503074645996094,0.5671032071113586,0.39855360984802246,0.006831876002252102,0.5618937015533447,0.32894366979599,0.003076043678447604
ssirt0486.mp4,165,,,,,,,,,,,,,,,,,,,,,,,,,,,,,,,,,,,,,,,,,,,,,,,,,,,,,,,,,,,,,,,,0.616104245185852,0.39996373653411865,-0.018907109275460243,0.6231054067611694,0.39862215518951416,-0.01809975877404213,0.6293894052505493,0.39545607566833496,-0.015264907851815224,0.6344438195228577,0.3913561701774597,-0.011437654495239258,0.6380455493927002,0.38807934522628784,-0.005907482001930475,0.640830934047699,0.3848894238471985,-0.001049657934345305,0.6089448928833008,0.3999180197715759,-0.018812350928783417,0.6024209856987,0.3980363607406616,-0.016650475561618805,0.5968838930130005,0.39510488510131836,-0.013295180164277554,0.5929720401763916,0.3928186893463135,-0.008237099274992943,0.6161224842071533,0.37945085763931274,-0.02135099656879902,0.6233371496200562,0.375652551651001,-0.02000514417886734,0.629747211933136,0.3778858482837677,-0.015917140990495682,0.6343395709991455,0.38062429428100586,-0.011323843151330948,0.6379693150520325,0.38275155425071716,-0.006107296794652939,0.5967874526977539,0.3843802213668823,-0.013353283517062664,0.6086367964744568,0.37694138288497925,-0.020731765776872635,0.6017880439758301,0.3805067539215088,-0.01737295277416706,0.5967874526977539,0.3843802213668823,-0.013353283517062664,0.5928903222084045,0.38754725456237793,-0.008625630289316177,0.5899652242660522,0.3904273509979248,-0.0038363002240657806,0.5921391248703003,0.38978201150894165,-0.005810863804072142,0.5958797335624695,0.38863515853881836,-0.008361282758414745,0.5995666980743408,0.38771677017211914,-0.011577227152884007,0.6099141240119934,0.38681840896606445,-0.016190702095627785,0.6160505414009094,0.38694214820861816,-0.016624383628368378,0.6219673752784729,0.3857137858867645,-0.015513025224208832,0.6271812915802002,0.38474419713020325,-0.012922129593789577,0.635108470916748,0.3845977783203125,-0.006288174074143171,0.638756513595581,0.3847848176956177,-0.003415928455069661,0.5995246767997742,0.3877248167991638,-0.010608768090605736,0.6042981743812561,0.38693079352378845,-0.012911620549857616,0.6098193526268005,0.38687965273857117,-0.014800364151597023,0.6159653067588806,0.3870880901813507,-0.01520298421382904,0.621907114982605,0.38577356934547424,-0.014134042896330357,0.6271361112594604,0.38478073477745056,-0.011719457805156708,0.6326675415039062,0.3861169219017029,-0.011159921996295452,0.638756513595581,0.3847848176956177,-0.003415928455069661,0.6844936013221741,0.29578113555908203,0.07718834280967712,0.5382845401763916,0.3089929223060608,0.07005245983600616,0.6183362603187561,0.4312053322792053,-0.013593407347798347,0.5673421621322632,0.39854931831359863,0.006797914393246174,0.562021791934967,0.3287681043148041,0.003159651765599847
ssirt0486.mp4,166,,,,,,,,,,,,,,,,,,,,,,,,,,,,,,,,,,,,,,,,,,,,,,,,,,,,,,,,,,,,,,,,0.6165511608123779,0.400693416595459,-0.01846415176987648,0.6234384179115295,0.39940518140792847,-0.017681831493973732,0.629608690738678,0.3962589502334595,-0.014886781573295593,0.6345123648643494,0.39208608865737915,-0.01109227817505598,0.6379767060279846,0.3887094259262085,-0.005600788164883852,0.6406408548355103,0.38545846939086914,-0.0007886860403232276,0.6093663573265076,0.4005905091762543,-0.018349701538681984,0.6027738451957703,0.3986535370349884,-0.01617995649576187,0.597152054309845,0.39572691917419434,-0.01282555889338255,0.5931780338287354,0.39347538352012634,-0.007769869174808264,0.6162985563278198,0.3806205093860626,-0.021094614639878273,0.6234615445137024,0.37699198722839355,-0.01978619582951069,0.6297507882118225,0.37899190187454224,-0.01571199856698513,0.6342527270317078,0.3815123736858368,-0.011116192676126957,0.6378040909767151,0.3834468126296997,-0.005887072999030352,0.5969358086585999,0.3852272927761078,-0.013000691309571266,0.6087687611579895,0.3781932592391968,-0.020464176312088966,0.6019399762153625,0.3815343976020813,-0.017061151564121246,0.5969358086585999,0.3852272927761078,-0.013000691309571266,0.5930308699607849,0.38829460740089417,-0.008229400031268597,0.5901219248771667,0.3911159634590149,-0.003386429278180003,0.5922381281852722,0.3904482126235962,-0.00538024865090847,0.5959388017654419,0.3893052637577057,-0.007942636497318745,0.5996516346931458,0.38838040828704834,-0.011175617575645447,0.6100888848304749,0.38751333951950073,-0.01581628806889057,0.6162646412849426,0.3876662254333496,-0.01626703515648842,0.6220943927764893,0.3864191472530365,-0.015179865062236786,0.6272270679473877,0.38536888360977173,-0.012613307684659958,0.6349847316741943,0.3851017951965332,-0.00601290725171566,0.6385897994041443,0.3853086531162262,-0.0031494724098592997,0.5995943546295166,0.38834238052368164,-0.01022416539490223,0.604408323764801,0.38754802942276,-0.012542124837636948,0.609984815120697,0.3875247538089752,-0.01444730069488287,0.6161926984786987,0.38777726888656616,-0.014869789592921734,0.6220563650131226,0.38644957542419434,-0.013826977461576462,0.6272037029266357,0.385388046503067,-0.011436007916927338,0.6326649785041809,0.38671761751174927,-0.010846764780580997,0.6385897994041443,0.3853086531162262,-0.0031494724098592997,0.6846771836280823,0.2953792214393616,0.07700138539075851,0.5379517078399658,0.3075805902481079,0.07022593915462494,0.6174958348274231,0.4319932758808136,-0.012950807809829712,0.5668967962265015,0.39828360080718994,0.007308706175535917,0.5616012215614319,0.3287789821624756,0.003233578521758318
ssirt0486.mp4,167,,,,,,,,,,,,,,,,,,,,,,,,,,,,,,,,,,,,,,,,,,,,,,,,,,,,,,,,,,,,,,,,0.6166256070137024,0.4002513587474823,-0.018480442464351654,0.6235398054122925,0.3989696502685547,-0.0177006758749485,0.6297316551208496,0.39592689275741577,-0.014884871430695057,0.6346461772918701,0.3919241428375244,-0.011075633578002453,0.6381212472915649,0.3886997103691101,-0.0055722338147461414,0.6408032774925232,0.38554632663726807,-0.0007579048397019506,0.6093887090682983,0.4001994729042053,-0.018356245011091232,0.6027230620384216,0.39840441942214966,-0.016158103942871094,0.5970178842544556,0.39563804864883423,-0.012782570905983448,0.5929664373397827,0.3935011625289917,-0.007707897573709488,0.6164608001708984,0.380682110786438,-0.021144064143300056,0.6236209869384766,0.37707599997520447,-0.019838102161884308,0.6298747658729553,0.3791034519672394,-0.015752580016851425,0.6343749761581421,0.38163119554519653,-0.011132795363664627,0.6379328966140747,0.3835729658603668,-0.005879453383386135,0.5968855619430542,0.38541513681411743,-0.01298496313393116,0.6089097261428833,0.3783114552497864,-0.02050413377583027,0.6019960045814514,0.3817090690135956,-0.017077019438147545,0.5968855619430542,0.38541513681411743,-0.01298496313393116,0.5928748846054077,0.38845333456993103,-0.008182968012988567,0.5898656249046326,0.3912110924720764,-0.0033137211576104164,0.5919939875602722,0.3905540704727173,-0.005313968285918236,0.5957473516464233,0.38941070437431335,-0.007886214181780815,0.5995364785194397,0.3884906470775604,-0.011140777729451656,0.6101409792900085,0.3875383138656616,-0.015820937231183052,0.6163836717605591,0.38764116168022156,-0.016283761709928513,0.6222384572029114,0.3864229619503021,-0.015197944827377796,0.627385139465332,0.3854276239871979,-0.012620164081454277,0.6351547837257385,0.38520464301109314,-0.005987589713186026,0.6387578845024109,0.3854110836982727,-0.003117905231192708,0.5995011925697327,0.388480544090271,-0.010200980119407177,0.6044058203697205,0.38765233755111694,-0.012542896904051304,0.610052227973938,0.3875665068626404,-0.014468619599938393,0.6163081526756287,0.3877684473991394,-0.01490227784961462,0.6221799254417419,0.386468768119812,-0.013860131613910198,0.6273327469825745,0.3854708671569824,-0.011456498876214027,0.6328287124633789,0.3867349624633789,-0.010839411988854408,0.6387578845024109,0.3854110836982727,-0.003117905231192708,0.6847437620162964,0.29553183913230896,0.07706321030855179,0.5381171107292175,0.30803877115249634,0.0705007016658783,0.6176938414573669,0.4321497678756714,-0.012951897457242012,0.566960871219635,0.3985055685043335,0.007421360816806555,0.5616171360015869,0.32886114716529846,0.003318770555779338
ssirt0486.mp4,168,,,,,,,,,,,,,,,,,,,,,,,,,,,,,,,,,,,,,,,,,,,,,,,,,,,,,,,,,,,,,,,,0.6155726909637451,0.4037993550300598,-0.018733566626906395,0.6225787401199341,0.4023679494857788,-0.017978375777602196,0.6287899017333984,0.39885929226875305,-0.015212410129606724,0.6336976289749146,0.3943358361721039,-0.011431476101279259,0.6371352076530457,0.3907627463340759,-0.005946747492998838,0.6397666931152344,0.38747096061706543,-0.0011223762994632125,0.60834801197052,0.40365469455718994,-0.018584122881293297,0.6018094420433044,0.4014638662338257,-0.016385076567530632,0.5963858962059021,0.3982265591621399,-0.01300335954874754,0.5926634669303894,0.39576730132102966,-0.0079048378393054,0.6154352426528931,0.38173413276672363,-0.02125546708703041,0.6225862503051758,0.3781813085079193,-0.01997826062142849,0.628900945186615,0.38053590059280396,-0.015945713967084885,0.6334003806114197,0.38329946994781494,-0.011384258046746254,0.6369563341140747,0.3853622078895569,-0.006190766114741564,0.5964434146881104,0.3869967758655548,-0.013070066459476948,0.6080448031425476,0.3793625831604004,-0.02058371715247631,0.601329505443573,0.3830236792564392,-0.017144957557320595,0.5964434146881104,0.3869967758655548,-0.013070066459476948,0.5926613807678223,0.3902910053730011,-0.008294546976685524,0.5898628830909729,0.3933340311050415,-0.003467981005087495,0.592052698135376,0.3926091492176056,-0.0054897707886993885,0.595669686794281,0.39132386445999146,-0.00807457696646452,0.5992239117622375,0.3903810679912567,-0.011319160461425781,0.6093229055404663,0.3895353674888611,-0.015993062406778336,0.6153835654258728,0.38966843485832214,-0.016477461904287338,0.6212082505226135,0.38839274644851685,-0.015421652235090733,0.6263019442558289,0.3873206377029419,-0.012882605195045471,0.6339983940124512,0.3870258331298828,-0.006331184878945351,0.6376329660415649,0.38731878995895386,-0.003470823634415865,0.5992497801780701,0.3902997076511383,-0.010318491607904434,0.6038768291473389,0.38938918709754944,-0.012639292515814304,0.609279215335846,0.3892320990562439,-0.014560536481440067,0.6153345704078674,0.3894294500350952,-0.015015658922493458,0.6211755275726318,0.38814160227775574,-0.014006990008056164,0.6262862682342529,0.3872094750404358,-0.011649521067738533,0.6317434310913086,0.38872379064559937,-0.011143216863274574,0.6376329660415649,0.38731878995895386,-0.003470823634415865,0.6846708059310913,0.2966398596763611,0.0767308697104454,0.5378413200378418,0.3084251880645752,0.07078321278095245,0.616752564907074,0.43361592292785645,-0.013255300931632519,0.5662364959716797,0.39960339665412903,0.00733909523114562,0.5610433220863342,0.330032080411911,0.003466857597231865
ssirt0486.mp4,169,,,,,,,,,,,,,,,,,,,,,,,,,,,,,,,,,,,,,,,,,,,,,,,,,,,,,,,,,,,,,,,,0.6153761148452759,0.40511655807495117,-0.018366746604442596,0.6222885847091675,0.40375232696533203,-0.0176562312990427,0.6284608840942383,0.40037816762924194,-0.014960411004722118,0.6333950161933899,0.3960348963737488,-0.011238375678658485,0.6369100213050842,0.39260557293891907,-0.005824344232678413,0.6396241188049316,0.38935932517051697,-0.0010454702423885465,0.6082737445831299,0.4049292802810669,-0.018208365887403488,0.6018408536911011,0.40275388956069946,-0.016032608225941658,0.5964681506156921,0.39956244826316833,-0.012681751511991024,0.592728853225708,0.39712846279144287,-0.007618965581059456,0.6151911616325378,0.38415125012397766,-0.02110135555267334,0.6223067045211792,0.38062307238578796,-0.019849786534905434,0.6286041736602783,0.3828490078449249,-0.015840226784348488,0.6331499218940735,0.385457307100296,-0.011304659768939018,0.6367709040641785,0.38738492131233215,-0.006128445267677307,0.5964362621307373,0.3888016939163208,-0.012840598821640015,0.6078409552574158,0.38170933723449707,-0.020401889458298683,0.6012507677078247,0.38510698080062866,-0.016928138211369514,0.5964362621307373,0.3888016939163208,-0.012840598821640015,0.592677652835846,0.3918512463569641,-0.008052952587604523,0.5898731350898743,0.3946564793586731,-0.0031858894508332014,0.5919791460037231,0.3940075635910034,-0.005232641939073801,0.5955608487129211,0.39287805557250977,-0.007823826745152473,0.5990846157073975,0.3920399844646454,-0.011066064238548279,0.6091130971908569,0.39142298698425293,-0.015737075358629227,0.6151485443115234,0.3916304111480713,-0.01624162122607231,0.6209883689880371,0.3903655707836151,-0.015219413675367832,0.6261203289031982,0.3892807364463806,-0.012717845849692822,0.6338908672332764,0.38896793127059937,-0.006229567341506481,0.6375401616096497,0.3892175555229187,-0.00338411214761436,0.599111795425415,0.3919888734817505,-0.01006065309047699,0.6037176847457886,0.39121031761169434,-0.012377950362861156,0.6090901494026184,0.39117756485939026,-0.014301910065114498,0.6151277422904968,0.3914632201194763,-0.014777418226003647,0.6209904551506042,0.3901873528957367,-0.013801011256873608,0.6261348724365234,0.389230877161026,-0.011479193344712257,0.6315472722053528,0.3905903697013855,-0.01098201610147953,0.6375401616096497,0.3892175555229187,-0.00338411214761436,0.6845933794975281,0.2974110543727875,0.07649680972099304,0.5377674102783203,0.3087131977081299,0.0710969939827919,0.6162467002868652,0.43488508462905884,-0.012762862257659435,0.5660411715507507,0.40067705512046814,0.007760653737932444,0.5609148740768433,0.3312469720840454,0.0036374398041516542
ssirt0486.mp4,170,,,,,,,,,,,,,,,,,,,,,,,,,,,,,,,,,,,,,,,,,,,,,,,,,,,,,,,,,,,,,,,,0.6154385209083557,0.4060632884502411,-0.018070843070745468,0.6223267316818237,0.404658704996109,-0.017368972301483154,0.628451943397522,0.4011412262916565,-0.01470752153545618,0.6332935094833374,0.39663293957710266,-0.01101638376712799,0.6367184519767761,0.39309799671173096,-0.005642915144562721,0.639377236366272,0.38977324962615967,-0.000880480685736984,0.6083583235740662,0.4058306813240051,-0.017930833622813225,0.6019332408905029,0.40352553129196167,-0.015799131244421005,0.5965697765350342,0.4001920223236084,-0.012493092566728592,0.5928319096565247,0.39768487215042114,-0.007487757597118616,0.6151896119117737,0.384561687707901,-0.020988518372178078,0.6222513914108276,0.3810943067073822,-0.019732221961021423,0.6285172700881958,0.38333696126937866,-0.0157126784324646,0.6330146193504333,0.38594216108322144,-0.011175831779837608,0.6365674734115601,0.38784998655319214,-0.005990786012262106,0.5964965224266052,0.3893042802810669,-0.012748442590236664,0.6078699827194214,0.38216909766197205,-0.020292917266488075,0.6012870669364929,0.3855855464935303,-0.016822021454572678,0.5964965224266052,0.3893042802810669,-0.012748442590236664,0.592762291431427,0.3923618197441101,-0.007974321953952312,0.5899863839149475,0.39515721797943115,-0.0030929234344512224,0.592078685760498,0.39453446865081787,-0.0051356214098632336,0.5956317186355591,0.39343905448913574,-0.007712104357779026,0.5991349816322327,0.3926639258861542,-0.010934006422758102,0.609134316444397,0.3921613395214081,-0.015569629147648811,0.6151489019393921,0.3923659324645996,-0.01606549322605133,0.6209597587585449,0.3910840153694153,-0.01504431664943695,0.6260485649108887,0.3899374008178711,-0.012551643885672092,0.6336901783943176,0.38946428894996643,-0.006077440921217203,0.6373031139373779,0.38967329263687134,-0.003232881659641862,0.5991984605789185,0.39261364936828613,-0.009940726682543755,0.6037939786911011,0.39186716079711914,-0.012244037352502346,0.6091535091400146,0.3918401598930359,-0.014154509641230106,0.6151581406593323,0.39211350679397583,-0.014621692709624767,0.6209741234779358,0.3908485174179077,-0.013644825667142868,0.6260665655136108,0.3898838460445404,-0.011329411529004574,0.6314312815666199,0.3911536931991577,-0.01080156210809946,0.6373031139373779,0.38967329263687134,-0.003232881659641862,0.6845788955688477,0.2973636984825134,0.07652748376131058,0.5378169417381287,0.3090030252933502,0.07095827162265778,0.6162013411521912,0.43554815649986267,-0.01233838964253664,0.566185712814331,0.4012255072593689,0.007888853549957275,0.5610547661781311,0.33179205656051636,0.00356180383823812
ssirt0486.mp4,171,,,,,,,,,,,,,,,,,,,,,,,,,,,,,,,,,,,,,,,,,,,,,,,,,,,,,,,,,,,,,,,,0.6155554056167603,0.4059610068798065,-0.01794678531587124,0.6224329471588135,0.404559850692749,-0.017229286953806877,0.6285443902015686,0.4010370969772339,-0.014524738304316998,0.6333702206611633,0.39651545882225037,-0.010804501362144947,0.636776328086853,0.3929753005504608,-0.005403372459113598,0.6394339799880981,0.38966017961502075,-0.0006460068398155272,0.6084716320037842,0.40571627020835876,-0.017803294584155083,0.602043092250824,0.4033910036087036,-0.015639010816812515,0.5966781377792358,0.4000312089920044,-0.012314820662140846,0.5929304361343384,0.3975044786930084,-0.007298311684280634,0.6153945922851562,0.384667307138443,-0.020876795053482056,0.6224688291549683,0.3811330199241638,-0.01961962692439556,0.6286775469779968,0.38332399725914,-0.015579366125166416,0.6331138014793396,0.3858936131000519,-0.011005626060068607,0.6366171836853027,0.38776636123657227,-0.0057830652222037315,0.5966448187828064,0.3892582952976227,-0.012625427916646004,0.6080532073974609,0.38221943378448486,-0.020197669044137,0.6014546155929565,0.38559553027153015,-0.016724368557333946,0.5966448187828064,0.3892582952976227,-0.012625427916646004,0.5928979516029358,0.3922433853149414,-0.007825474254786968,0.590074896812439,0.3949776291847229,-0.0029212860390543938,0.5921912789344788,0.39438045024871826,-0.004952758084982634,0.5957691669464111,0.39330580830574036,-0.007530681323260069,0.5992853045463562,0.3925474286079407,-0.010770323686301708,0.6093004941940308,0.39211171865463257,-0.015435023233294487,0.615318238735199,0.3923390209674835,-0.015930067747831345,0.6211106181144714,0.3910433053970337,-0.014896742068231106,0.6261672377586365,0.3898729681968689,-0.012380832806229591,0.6337438821792603,0.38937658071517944,-0.0058523560874164104,0.6373417377471924,0.3895784318447113,-0.0030000649858266115,0.5993335247039795,0.3924989104270935,-0.009805689565837383,0.6039350628852844,0.3917858600616455,-0.012131082825362682,0.6093026995658875,0.39179420471191406,-0.014054527506232262,0.6153150796890259,0.39208436012268066,-0.014519136399030685,0.6211140751838684,0.39079785346984863,-0.01352968905121088,0.626178503036499,0.38979822397232056,-0.011190004646778107,0.6315158605575562,0.3910680115222931,-0.010608555749058723,0.6373417377471924,0.3895784318447113,-0.0030000649858266115,0.6845235228538513,0.29729869961738586,0.07660800963640213,0.5378808379173279,0.3091534674167633,0.07080061733722687,0.616416335105896,0.435810387134552,-0.012185771018266678,0.5663440823554993,0.4013137221336365,0.007984998635947704,0.561156153678894,0.33185288310050964,0.003496800782158971
ssirt0486.mp4,172,,,,,,,,,,,,,,,,,,,,,,,,,,,,,,,,,,,,,,,,,,,,,,,,,,,,,,,,,,,,,,,,0.6155897974967957,0.4064822196960449,-0.01759379915893078,0.6225801110267639,0.40521708130836487,-0.016856815665960312,0.628853440284729,0.40222597122192383,-0.01415302138775587,0.6338635683059692,0.3983040153980255,-0.010451109148561954,0.6374370455741882,0.39512595534324646,-0.005086266901344061,0.6401900053024292,0.391988068819046,-0.00036565796472132206,0.608478307723999,0.40633347630500793,-0.017473027110099792,0.6020722985267639,0.4044833481311798,-0.015354389324784279,0.5967126488685608,0.40172380208969116,-0.012067422270774841,0.5929569602012634,0.399606853723526,-0.007097980007529259,0.6153435707092285,0.387500524520874,-0.020744865760207176,0.6225348711013794,0.38402059674263,-0.019475512206554413,0.6289695501327515,0.38592737913131714,-0.01540837250649929,0.6336296796798706,0.3882863521575928,-0.010791538283228874,0.6373084187507629,0.3901023268699646,-0.005536425858736038,0.5965397357940674,0.391818106174469,-0.012510230764746666,0.6079310774803162,0.38522467017173767,-0.02008848451077938,0.601325273513794,0.38836339116096497,-0.01662426069378853,0.5965397357940674,0.391818106174469,-0.012510230764746666,0.5928317308425903,0.3946917653083801,-0.007695221342146397,0.590096116065979,0.39732983708381653,-0.0027671505231410265,0.5921669006347656,0.39674705266952515,-0.00479554058983922,0.5957481861114502,0.39566463232040405,-0.007353729102760553,0.5992500185966492,0.39486902952194214,-0.01056803297251463,0.6092617511749268,0.39419203996658325,-0.015191224403679371,0.6153437495231628,0.39433175325393677,-0.01566532626748085,0.62128084897995,0.39312559366226196,-0.014612098224461079,0.6265085339546204,0.3921172618865967,-0.012090850621461868,0.6344001889228821,0.3917967677116394,-0.00556538812816143,0.6381115913391113,0.3919493556022644,-0.002723320620134473,0.5993056893348694,0.39483529329299927,-0.009664555080235004,0.6038908362388611,0.3940809667110443,-0.011985298246145248,0.6092677712440491,0.39403852820396423,-0.013892622664570808,0.6153520345687866,0.3942755162715912,-0.014337927103042603,0.6213078498840332,0.39301440119743347,-0.013332759030163288,0.6265366673469543,0.3920748233795166,-0.0109796691685915,0.6320117712020874,0.3932857811450958,-0.010280990041792393,0.6381115913391113,0.3919493556022644,-0.002723320620134473,0.6843417286872864,0.2977678179740906,0.0765720009803772,0.5377900004386902,0.3093814551830292,0.07052771002054214,0.6165058016777039,0.43748921155929565,-0.011701682582497597,0.5662789344787598,0.402417927980423,0.008126233704388142,0.5610238909721375,0.33311784267425537,0.003343904623761773
ssirt0486.mp4,173,,,,,,,,,,,,,,,,,,,,,,,,,,,,,,,,,,,,,,,,,,,,,,,,,,,,,,,,,,,,,,,,0.6160514950752258,0.40721938014030457,-0.01765078492462635,0.6229050159454346,0.40593284368515015,-0.016931723803281784,0.6290249228477478,0.4028443694114685,-0.014246277511119843,0.6338680982589722,0.39885014295578003,-0.010552662424743176,0.6373081207275391,0.39565521478652954,-0.005193339195102453,0.6399737596511841,0.3925093412399292,-0.0004670440102927387,0.6089547276496887,0.4070762097835541,-0.017514491453766823,0.6024869084358215,0.405158132314682,-0.01539112813770771,0.5970189571380615,0.402340829372406,-0.012100699357688427,0.5931520462036133,0.4001995325088501,-0.007121487520635128,0.6158123016357422,0.3878081440925598,-0.020717104896903038,0.622859537601471,0.3843953013420105,-0.019466577097773552,0.6291018128395081,0.3863975405693054,-0.015423025004565716,0.6336096525192261,0.38881611824035645,-0.010842694900929928,0.6371714472770691,0.39063534140586853,-0.005617357790470123,0.5968942046165466,0.3923582136631012,-0.01247327122837305,0.6084327697753906,0.38556963205337524,-0.020041894167661667,0.6017822623252869,0.3888357877731323,-0.01656627282500267,0.5968942046165466,0.3923582136631012,-0.01247327122837305,0.5930546522140503,0.39525458216667175,-0.007681984454393387,0.5902098417282104,0.39789751172065735,-0.002779948292300105,0.5922670364379883,0.3973047137260437,-0.0048132347874343395,0.5958495736122131,0.39621075987815857,-0.0073851728811860085,0.5994235277175903,0.3953895568847656,-0.010609063319861889,0.6096043586730957,0.3946830928325653,-0.015248619019985199,0.6157149076461792,0.3948116600513458,-0.01573784276843071,0.6215503215789795,0.3935999274253845,-0.014706078916788101,0.6266547441482544,0.39257514476776123,-0.012197326868772507,0.634290337562561,0.39224088191986084,-0.005676846951246262,0.63790363073349,0.39243435859680176,-0.002824013587087393,0.59951251745224,0.39534062147140503,-0.009631517343223095,0.6041996479034424,0.39453619718551636,-0.011940005235373974,0.6096474528312683,0.3944377303123474,-0.013847476802766323,0.615753173828125,0.39464715123176575,-0.014305573888123035,0.6215847730636597,0.39341607689857483,-0.013321585953235626,0.6266815066337585,0.39250990748405457,-0.010991839691996574,0.6320249438285828,0.3937428295612335,-0.010395823046565056,0.63790363073349,0.39243435859680176,-0.002824013587087393,0.6842447519302368,0.29745739698410034,0.0763479545712471,0.5378473997116089,0.30992716550827026,0.07054968923330307,0.6164973974227905,0.43767741322517395,-0.011765415780246258,0.566437840461731,0.4030943512916565,0.00814033206552267,0.5611254572868347,0.3337554335594177,0.0034347332548350096
ssirt0486.mp4,174,,,,,,,,,,,,,,,,,,,,,,,,,,,,,,,,,,,,,,,,,,,,,,,,,,,,,,,,,,,,,,,,0.6161693930625916,0.40721723437309265,-0.017675720155239105,0.6230108737945557,0.40593117475509644,-0.016956781968474388,0.6291098594665527,0.40283888578414917,-0.014271080493927002,0.6339232921600342,0.3988427519798279,-0.010577589273452759,0.6373351216316223,0.39565736055374146,-0.005219235084950924,0.6399786472320557,0.39252960681915283,-0.0004937602789141238,0.6090603470802307,0.4070700705051422,-0.017540089786052704,0.602577269077301,0.405143141746521,-0.01541641540825367,0.5971034169197083,0.4023229777812958,-0.012124799191951752,0.593234658241272,0.40019285678863525,-0.00714483205229044,0.6159219741821289,0.38767024874687195,-0.0207406897097826,0.6229437589645386,0.38428235054016113,-0.019490428268909454,0.629160463809967,0.38634395599365234,-0.015448115766048431,0.633643627166748,0.3888031542301178,-0.010868131183087826,0.6371864080429077,0.39064499735832214,-0.005643215496093035,0.596990168094635,0.39233076572418213,-0.012493709102272987,0.6085476875305176,0.38544607162475586,-0.02006327547132969,0.6018861532211304,0.3887696862220764,-0.016586966812610626,0.596990168094635,0.39233076572418213,-0.012493709102272987,0.5931434035301208,0.3952513337135315,-0.007702785078436136,0.5902926325798035,0.39790862798690796,-0.002800897229462862,0.5923520922660828,0.39730870723724365,-0.0048344312235713005,0.595939040184021,0.39619702100753784,-0.007405618205666542,0.5995155572891235,0.39536648988723755,-0.010629180818796158,0.6097040772438049,0.3946441411972046,-0.015268109738826752,0.6158145666122437,0.39476802945137024,-0.015757035464048386,0.6216269731521606,0.39356371760368347,-0.014725757762789726,0.6267063021659851,0.39254775643348694,-0.01221828255802393,0.6342964172363281,0.39223045110702515,-0.005700420588254929,0.6379026174545288,0.392444372177124,-0.0028488230891525745,0.5996164679527283,0.39532214403152466,-0.009654450230300426,0.6043117046356201,0.39449965953826904,-0.011963758617639542,0.6097620129585266,0.394380658864975,-0.013871844857931137,0.6158624291419983,0.3945807218551636,-0.01433099340647459,0.621663510799408,0.39336496591567993,-0.013347633183002472,0.6267326474189758,0.3924795091152191,-0.0110182985663414,0.6320633292198181,0.3937280774116516,-0.010418983176350594,0.6379026174545288,0.392444372177124,-0.0028488230891525745,0.6842843294143677,0.29749733209609985,0.07635735720396042,0.5377863049507141,0.30983659625053406,0.07058344781398773,0.6164507269859314,0.43767255544662476,-0.011802169494330883,0.5663942098617554,0.40309473872184753,0.008121524006128311,0.5611209869384766,0.3337441384792328,0.003435572376474738
ssirt0486.mp4,175,,,,,,,,,,,,,,,,,,,,,,,,,,,,,,,,,,,,,,,,,,,,,,,,,,,,,,,,,,,,,,,,0.6158928871154785,0.4070444405078888,-0.01747908443212509,0.6227076649665833,0.40591463446617126,-0.01669635809957981,0.6288220286369324,0.4029194712638855,-0.013953912071883678,0.6336862444877625,0.39898887276649475,-0.010207440704107285,0.6371312737464905,0.3958435654640198,-0.00477173924446106,0.6398292779922485,0.39275386929512024,8.063010682235472e-06,0.6088118553161621,0.4067023992538452,-0.017411494627594948,0.6023277044296265,0.40451711416244507,-0.015346047468483448,0.5968213677406311,0.4014371335506439,-0.012078098021447659,0.5929009914398193,0.3990861475467682,-0.007115786429494619,0.615915834903717,0.387420654296875,-0.020529547706246376,0.6229323148727417,0.384294331073761,-0.019222170114517212,0.62907874584198,0.38649407029151917,-0.015099025331437588,0.6335124969482422,0.3890014588832855,-0.010464699938893318,0.6370429992675781,0.3908703327178955,-0.00518236355856061,0.5968080759048462,0.39146649837493896,-0.012467370368540287,0.6085416078567505,0.3850647807121277,-0.019930779933929443,0.6018020510673523,0.38813626766204834,-0.016515156254172325,0.5968080759048462,0.39146649837493896,-0.012467370368540287,0.5928528904914856,0.39416757225990295,-0.0077027673833072186,0.589918315410614,0.3966219127178192,-0.0028033494018018246,0.5920351147651672,0.39612001180648804,-0.004803870804607868,0.5956767797470093,0.39521175622940063,-0.007376826833933592,0.599291980266571,0.394574910402298,-0.010578559711575508,0.6095545291900635,0.3942597508430481,-0.015134968794882298,0.6156624555587769,0.39453285932540894,-0.015555329620838165,0.6214539408683777,0.39349615573883057,-0.014463304542005062,0.6265112161636353,0.3926066756248474,-0.011906126514077187,0.6340728998184204,0.39239591360092163,-0.005296589341014624,0.6377055048942566,0.39265909790992737,-0.002389567205682397,0.5993977189064026,0.39454278349876404,-0.009546707384288311,0.6041431427001953,0.39392632246017456,-0.011809091083705425,0.6096280217170715,0.3939809203147888,-0.013663687743246555,0.6157373189926147,0.3943415880203247,-0.014056486077606678,0.6215152740478516,0.39329788088798523,-0.013010145165026188,0.6265590190887451,0.3925545811653137,-0.010635781101882458,0.6318524479866028,0.3938537836074829,-0.010062706656754017,0.6377055048942566,0.39265909790992737,-0.002389567205682397,0.6840652823448181,0.29778316617012024,0.07698426395654678,0.537579357624054,0.308758944272995,0.06996101140975952,0.6162699460983276,0.43723931908607483,-0.01159440167248249,0.5661323666572571,0.40234434604644775,0.007990618236362934,0.5611942410469055,0.3329351246356964,0.003072126302868128
ssirt0486.mp4,176,,,,,,,,,,,,,,,,,,,,,,,,,,,,,,,,,,,,,,,,,,,,,,,,,,,,,,,,,,,,,,,,0.6157577633857727,0.4070114493370056,-0.017350824549794197,0.6225525140762329,0.40586942434310913,-0.016587592661380768,0.6286295056343079,0.40285852551460266,-0.013876555487513542,0.6334413886070251,0.3989330232143402,-0.010158698074519634,0.6368268132209778,0.3958163857460022,-0.004763828590512276,0.6394665241241455,0.3927724361419678,-5.789101578557165e-06,0.6087031364440918,0.4066600203514099,-0.01728064939379692,0.6022531390190125,0.40446436405181885,-0.015229396522045135,0.5967922806739807,0.40138697624206543,-0.0119777861982584,0.592917263507843,0.39905285835266113,-0.007036165334284306,0.615841805934906,0.3873015344142914,-0.020522871986031532,0.6228032112121582,0.38416558504104614,-0.019223961979150772,0.6288884878158569,0.3864229619503021,-0.015107476152479649,0.6332653164863586,0.38896554708480835,-0.010481975972652435,0.6367326378822327,0.39085984230041504,-0.0052069188095629215,0.5968534350395203,0.3914047181606293,-0.012420511804521084,0.6085216403007507,0.3849308490753174,-0.019908370450139046,0.6018237471580505,0.3880479633808136,-0.016476953402161598,0.5968534350395203,0.3914047181606293,-0.012420511804521084,0.5929136276245117,0.39412784576416016,-0.007645719218999147,0.5899767875671387,0.39660704135894775,-0.0027268521953374147,0.5920842289924622,0.3961029350757599,-0.0047405315563082695,0.5957029461860657,0.3951764404773712,-0.00731294509023428,0.5992899537086487,0.3945298194885254,-0.010512029752135277,0.6094799637794495,0.39422184228897095,-0.01506973896175623,0.6155511736869812,0.394505113363266,-0.01549726165831089,0.6213146448135376,0.39345648884773254,-0.014418977312743664,0.6263232231140137,0.3925687074661255,-0.011876435950398445,0.6337774395942688,0.39238351583480835,-0.005295960232615471,0.6373507976531982,0.3926679193973541,-0.002400006167590618,0.5994290709495544,0.3944907486438751,-0.009494082070887089,0.6041459441184998,0.3938676118850708,-0.011759193614125252,0.6095849275588989,0.3939169943332672,-0.013618413358926773,0.6156440377235413,0.39428186416625977,-0.014019756577908993,0.6213741898536682,0.3932386636734009,-0.012985926121473312,0.6263603568077087,0.39250314235687256,-0.010624377056956291,0.6316134929656982,0.3938244879245758,-0.010033401660621166,0.6373507976531982,0.3926679193973541,-0.002400006167590618,0.6840435266494751,0.297698438167572,0.07690922915935516,0.5375545024871826,0.3083763122558594,0.0700974091887474,0.6161478757858276,0.43712401390075684,-0.011390715837478638,0.5660180449485779,0.40211552381515503,0.00815300177782774,0.5610421895980835,0.33272773027420044,0.0031549944542348385
ssirt0486.mp4,177,,,,,,,,,,,,,,,,,,,,,,,,,,,,,,,,,,,,,,,,,,,,,,,,,,,,,,,,,,,,,,,,0.6162115931510925,0.4069792628288269,-0.017201730981469154,0.6229802966117859,0.4057755172252655,-0.01643379032611847,0.6289612054824829,0.4027014970779419,-0.013730514794588089,0.633629322052002,0.3987419307231903,-0.01003761775791645,0.6369180083274841,0.3956645727157593,-0.004683064762502909,0.6394848227500916,0.39265865087509155,6.348498573061079e-05,0.6090564131736755,0.40670040249824524,-0.017155980691313744,0.602477490901947,0.40457284450531006,-0.015132908709347248,0.5969213843345642,0.4015228748321533,-0.011915336363017559,0.5929802060127258,0.3992368280887604,-0.007026162464171648,0.6163991093635559,0.3864190876483917,-0.020528970286250114,0.6233581304550171,0.3833051919937134,-0.019209034740924835,0.6293880343437195,0.3857138156890869,-0.015076877549290657,0.6336311101913452,0.38849133253097534,-0.010442666709423065,0.6369258761405945,0.3905899226665497,-0.005163226742297411,0.5969851613044739,0.39116087555885315,-0.012455896474421024,0.6090310215950012,0.38410472869873047,-0.01992444321513176,0.6020975708961487,0.38750195503234863,-0.016506338492035866,0.5969851613044739,0.39116087555885315,-0.012455896474421024,0.5929723381996155,0.394145667552948,-0.007683980278670788,0.5900050401687622,0.39683762192726135,-0.002743368037045002,0.5921158194541931,0.3962758779525757,-0.004751512780785561,0.5957646369934082,0.3952496349811554,-0.007303095888346434,0.5994397401809692,0.3945201635360718,-0.010481417179107666,0.6098686456680298,0.3940339684486389,-0.015005115419626236,0.6160215139389038,0.3942357301712036,-0.015416027046740055,0.6217300891876221,0.3931925892829895,-0.014326171949505806,0.626667320728302,0.39229828119277954,-0.0117826322093606,0.6339340806007385,0.3921508193016052,-0.005222680047154427,0.6373950839042664,0.39249688386917114,-0.002341466723009944,0.5995797514915466,0.3944880962371826,-0.00951111875474453,0.6044211983680725,0.39375048875808716,-0.011770754121243954,0.6099802255630493,0.393685519695282,-0.013616606593132019,0.616105854511261,0.3939441442489624,-0.014001687057316303,0.621781051158905,0.3929404616355896,-0.012956921011209488,0.626698911190033,0.3922375440597534,-0.010588684119284153,0.631840705871582,0.3935811519622803,-0.009933636523783207,0.6373950839042664,0.39249688386917114,-0.002341466723009944,0.6842078566551208,0.29768696427345276,0.07708313316106796,0.5376114249229431,0.3077268600463867,0.06998540461063385,0.6161049604415894,0.4373462200164795,-0.011165745556354523,0.5661690831184387,0.40194082260131836,0.008138274773955345,0.561416745185852,0.33240798115730286,0.003016539616510272
ssirt0486.mp4,178,,,,,,,,,,,,,,,,,,,,,,,,,,,,,,,,,,,,,,,,,,,,,,,,,,,,,,,,,,,,,,,,0.616547167301178,0.40658825635910034,-0.017474161460995674,0.6233512163162231,0.4054067134857178,-0.016669999808073044,0.6293405294418335,0.4023818373680115,-0.013872348703444004,0.633992075920105,0.3984277546405792,-0.010108689777553082,0.6372367739677429,0.39534828066825867,-0.004680055659264326,0.639764666557312,0.392367422580719,0.00011056381481466815,0.6093738675117493,0.4062972068786621,-0.017432769760489464,0.602780282497406,0.40423819422721863,-0.015355001203715801,0.597220778465271,0.4012710750102997,-0.012092760764062405,0.593288779258728,0.39906045794487,-0.007158626336604357,0.616628885269165,0.3857611417770386,-0.020775875076651573,0.6236485242843628,0.38258716464042664,-0.01942424103617668,0.6297518610954285,0.38513481616973877,-0.015226563438773155,0.6339823603630066,0.388047993183136,-0.01051427237689495,0.6372286677360535,0.3902295231819153,-0.0051611922681331635,0.5971629619598389,0.3907114565372467,-0.012655227445065975,0.6092230677604675,0.38336238265037537,-0.0201851949095726,0.6022441387176514,0.3868773579597473,-0.016751348972320557,0.5971629619598389,0.3907114565372467,-0.012655227445065975,0.5932257771492004,0.3938555121421814,-0.007835404947400093,0.5903239250183105,0.3967347741127014,-0.002864234847947955,0.592476487159729,0.39611849188804626,-0.004862166475504637,0.5961521863937378,0.39501819014549255,-0.007422838360071182,0.5998266339302063,0.39424169063568115,-0.01064287032932043,0.6102172136306763,0.3937113285064697,-0.015231972560286522,0.6163437962532043,0.39391273260116577,-0.015641460195183754,0.6220590472221375,0.392877459526062,-0.014516538940370083,0.6269850134849548,0.39197713136672974,-0.01191636174917221,0.6342135071754456,0.3918204605579376,-0.00522637227550149,0.6376391649246216,0.3921760320663452,-0.002316245110705495,0.599933385848999,0.39419862627983093,-0.00969047099351883,0.6047454476356506,0.3934548497200012,-0.011990458704531193,0.6102885007858276,0.39340677857398987,-0.013862649910151958,0.6163835525512695,0.3936587870121002,-0.01424274779856205,0.6220570206642151,0.392657995223999,-0.013162768445909023,0.6269611120223999,0.3919200301170349,-0.010737729258835316,0.6321626901626587,0.39326637983322144,-0.010022704489529133,0.6376391649246216,0.3921760320663452,-0.002316245110705495,0.6846643090248108,0.2984311580657959,0.07763133943080902,0.5379563570022583,0.30747121572494507,0.0701528936624527,0.6165323853492737,0.4377295970916748,-0.011455713771283627,0.5664998292922974,0.4018450379371643,0.007958253845572472,0.5618214011192322,0.3321562111377716,0.0028911863919347525
ssirt0486.mp4,179,,,,,,,,,,,,,,,,,,,,,,,,,,,,,,,,,,,,,,,,,,,,,,,,,,,,,,,,,,,,,,,,0.6165032982826233,0.4068649709224701,-0.017542103305459023,0.6232628226280212,0.405612975358963,-0.01677001640200615,0.6291977763175964,0.4024338722229004,-0.014031341299414635,0.6337956786155701,0.3983393609523773,-0.01030268706381321,0.6370030641555786,0.39517346024513245,-0.004911056254059076,0.6395140290260315,0.3921414613723755,-0.00013793431571684778,0.6093284487724304,0.40657690167427063,-0.017482062801718712,0.6027204990386963,0.4044274091720581,-0.01543469913303852,0.5971584320068359,0.40132376551628113,-0.012196383439004421,0.5932366847991943,0.39899083971977234,-0.007280649151653051,0.6167730093002319,0.3859279155731201,-0.020811228081583977,0.6237215399742126,0.3827321529388428,-0.019474929198622704,0.6296526789665222,0.3852039873600006,-0.015319966711103916,0.6337910890579224,0.3880225419998169,-0.01066426932811737,0.6369826793670654,0.390097051858902,-0.005365532357245684,0.5973551869392395,0.3907882273197174,-0.012705824337899685,0.6094307899475098,0.3835310935974121,-0.02019810676574707,0.6024925708770752,0.3870425522327423,-0.016771553084254265,0.5973551869392395,0.3907882273197174,-0.012705824337899685,0.5933250784873962,0.39381730556488037,-0.007920075207948685,0.5902905464172363,0.3965687155723572,-0.0029840273782610893,0.5924389958381653,0.3960041403770447,-0.004987373482435942,0.5961124897003174,0.3949323296546936,-0.007538417354226112,0.5998027920722961,0.39419040083885193,-0.010741162113845348,0.6102325320243835,0.39369437098503113,-0.015312489122152328,0.6163740754127502,0.3939061164855957,-0.01573694497346878,0.622054398059845,0.3928128480911255,-0.014640853740274906,0.6269181370735168,0.39186084270477295,-0.012067696079611778,0.6340290904045105,0.3916338086128235,-0.005437444895505905,0.6374154686927795,0.3919832706451416,-0.0025482354685664177,0.599949061870575,0.3941654562950134,-0.009783968329429626,0.6047866344451904,0.39341410994529724,-0.012068921700119972,0.6103299260139465,0.39334413409233093,-0.013936372473835945,0.6164276003837585,0.3936077952384949,-0.014327272772789001,0.6220600008964539,0.3925568759441376,-0.013273807242512703,0.6269001364707947,0.39179983735084534,-0.010878958739340305,0.6320195198059082,0.3931214511394501,-0.010204453952610493,0.6374154686927795,0.3919832706451416,-0.0025482354685664177,0.6848796606063843,0.2993462085723877,0.07744203507900238,0.5380335450172424,0.3074969947338104,0.07023182511329651,0.6164441108703613,0.43751761317253113,-0.011533452197909355,0.5663716793060303,0.40149015188217163,0.00791251752525568,0.5616527795791626,0.3319140672683716,0.0030256593599915504
ssirt0486.mp4,180,,,,,,,,,,,,,,,,,,,,,,,,,,,,,,,,,,,,,,,,,,,,,,,,,,,,,,,,,,,,,,,,0.6172316074371338,0.40671640634536743,-0.017033133655786514,0.6239773631095886,0.4056280851364136,-0.016247058287262917,0.629899799823761,0.40277352929115295,-0.013514871709048748,0.6344754695892334,0.3990156352519989,-0.00980535801500082,0.6376662254333496,0.39606165885925293,-0.004448259714990854,0.6401591300964355,0.39311280846595764,0.00027535916888155043,0.6101375818252563,0.40637388825416565,-0.016998188570141792,0.603584885597229,0.40434738993644714,-0.014984211884438992,0.5979886054992676,0.401434987783432,-0.011771781370043755,0.5939655303955078,0.3992587924003601,-0.006894979625940323,0.6170756816864014,0.38648688793182373,-0.020537996664643288,0.6240265369415283,0.3833751380443573,-0.01919807307422161,0.6301280856132507,0.3859950304031372,-0.015016072429716587,0.6343497633934021,0.38888561725616455,-0.010325862094759941,0.6376096606254578,0.39104318618774414,-0.004992084577679634,0.597785472869873,0.39120596647262573,-0.01243063434958458,0.609711229801178,0.3840691149234772,-0.019943876191973686,0.6028091907501221,0.3875095546245575,-0.0165113378316164,0.597785472869873,0.39120596647262573,-0.01243063434958458,0.5938448905944824,0.39419737458229065,-0.007623691577464342,0.5909252166748047,0.3969227075576782,-0.0026574849616736174,0.5930233597755432,0.39637649059295654,-0.00465405685827136,0.5966984629631042,0.3954082727432251,-0.007194909732788801,0.6003707051277161,0.3947088122367859,-0.010392548516392708,0.6107536554336548,0.39433005452156067,-0.014946025796234608,0.6168567538261414,0.39456966519355774,-0.01535028126090765,0.6225531101226807,0.39361029863357544,-0.014240819029510021,0.6274625062942505,0.39276859164237976,-0.011664106510579586,0.6346243619918823,0.39262133836746216,-0.005023181438446045,0.6380605101585388,0.3929344415664673,-0.0021363813430070877,0.600484311580658,0.3946797549724579,-0.009469711221754551,0.6053099632263184,0.39403724670410156,-0.011756615713238716,0.6108555197715759,0.3940655589103699,-0.013612786307930946,0.6169304847717285,0.3943515419960022,-0.013989987783133984,0.6225806474685669,0.39342164993286133,-0.012926657684147358,0.6274609565734863,0.3927353620529175,-0.010524146258831024,0.6326168775558472,0.3940091133117676,-0.009762721136212349,0.6380605101585388,0.3929344415664673,-0.0021363813430070877,0.6850547194480896,0.29796481132507324,0.0772566869854927,0.538355827331543,0.3074854910373688,0.0697983056306839,0.6171321868896484,0.4383547604084015,-0.010892441496253014,0.5670703649520874,0.40246790647506714,0.008192953653633595,0.5622532963752747,0.33281832933425903,0.002899824408814311
ssirt0486.mp4,181,,,,,,,,,,,,,,,,,,,,,,,,,,,,,,,,,,,,,,,,,,,,,,,,,,,,,,,,,,,,,,,,0.6178026795387268,0.4080091714859009,-0.016756195574998856,0.6246543526649475,0.4068912863731384,-0.015958376228809357,0.6306411623954773,0.4040597081184387,-0.013196120038628578,0.6352480053901672,0.4002389907836914,-0.009472537785768509,0.6384403705596924,0.3971412479877472,-0.004099356941878796,0.6409390568733215,0.3940041959285736,0.0005979391862638295,0.6104810833930969,0.4077979624271393,-0.016707543283700943,0.6036902666091919,0.4059338867664337,-0.014667288400232792,0.5978562831878662,0.4030672013759613,-0.011434934101998806,0.593681275844574,0.40080395340919495,-0.006530402228236198,0.617787778377533,0.3884166181087494,-0.02025323361158371,0.6248396635055542,0.38525208830833435,-0.01893666200339794,0.6309192180633545,0.38748687505722046,-0.014758560806512833,0.6351311802864075,0.3901055157184601,-0.01003776304423809,0.6383759379386902,0.39207103848457336,-0.004680322948843241,0.5977855920791626,0.3929120898246765,-0.012126978486776352,0.61024409532547,0.3861072063446045,-0.019679073244333267,0.6030768156051636,0.38939595222473145,-0.016240648925304413,0.5977855920791626,0.3929120898246765,-0.012126978486776352,0.5936315655708313,0.39574599266052246,-0.007286787033081055,0.5905576348304749,0.3983432650566101,-0.002308958675712347,0.5926710367202759,0.3978852331638336,-0.004300280008465052,0.5964574217796326,0.39704644680023193,-0.006849590223282576,0.6003232002258301,0.396368145942688,-0.010059814900159836,0.6111671924591064,0.39581298828125,-0.01463091280311346,0.617469847202301,0.39597654342651367,-0.015041030012071133,0.6232243776321411,0.3949805498123169,-0.013927929103374481,0.6281567215919495,0.39412081241607666,-0.011346478015184402,0.6353736519813538,0.3938092589378357,-0.0046887025237083435,0.6388654708862305,0.39391571283340454,-0.0017965558217838407,0.6004024744033813,0.39631256461143494,-0.009153439663350582,0.6054627299308777,0.395682156085968,-0.011452863924205303,0.6112279295921326,0.3956729769706726,-0.013316433876752853,0.617506742477417,0.3959001302719116,-0.013697290793061256,0.6232351660728455,0.39489519596099854,-0.01263398490846157,0.6281417012214661,0.39411208033561707,-0.010226444341242313,0.6333738565444946,0.39530813694000244,-0.009427132084965706,0.6388654708862305,0.39391571283340454,-0.0017965558217838407,0.6852564811706543,0.2981436848640442,0.07692434638738632,0.5384892821311951,0.3075006902217865,0.06967093050479889,0.61723393201828,0.4395145773887634,-0.010608334094285965,0.5671075582504272,0.4031270444393158,0.00843869335949421,0.5622430443763733,0.33346009254455566,0.0028833334799855947
ssirt0486.mp4,182,,,,,,,,,,,,,,,,,,,,,,,,,,,,,,,,,,,,,,,,,,,,,,,,,,,,,,,,,,,,,,,,0.617168128490448,0.4075835943222046,-0.017014678567647934,0.6239269971847534,0.40647953748703003,-0.016250597313046455,0.6298593282699585,0.40365472435951233,-0.013544614426791668,0.6344426274299622,0.39996135234832764,-0.009855865500867367,0.6376408934593201,0.3970562815666199,-0.004519314039498568,0.6401379108428955,0.3941420912742615,0.0001927813864313066,0.6100619435310364,0.4072958827018738,-0.016960402950644493,0.6035003662109375,0.40536099672317505,-0.014950231648981571,0.5979040265083313,0.40254339575767517,-0.011745549738407135,0.5938944816589355,0.40042686462402344,-0.006875712424516678,0.6170962452888489,0.3879578709602356,-0.02050110511481762,0.6240502595901489,0.38481152057647705,-0.019185081124305725,0.630094587802887,0.387287974357605,-0.015036975033581257,0.6343085169792175,0.39005813002586365,-0.010368874296545982,0.6375699639320374,0.3921285569667816,-0.00505768833681941,0.5978230834007263,0.39255204796791077,-0.012379376217722893,0.6097356677055359,0.3855719566345215,-0.01989297941327095,0.6028656959533691,0.38894641399383545,-0.01645820215344429,0.5978230834007263,0.39255204796791077,-0.012379376217722893,0.5938461422920227,0.3954632878303528,-0.007585267536342144,0.5908797383308411,0.39811983704566956,-0.002630534116178751,0.5929678678512573,0.39758843183517456,-0.0046342662535607815,0.5966348052024841,0.3966101109981537,-0.007172686979174614,0.6003194451332092,0.3958892822265625,-0.010355752892792225,0.6107149124145508,0.39542484283447266,-0.01489937026053667,0.6168359518051147,0.3956468403339386,-0.015321401879191399,0.6225450038909912,0.3946465253829956,-0.01423627883195877,0.627453088760376,0.39379122853279114,-0.011683170683681965,0.6346270442008972,0.3936622142791748,-0.005085898097604513,0.6380595564842224,0.3939773440361023,-0.0022094787564128637,0.6004472970962524,0.3958422541618347,-0.009434119798243046,0.6052833795547485,0.3951558768749237,-0.011713842861354351,0.61082923412323,0.3951425552368164,-0.013572480529546738,0.61691814661026,0.3954145312309265,-0.013964508660137653,0.6225804090499878,0.3944413959980011,-0.012923682108521461,0.6274635195732117,0.3937435746192932,-0.010544314049184322,0.6326053142547607,0.39501953125,-0.009797383099794388,0.6380595564842224,0.3939773440361023,-0.0022094787564128637,0.6853790283203125,0.2985266149044037,0.0770852193236351,0.5384733080863953,0.3076384663581848,0.06992727518081665,0.6171112656593323,0.4392593801021576,-0.01087172981351614,0.5669937133789062,0.4030569791793823,0.008247649297118187,0.5621447563171387,0.3333129286766052,0.0029767632950097322
ssirt0486.mp4,183,,,,,,,,,,,,,,,,,,,,,,,,,,,,,,,,,,,,,,,,,,,,,,,,,,,,,,,,,,,,,,,,0.6176056861877441,0.4093780517578125,-0.0158489178866148,0.6245442032814026,0.40819868445396423,-0.015051393769681454,0.6306360363960266,0.40524420142173767,-0.012298837304115295,0.6353649497032166,0.40119755268096924,-0.008607413619756699,0.6386563777923584,0.3978444039821625,-0.003295837203040719,0.6412174701690674,0.3945021629333496,0.0013083774829283357,0.6103074550628662,0.40917542576789856,-0.01581612601876259,0.6035765409469604,0.40727370977401733,-0.013800081796944141,0.5978063344955444,0.40434205532073975,-0.010609262622892857,0.5936940312385559,0.40201079845428467,-0.005784156266599894,0.6173954606056213,0.38988208770751953,-0.01978599652647972,0.624525785446167,0.3865240812301636,-0.018480399623513222,0.6307275295257568,0.38852426409721375,-0.014269290491938591,0.6350992918014526,0.3909211754798889,-0.009476928971707821,0.6385090351104736,0.3927064836025238,-0.004046907182782888,0.5976356863975525,0.3940201997756958,-0.011614823713898659,0.6098300218582153,0.3874821066856384,-0.01923936791718006,0.6028002500534058,0.39058005809783936,-0.01578936167061329,0.5976356863975525,0.3940201997756958,-0.011614823713898659,0.5935865044593811,0.39685603976249695,-0.006717225071042776,0.5906036496162415,0.3994898498058319,-0.001656717387959361,0.5926910638809204,0.3990219235420227,-0.0036373345647007227,0.5964609384536743,0.3981432020664215,-0.00615837424993515,0.6002638936042786,0.39743268489837646,-0.00935295969247818,0.6109530925750732,0.3968766927719116,-0.013906482607126236,0.6172270774841309,0.39705777168273926,-0.014304307289421558,0.6230776906013489,0.395946741104126,-0.013186286203563213,0.6281206011772156,0.3949769139289856,-0.01060561928898096,0.6355899572372437,0.3945135474205017,-0.0039466689340770245,0.6391587853431702,0.3945026993751526,-0.0010775382397696376,0.6003116965293884,0.3973536789417267,-0.00858768355101347,0.6052747368812561,0.3967296779155731,-0.010916844010353088,0.6109696626663208,0.39677488803863525,-0.012786989100277424,0.6172413229942322,0.3970454931259155,-0.013163741677999496,0.62308669090271,0.3958958089351654,-0.01209000963717699,0.6281101703643799,0.3949674665927887,-0.009662117809057236,0.633476197719574,0.3961218595504761,-0.008631101809442043,0.6391587853431702,0.3945026993751526,-0.0010775382397696376,0.6852463483810425,0.29814445972442627,0.07663090527057648,0.5384670495986938,0.30719655752182007,0.06924182921648026,0.617399275302887,0.44060570001602173,-0.00948210246860981,0.5672895908355713,0.40344852209091187,0.009037471376359463,0.5622708797454834,0.3340598940849304,0.0027739848010241985
ssirt0486.mp4,184,,,,,,,,,,,,,,,,,,,,,,,,,,,,,,,,,,,,,,,,,,,,,,,,,,,,,,,,,,,,,,,,0.6170685291290283,0.4093407094478607,-0.016376683488488197,0.6239383220672607,0.40817511081695557,-0.015600918792188168,0.629980742931366,0.4051988124847412,-0.012888760305941105,0.6346656680107117,0.4012349247932434,-0.00921164732426405,0.637923538684845,0.39806029200553894,-0.003899194998666644,0.640433132648468,0.3949010372161865,0.0007662253919988871,0.609935998916626,0.4090299904346466,-0.016340576112270355,0.6033899784088135,0.4069744348526001,-0.014352959580719471,0.5978272557258606,0.40395399928092957,-0.011172209866344929,0.593864917755127,0.4016455411911011,-0.006340243853628635,0.6167464256286621,0.38920044898986816,-0.02007964625954628,0.6238189935684204,0.38592252135276794,-0.01877172477543354,0.6300639510154724,0.388264000415802,-0.01459539495408535,0.6344168782234192,0.39092591404914856,-0.009884096682071686,0.6377817392349243,0.3929190933704376,-0.004531036131083965,0.597603976726532,0.393593966960907,-0.01196545735001564,0.6093254089355469,0.386785626411438,-0.019502397626638412,0.6025203466415405,0.3900505304336548,-0.016066059470176697,0.597603976726532,0.393593966960907,-0.01196545735001564,0.593751847743988,0.3964841961860657,-0.007144347298890352,0.5908778309822083,0.39916062355041504,-0.0021445313468575478,0.5929480195045471,0.39867234230041504,-0.004145358689129353,0.5966294407844543,0.3978036046028137,-0.006684472784399986,0.6002670526504517,0.39716416597366333,-0.009861746802926064,0.6105563640594482,0.3968276381492615,-0.01438319031149149,0.6166634559631348,0.3970543444156647,-0.014787857420742512,0.622459352016449,0.39598315954208374,-0.013692948967218399,0.6274728775024414,0.3950304687023163,-0.011136367917060852,0.6348497271537781,0.3946644961833954,-0.004525050986558199,0.6383610367774963,0.39480915665626526,-0.0016382125904783607,0.6003447771072388,0.39708590507507324,-0.008951051160693169,0.6051116585731506,0.39653682708740234,-0.011226652190089226,0.6106187701225281,0.3966330289840698,-0.013073034584522247,0.6167141199111938,0.39692628383636475,-0.013453755527734756,0.6224921345710754,0.39584633708000183,-0.012401839718222618,0.6274903416633606,0.3949801027774811,-0.010013556107878685,0.6327683329582214,0.39620476961135864,-0.009203865192830563,0.6383610367774963,0.39480915665626526,-0.0016382125904783607,0.6852585077285767,0.2979736626148224,0.07680127769708633,0.5385306477546692,0.30728840827941895,0.06949032843112946,0.6173134446144104,0.4401693344116211,-0.010075843892991543,0.5672627091407776,0.40360695123672485,0.00867926049977541,0.5622938871383667,0.33413246273994446,0.00286341761238873
ssirt0486.mp4,185,,,,,,,,,,,,,,,,,,,,,,,,,,,,,,,,,,,,,,,,,,,,,,,,,,,,,,,,,,,,,,,,0.6170849800109863,0.4094468951225281,-0.016201743856072426,0.6239962577819824,0.4082697629928589,-0.015415400266647339,0.6300839185714722,0.40529865026474,-0.012689155526459217,0.6348273754119873,0.40130507946014404,-0.009001757949590683,0.6381275057792664,0.398072749376297,-0.0036779199726879597,0.6406620144844055,0.39485010504722595,0.0009734128834679723,0.6098790168762207,0.40918564796447754,-0.01616867445409298,0.6032803058624268,0.407174289226532,-0.014172443188726902,0.5976702570915222,0.4041512608528137,-0.010981819592416286,0.5936884880065918,0.40179577469825745,-0.00613540131598711,0.616891622543335,0.38967427611351013,-0.01991686411201954,0.6240228414535522,0.38626721501350403,-0.018614135682582855,0.630256175994873,0.3884029686450958,-0.014430025592446327,0.6346133947372437,0.390952467918396,-0.00970082264393568,0.6379857063293457,0.3928866982460022,-0.0043313284404575825,0.5975241661071777,0.39380794763565063,-0.011799048632383347,0.6093948483467102,0.3872092068195343,-0.019354047253727913,0.6025173664093018,0.3903544247150421,-0.015913739800453186,0.5975241661071777,0.39380794763565063,-0.011799048632383347,0.59361732006073,0.39663684368133545,-0.006960654631257057,0.5906916856765747,0.399273157119751,-0.0019548432901501656,0.5927668213844299,0.39881375432014465,-0.003950134851038456,0.596486508846283,0.39795148372650146,-0.006494683213531971,0.600172758102417,0.39731088280677795,-0.009681684896349907,0.610584557056427,0.3969751298427582,-0.014211144298315048,0.6167597770690918,0.39720940589904785,-0.014609340578317642,0.6225878000259399,0.3960990309715271,-0.01350534986704588,0.6276289224624634,0.39511364698410034,-0.010942610912024975,0.6350621581077576,0.3947054147720337,-0.004314097575843334,0.6385928988456726,0.39479970932006836,-0.0014216494746506214,0.6002316474914551,0.39723414182662964,-0.00877515971660614,0.6050552725791931,0.3967037498950958,-0.011057903990149498,0.6106191873550415,0.3968338370323181,-0.012905611656606197,0.6167850494384766,0.3971414566040039,-0.013282351195812225,0.6226044297218323,0.39599883556365967,-0.01222317572683096,0.6276351809501648,0.39505743980407715,-0.009827838279306889,0.6329522728919983,0.3962774872779846,-0.008997640572488308,0.6385928988456726,0.39479970932006836,-0.0014216494746506214,0.6850990653038025,0.2977370321750641,0.07660096138715744,0.538682758808136,0.30744969844818115,0.06935825198888779,0.6173058152198792,0.44012585282325745,-0.009913315996527672,0.567326545715332,0.40360599756240845,0.008823687210679054,0.5623246431350708,0.3342067003250122,0.002874080091714859
ssirt0486.mp4,186,,,,,,,,,,,,,,,,,,,,,,,,,,,,,,,,,,,,,,,,,,,,,,,,,,,,,,,,,,,,,,,,0.6182012557983398,0.41011953353881836,-0.01571337878704071,0.6250728368759155,0.4089784026145935,-0.014876757748425007,0.631084680557251,0.4061359167098999,-0.012069446966052055,0.6357055306434631,0.4022076725959778,-0.00834081694483757,0.6388949751853943,0.39893877506256104,-0.00298756523989141,0.6414005756378174,0.3956950306892395,0.0016264033038169146,0.6108391284942627,0.40995895862579346,-0.015696436166763306,0.6039941906929016,0.4081742763519287,-0.013677362352609634,0.5980821847915649,0.4053959548473358,-0.010477906093001366,0.5938499569892883,0.40318727493286133,-0.005641584750264883,0.6179709434509277,0.3914625644683838,-0.0196556206792593,0.6250380873680115,0.38814160227775574,-0.018327977508306503,0.6310955882072449,0.39004799723625183,-0.01406770572066307,0.635365903377533,0.3923446536064148,-0.009225954301655293,0.6387102007865906,0.39403480291366577,-0.003752615302801132,0.5979717969894409,0.39562976360321045,-0.011515353806316853,0.6103575229644775,0.38916289806365967,-0.019142918288707733,0.603256106376648,0.3922813832759857,-0.01569908857345581,0.5979717969894409,0.39562976360321045,-0.011515353806316853,0.5937797427177429,0.3983335494995117,-0.0066016740165650845,0.5906637907028198,0.4007886052131653,-0.0015347915468737483,0.592768132686615,0.4003385007381439,-0.003507506102323532,0.5965867638587952,0.3994387984275818,-0.006033856421709061,0.6004711389541626,0.39867308735847473,-0.009248868562281132,0.611370325088501,0.39798101782798767,-0.013818195089697838,0.617732048034668,0.39813232421875,-0.01419665664434433,0.623524010181427,0.39700421690940857,-0.013043886981904507,0.6284807920455933,0.3960336446762085,-0.01042208168655634,0.6357780694961548,0.395632266998291,-0.003671834245324135,0.6393287181854248,0.395681768655777,-0.000775341410189867,0.6005675196647644,0.3986183702945709,-0.008458212018013,0.6056414246559143,0.397881418466568,-0.010795230977237225,0.6114275455474854,0.3978191018104553,-0.012659941799938679,0.6177715063095093,0.39805278182029724,-0.013016016222536564,0.6235334873199463,0.39690059423446655,-0.011909927241504192,0.628455638885498,0.39601820707321167,-0.009446966461837292,0.6337729692459106,0.39717552065849304,-0.008404125459492207,0.6393287181854248,0.395681768655777,-0.000775341410189867,0.6851183772087097,0.2991248369216919,0.07668718695640564,0.5384350419044495,0.30814963579177856,0.06892111152410507,0.6174900531768799,0.442216157913208,-0.009299922734498978,0.5672434568405151,0.4047790765762329,0.009090904146432877,0.5623481869697571,0.33521875739097595,0.002650581067427993
ssirt0486.mp4,187,,,,,,,,,,,,,,,,,,,,,,,,,,,,,,,,,,,,,,,,,,,,,,,,,,,,,,,,,,,,,,,,0.6173031330108643,0.41071438789367676,-0.015915097668766975,0.6241421699523926,0.40954744815826416,-0.015119969844818115,0.6301281452178955,0.406523734331131,-0.012382150627672672,0.6347209811210632,0.4024854302406311,-0.008694087155163288,0.6378847360610962,0.39926058053970337,-0.003383610863238573,0.6403478384017944,0.3960953652858734,0.0012603966752067208,0.6101272106170654,0.41039007902145386,-0.015896828845143318,0.6035395264625549,0.408288836479187,-0.013908961787819862,0.5979638695716858,0.4052131474018097,-0.010730022564530373,0.5940083265304565,0.4028753638267517,-0.005912365857511759,0.6170644164085388,0.3903721272945404,-0.019845062866806984,0.6240593791007996,0.38717496395111084,-0.018524345010519028,0.6301746368408203,0.3896135091781616,-0.014297503046691418,0.6344163417816162,0.3922727704048157,-0.009526057168841362,0.6377091407775879,0.3942248225212097,-0.00411095330491662,0.597842276096344,0.3949509859085083,-0.01169637031853199,0.6096659302711487,0.38800913095474243,-0.01929224655032158,0.6028087139129639,0.3913940489292145,-0.015838339924812317,0.597842276096344,0.3949509859085083,-0.01169637031853199,0.5939450263977051,0.3978070318698883,-0.006824634037911892,0.5910243391990662,0.400407075881958,-0.0017518496606498957,0.5930945873260498,0.39994218945503235,-0.003757549449801445,0.5968013405799866,0.39908117055892944,-0.006300997454673052,0.6004441380500793,0.39844465255737305,-0.009501341730356216,0.6107699275016785,0.39808082580566406,-0.014041239395737648,0.61689293384552,0.3983013927936554,-0.014431970193982124,0.6226288676261902,0.39724236726760864,-0.013310802169144154,0.6275584101676941,0.3962929844856262,-0.010727249085903168,0.6347673535346985,0.39590466022491455,-0.004057598765939474,0.6382768154144287,0.3960360884666443,-0.001159042352810502,0.6005609631538391,0.39838874340057373,-0.008619780652225018,0.6053560972213745,0.397800087928772,-0.010917059145867825,0.6108742952346802,0.3978389501571655,-0.012767980806529522,0.6169717907905579,0.3981182277202606,-0.01313572097569704,0.622667133808136,0.39707547426223755,-0.01206070277839899,0.627564549446106,0.39626210927963257,-0.009644503705203533,0.632793664932251,0.39744988083839417,-0.008748017251491547,0.6382768154144287,0.3960360884666443,-0.001159042352810502,0.6853580474853516,0.2988353371620178,0.07691984623670578,0.5384910106658936,0.30763188004493713,0.06937987357378006,0.6171721816062927,0.44150328636169434,-0.0094016557559371,0.5671856999397278,0.40433111786842346,0.009091575630009174,0.5623123645782471,0.33499690890312195,0.002791433595120907
ssirt0486.mp4,188,,,,,,,,,,,,,,,,,,,,,,,,,,,,,,,,,,,,,,,,,,,,,,,,,,,,,,,,,,,,,,,,0.6169770359992981,0.41094741225242615,-0.01587158441543579,0.6239091157913208,0.4097176194190979,-0.015071148984134197,0.6300115585327148,0.4066257178783417,-0.012341020628809929,0.6347532868385315,0.40249598026275635,-0.008648279123008251,0.6380162239074707,0.39917027950286865,-0.003313961438834667,0.6405041813850403,0.39592039585113525,0.0013331949012354016,0.6097567677497864,0.41069263219833374,-0.015846922993659973,0.6031990051269531,0.4085928201675415,-0.013862313702702522,0.5976958274841309,0.4054495096206665,-0.010677246376872063,0.5938537120819092,0.4029984474182129,-0.005830545909702778,0.6169363856315613,0.39097440242767334,-0.019570594653487206,0.6240567564964294,0.38760313391685486,-0.018269341439008713,0.6302428841590881,0.38966232538223267,-0.014068705029785633,0.6345500946044922,0.3921319544315338,-0.009341794066131115,0.6378618478775024,0.3940075635910034,-0.00397245679050684,0.5977035164833069,0.3951057493686676,-0.011509044095873833,0.6094655394554138,0.38860923051834106,-0.01903882808983326,0.602634072303772,0.3917326331138611,-0.015611659735441208,0.5977035164833069,0.3951057493686676,-0.011509044095873833,0.5938619375228882,0.39786115288734436,-0.006674223579466343,0.5909791588783264,0.4004305601119995,-0.001663764240220189,0.5930418968200684,0.400007963180542,-0.0036578320432454348,0.596738874912262,0.39918816089630127,-0.006223141681402922,0.6003450751304626,0.39860615134239197,-0.009415502659976482,0.610589861869812,0.3983384370803833,-0.013932471163570881,0.6167327165603638,0.3985579311847687,-0.014316674321889877,0.6225459575653076,0.39740514755249023,-0.013201342895627022,0.6275533437728882,0.39637571573257446,-0.010628252290189266,0.6349161267280579,0.39588069915771484,-0.003983659204095602,0.6384295225143433,0.3959309160709381,-0.0010695310775190592,0.6004495024681091,0.3985048532485962,-0.008436103351414204,0.6051915287971497,0.39800581336021423,-0.010695845820009708,0.6106697916984558,0.39811840653419495,-0.012522812932729721,0.6167937517166138,0.3984072208404541,-0.012881943956017494,0.6225832104682922,0.3972465693950653,-0.011812605895102024,0.6275753378868103,0.39628541469573975,-0.009421426802873611,0.632861852645874,0.39749589562416077,-0.008666892535984516,0.6384295225143433,0.3959309160709381,-0.0010695310775190592,0.6850911378860474,0.298575758934021,0.07643983513116837,0.538672685623169,0.30802658200263977,0.0689907819032669,0.6172522306442261,0.44077247381210327,-0.009497717022895813,0.5672218799591064,0.40427762269973755,0.009074010886251926,0.5623272061347961,0.33512863516807556,0.002823242684826255
ssirt0486.mp4,189,,,,,,,,,,,,,,,,,,,,,,,,,,,,,,,,,,,,,,,,,,,,,,,,,,,,,,,,,,,,,,,,0.6165205836296082,0.4102119505405426,-0.016147514805197716,0.6234163641929626,0.40901607275009155,-0.015357858501374722,0.6295211315155029,0.40600013732910156,-0.012652942910790443,0.6343175768852234,0.40199267864227295,-0.008965951390564442,0.6376596093177795,0.39878037571907043,-0.0036228338722139597,0.6402310729026794,0.3956301212310791,0.0010440715122967958,0.6094173192977905,0.4099424183368683,-0.016120659187436104,0.6029614806175232,0.40788283944129944,-0.014162328094244003,0.5975128412246704,0.40482690930366516,-0.010989371687173843,0.5936695337295532,0.402464359998703,-0.006140328943729401,0.6163284182548523,0.39062246680259705,-0.0196741484105587,0.6234493851661682,0.38720181584358215,-0.018370261415839195,0.6297169327735901,0.3893035054206848,-0.014198683202266693,0.6341092586517334,0.39181679487228394,-0.009520135819911957,0.6375134587287903,0.3937143385410309,-0.004198404494673014,0.5973528623580933,0.39465469121932983,-0.011684716679155827,0.608903169631958,0.38817617297172546,-0.01913660392165184,0.6021856069564819,0.39126577973365784,-0.015735983848571777,0.5973528623580933,0.39465469121932983,-0.011684716679155827,0.5935862064361572,0.39741945266723633,-0.00690391194075346,0.5907503962516785,0.39999035000801086,-0.0019518418703228235,0.5928325057029724,0.39953434467315674,-0.003940364345908165,0.5965160727500916,0.39867377281188965,-0.006501801311969757,0.6000838875770569,0.39806708693504333,-0.009673286229372025,0.6101825833320618,0.3978259563446045,-0.014153377152979374,0.6162437796592712,0.39807265996932983,-0.014538771472871304,0.6220633387565613,0.39694130420684814,-0.01343547273427248,0.6271114349365234,0.39593660831451416,-0.010876947082579136,0.6345915198326111,0.3955211341381073,-0.004265541210770607,0.6381387114524841,0.39561423659324646,-0.0013518622145056725,0.6001425981521606,0.3980175256729126,-0.008644871413707733,0.6048093438148499,0.39752963185310364,-0.010876517742872238,0.6102184653282166,0.3976803719997406,-0.012686241418123245,0.616269052028656,0.39799243211746216,-0.013043361715972424,0.6220757961273193,0.3968430459499359,-0.011984198354184628,0.6271160840988159,0.3958948850631714,-0.009611540473997593,0.6324451565742493,0.39705726504325867,-0.008945540525019169,0.6381387114524841,0.39561423659324646,-0.0013518622145056725,0.6848658323287964,0.29904603958129883,0.07634276896715164,0.5386170148849487,0.3083648085594177,0.06896749883890152,0.6171483397483826,0.44025719165802,-0.009920516982674599,0.5671979784965515,0.40430906414985657,0.008781494572758675,0.5621849298477173,0.33530181646347046,0.0028785220347344875
ssirt0486.mp4,190,,,,,,,,,,,,,,,,,,,,,,,,,,,,,,,,,,,,,,,,,,,,,,,,,,,,,,,,,,,,,,,,0.6169402003288269,0.4106290936470032,-0.015968047082424164,0.623956024646759,0.4094292223453522,-0.015157013200223446,0.6301606893539429,0.4063749313354492,-0.012375676073133945,0.6350328922271729,0.40220654010772705,-0.008636940270662308,0.6384064555168152,0.39877843856811523,-0.003245915751904249,0.6410026550292969,0.39539459347724915,0.0014005263801664114,0.60968017578125,0.4103856086730957,-0.015916522592306137,0.6030580997467041,0.408298522233963,-0.013875545002520084,0.5974451899528503,0.40511059761047363,-0.01064152643084526,0.5934851765632629,0.4025577902793884,-0.005734453909099102,0.6167692542076111,0.39076539874076843,-0.019541461020708084,0.6239939332008362,0.3873789310455322,-0.01825246587395668,0.630350649356842,0.38932737708091736,-0.014047226868569851,0.6347942352294922,0.3917176127433777,-0.009290033020079136,0.6382421255111694,0.3935285806655884,-0.003891343018040061,0.5972957015037537,0.39466729760169983,-0.011429320089519024,0.6092038154602051,0.38839438557624817,-0.019011933356523514,0.6022890210151672,0.39137643575668335,-0.015567349269986153,0.5972957015037537,0.39466729760169983,-0.011429320089519024,0.5934066772460938,0.3973481059074402,-0.006563968490809202,0.5905042290687561,0.39988088607788086,-0.0015611964045092463,0.5926008224487305,0.3994903564453125,-0.003544027451425791,0.5963704586029053,0.3987535834312439,-0.006120971404016018,0.6000424027442932,0.39818820357322693,-0.009348295629024506,0.6104511618614197,0.39792224764823914,-0.01392484549432993,0.6166514754295349,0.39813050627708435,-0.014328411780297756,0.6225575804710388,0.39701390266418457,-0.013211535289883614,0.6276803612709045,0.39602720737457275,-0.01061767153441906,0.6352692246437073,0.39551201462745667,-0.00390744348987937,0.6388884782791138,0.39545416831970215,-0.0009829958435148,0.6000784635543823,0.39808303117752075,-0.008376454934477806,0.6048944592475891,0.3976573348045349,-0.010671847499907017,0.610464870929718,0.39782631397247314,-0.01252670492976904,0.6166777610778809,0.39811718463897705,-0.012901251204311848,0.6225897669792175,0.3969617187976837,-0.011831363663077354,0.6276965141296387,0.3959771990776062,-0.009419362992048264,0.6331158876419067,0.39715448021888733,-0.008642320521175861,0.6388884782791138,0.39545416831970215,-0.0009829958435148,0.6850357055664062,0.2985345721244812,0.07628322392702103,0.5384625792503357,0.30827078223228455,0.06901239603757858,0.6172158718109131,0.44073134660720825,-0.009716903790831566,0.5670854449272156,0.40452274680137634,0.009067140519618988,0.5620265603065491,0.33543452620506287,0.0028764228336513042
ssirt0486.mp4,191,,,,,,,,,,,,,,,,,,,,,,,,,,,,,,,,,,,,,,,,,,,,,,,,,,,,,,,,,,,,,,,,0.6166720986366272,0.4105915129184723,-0.01610458642244339,0.6236385703086853,0.40939781069755554,-0.015302760526537895,0.629825234413147,0.4063431918621063,-0.012558062560856342,0.6347095370292664,0.4022229015827179,-0.008839541114866734,0.6381070613861084,0.3988697826862335,-0.0034613311290740967,0.6407097578048706,0.39555445313453674,0.001203940249979496,0.6095038056373596,0.41031649708747864,-0.016063658520579338,0.6029959917068481,0.40818655490875244,-0.014061486348509789,0.5975058674812317,0.4050002694129944,-0.010852878913283348,0.5936398506164551,0.40249523520469666,-0.0059647453017532825,0.6164891123771667,0.390680730342865,-0.019599566236138344,0.623680830001831,0.3872828781604767,-0.01830470561981201,0.6300428509712219,0.3893094062805176,-0.014119187369942665,0.6344959735870361,0.39177000522613525,-0.009409998543560505,0.6379479169845581,0.39363598823547363,-0.004056516569107771,0.5973438024520874,0.3946307301521301,-0.011562314815819263,0.6089985966682434,0.38829225301742554,-0.0190674290060997,0.6022138595581055,0.39131367206573486,-0.015649419277906418,0.5973438024520874,0.3946307301521301,-0.011562314815819263,0.5935590267181396,0.39732807874679565,-0.006746299564838409,0.5907138586044312,0.39986875653266907,-0.0017734019784256816,0.5928000211715698,0.3994699716567993,-0.0037605827674269676,0.5965169072151184,0.39871713519096375,-0.0063363113440573215,0.6001045107841492,0.398179829120636,-0.009538424201309681,0.6102939248085022,0.3980099558830261,-0.014066156931221485,0.6164107918739319,0.3982405960559845,-0.014460044912993908,0.6222922205924988,0.39712679386138916,-0.01335074845701456,0.6274083256721497,0.3961273729801178,-0.010774373076856136,0.6349987387657166,0.3956088423728943,-0.004112647846341133,0.6385982036590576,0.39559412002563477,-0.0011876114876940846,0.6001494526863098,0.3980887532234192,-0.0085105886682868,0.6048557758331299,0.3976905345916748,-0.010765569284558296,0.6103194355964661,0.3978811204433441,-0.012593208812177181,0.6164407730102539,0.39817965030670166,-0.012957138940691948,0.622321605682373,0.3970358371734619,-0.011894852854311466,0.6274279356002808,0.39605411887168884,-0.00950731709599495,0.6328209042549133,0.39722731709480286,-0.008824595250189304,0.6385982036590576,0.39559412002563477,-0.0011876114876940846,0.684990644454956,0.29844143986701965,0.07637505978345871,0.538460373878479,0.3081248998641968,0.06903517991304398,0.6172451972961426,0.4402513802051544,-0.009866992942988873,0.5671409368515015,0.4043320119380951,0.008909043855965137,0.5620647668838501,0.3353651762008667,0.0028767308685928583
ssirt0486.mp4,192,,,,,,,,,,,,,,,,,,,,,,,,,,,,,,,,,,,,,,,,,,,,,,,,,,,,,,,,,,,,,,,,0.6163091063499451,0.40984171628952026,-0.015431211329996586,0.6231594085693359,0.408604234457016,-0.014645733870565891,0.6292480230331421,0.40555068850517273,-0.012042944319546223,0.6340658664703369,0.4014561176300049,-0.008459698408842087,0.637421727180481,0.39813652634620667,-0.0032494207844138145,0.6399794816970825,0.39488065242767334,0.0013091375585645437,0.6092991828918457,0.4096355140209198,-0.0154352318495512,0.6029022336006165,0.40759995579719543,-0.013585473410785198,0.5974674820899963,0.4044778048992157,-0.010531838983297348,0.5936211943626404,0.40199795365333557,-0.005859527736902237,0.6159417629241943,0.38989272713661194,-0.01900498755276203,0.6230078339576721,0.38637810945510864,-0.017723016440868378,0.6293351650238037,0.38847941160202026,-0.013602428138256073,0.6337629556655884,0.390998899936676,-0.009007331915199757,0.6372312307357788,0.39292073249816895,-0.0037898935843259096,0.5972012877464294,0.3939874768257141,-0.011248299852013588,0.6085466146469116,0.38745808601379395,-0.018515387549996376,0.6019250750541687,0.39056718349456787,-0.015211195684969425,0.5972012877464294,0.3939874768257141,-0.011248299852013588,0.5934958457946777,0.39678955078125,-0.006600627209991217,0.5907065868377686,0.3994123637676239,-0.0017887126887217164,0.592774510383606,0.3989379405975342,-0.0037281939294189215,0.596442699432373,0.3980870246887207,-0.006213609129190445,0.5999564528465271,0.39744478464126587,-0.009247077628970146,0.6099439859390259,0.39717575907707214,-0.013548770919442177,0.6159271597862244,0.3973848223686218,-0.013899050652980804,0.621709406375885,0.396226704120636,-0.012807263061404228,0.6267595887184143,0.3952059745788574,-0.010308309458196163,0.6342800855636597,0.3947813808917999,-0.003895368194207549,0.637874186038971,0.3948589563369751,-0.0010616207728162408,0.5999963879585266,0.3973727822303772,-0.008248705416917801,0.6046197414398193,0.3969004452228546,-0.010393506847321987,0.609984815120697,0.3970820903778076,-0.012132487259805202,0.6159826517105103,0.3973747491836548,-0.012464736588299274,0.6217643022537231,0.3961854875087738,-0.011407196521759033,0.6267985105514526,0.39518246054649353,-0.009086665697395802,0.6321263313293457,0.39636102318763733,-0.008420729078352451,0.637874186038971,0.3948589563369751,-0.0010616207728162408,0.6830174326896667,0.2986498177051544,0.07426794618368149,0.53778076171875,0.310463547706604,0.06635218858718872,0.617293119430542,0.44010859727859497,-0.009337096475064754,0.5671132206916809,0.4049059748649597,0.008631087839603424,0.5618687272071838,0.3362431824207306,0.0026407281402498484
ssirt0486.mp4,193,,,,,,,,,,,,,,,,,,,,,,,,,,,,,,,,,,,,,,,,,,,,,,,,,,,,,,,,,,,,,,,,0.616165041923523,0.4100724160671234,-0.015580239705741405,0.6230579018592834,0.4089130759239197,-0.014719459228217602,0.6291380524635315,0.4058467745780945,-0.012015408836305141,0.6338784098625183,0.401691734790802,-0.008364306762814522,0.6371596455574036,0.3983808159828186,-0.0030863406136631966,0.6396561861038208,0.39522233605384827,0.0015127324732020497,0.6091193556785583,0.40968286991119385,-0.015648478642106056,0.6026752591133118,0.407457560300827,-0.013809856958687305,0.5971977710723877,0.4042450189590454,-0.010762164369225502,0.5932989716529846,0.40180861949920654,-0.006112861447036266,0.6158194541931152,0.38911792635917664,-0.019463352859020233,0.6229199767112732,0.3858296275138855,-0.01807885803282261,0.6292916536331177,0.3882696032524109,-0.013826146721839905,0.6336562037467957,0.39102572202682495,-0.009081559255719185,0.6370381712913513,0.3931073546409607,-0.0037147244438529015,0.5968776345252991,0.39348798990249634,-0.011706980876624584,0.6084045171737671,0.386643648147583,-0.019014758989214897,0.6016635894775391,0.38988351821899414,-0.01571565680205822,0.5968776345252991,0.39348798990249634,-0.011706980876624584,0.5931286215782166,0.3964984714984894,-0.006993059068918228,0.5903195142745972,0.3993290662765503,-0.0020977884996682405,0.5924404859542847,0.39873167872428894,-0.004002914298325777,0.5961624383926392,0.39769357442855835,-0.006452066823840141,0.5997052788734436,0.39690905809402466,-0.009513267315924168,0.6097630262374878,0.3966293931007385,-0.01383590791374445,0.6157434582710266,0.3969399034976959,-0.014138910919427872,0.6215225458145142,0.39586198329925537,-0.012960370630025864,0.6265380382537842,0.3949085772037506,-0.010368512012064457,0.6339359879493713,0.39475151896476746,-0.0037637087516486645,0.6375025510787964,0.39505165815353394,-0.0009113046107813716,0.5997393131256104,0.39680877327919006,-0.00867763813585043,0.6043986678123474,0.3962096571922302,-0.010882620699703693,0.6098151803016663,0.3963722586631775,-0.012634960003197193,0.6158378720283508,0.3967509865760803,-0.012914389371871948,0.6216310858726501,0.39566829800605774,-0.011775439605116844,0.6266254782676697,0.3948020935058594,-0.009343438781797886,0.6318687796592712,0.39630019664764404,-0.00839187577366829,0.6375025510787964,0.39505165815353394,-0.0009113046107813716,0.6824170351028442,0.3002338111400604,0.07568050920963287,0.5376807451248169,0.31084051728248596,0.06654220819473267,0.6167881488800049,0.4415667951107025,-0.009368911385536194,0.566866397857666,0.405627965927124,0.008288796991109848,0.5618985295295715,0.3367953300476074,0.002267803531140089
ssirt0486.mp4,194,,,,,,,,,,,,,,,,,,,,,,,,,,,,,,,,,,,,,,,,,,,,,,,,,,,,,,,,,,,,,,,,0.6166797876358032,0.4102438688278198,-0.015196851454675198,0.6236245632171631,0.4090508818626404,-0.014341432601213455,0.6297084093093872,0.4058680832386017,-0.011610076762735844,0.6344090700149536,0.4015883207321167,-0.007945138029754162,0.6376492381095886,0.39819031953811646,-0.0026684605982154608,0.6401428580284119,0.39498716592788696,0.0018831664929166436,0.6094850301742554,0.4098251461982727,-0.015234013088047504,0.6029226779937744,0.4074794054031372,-0.013348400592803955,0.5973571538925171,0.40415602922439575,-0.010275307111442089,0.5934045314788818,0.4016590118408203,-0.00561223179101944,0.6163864135742188,0.38874948024749756,-0.019282223656773567,0.6234690546989441,0.3855105936527252,-0.017923641949892044,0.6298041343688965,0.3880619406700134,-0.013646223582327366,0.6341288685798645,0.3908671438694,-0.008841581642627716,0.6374980807304382,0.39294853806495667,-0.0034070329274982214,0.5971111059188843,0.39338305592536926,-0.011389417573809624,0.6089009642601013,0.38631919026374817,-0.018826887011528015,0.6020163297653198,0.3897079825401306,-0.015476907603442669,0.5971111059188843,0.39338305592536926,-0.011389417573809624,0.5932663679122925,0.3964107036590576,-0.006597316823899746,0.5903881788253784,0.39919838309288025,-0.0016320385038852692,0.5925184488296509,0.398593932390213,-0.003544758539646864,0.5962986946105957,0.39753735065460205,-0.0059997583739459515,0.5999006628990173,0.396737277507782,-0.009106573648750782,0.6101366281509399,0.39643895626068115,-0.013514104299247265,0.616209089756012,0.39675772190093994,-0.013844612054526806,0.6219843626022339,0.39567136764526367,-0.012672231532633305,0.626969575881958,0.3947141170501709,-0.010062143206596375,0.634325385093689,0.3945353329181671,-0.003387743141502142,0.637970507144928,0.39483338594436646,-0.0005343713564798236,0.5999732613563538,0.3966710567474365,-0.008333636447787285,0.6047383546829224,0.3960225284099579,-0.010596560314297676,0.6102461218833923,0.39613834023475647,-0.012390339747071266,0.616350531578064,0.39651888608932495,-0.01269499957561493,0.6221165060997009,0.39545774459838867,-0.011562609113752842,0.6270722150802612,0.39463937282562256,-0.009109271690249443,0.6323201656341553,0.39612463116645813,-0.008038243278861046,0.637970507144928,0.39483338594436646,-0.0005343713564798236,0.682616114616394,0.29946401715278625,0.07558393478393555,0.5377705693244934,0.3095923662185669,0.06660446524620056,0.616799533367157,0.44132426381111145,-0.008795984089374542,0.5668449997901917,0.4048796594142914,0.008747285231947899,0.5616977214813232,0.33644455671310425,0.0023045053239911795
ssirt0486.mp4,195,,,,,,,,,,,,,,,,,,,,,,,,,,,,,,,,,,,,,,,,,,,,,,,,,,,,,,,,,,,,,,,,0.615933358669281,0.4099830687046051,-0.01653296686708927,0.6228125691413879,0.4087315797805786,-0.015692785382270813,0.628849446773529,0.405454158782959,-0.01294839009642601,0.6335205435752869,0.4011175334453583,-0.009245253168046474,0.6367557048797607,0.3976741433143616,-0.0038868922274559736,0.6392765641212463,0.39445751905441284,0.000801247893832624,0.6088408827781677,0.40962591767311096,-0.01655132696032524,0.6023999452590942,0.4073178768157959,-0.014622235670685768,0.5970277786254883,0.40403127670288086,-0.011484162881970406,0.5932533740997314,0.40156692266464233,-0.006702881772071123,0.6154825687408447,0.3886376917362213,-0.019956937059760094,0.6224827170372009,0.3854600191116333,-0.018590884283185005,0.6287307739257812,0.3879249095916748,-0.014398208819329739,0.633106529712677,0.39060792326927185,-0.009709806181490421,0.6365360617637634,0.3925479054450989,-0.004391060210764408,0.596813976764679,0.39340561628341675,-0.012144824489951134,0.6082084774971008,0.3863402009010315,-0.01945909857749939,0.6015716195106506,0.3897494673728943,-0.016140908002853394,0.596813976764679,0.39340561628341675,-0.012144824489951134,0.5931138396263123,0.39638441801071167,-0.007436783984303474,0.5903552174568176,0.3991203010082245,-0.002571718767285347,0.5924820303916931,0.39856308698654175,-0.004489994142204523,0.5961353778839111,0.3975527286529541,-0.006986571475863457,0.5996278524398804,0.3968183696269989,-0.010103180073201656,0.6095558404922485,0.39637625217437744,-0.014512431807816029,0.6155148148536682,0.3966022729873657,-0.014854583889245987,0.6212316751480103,0.3955058455467224,-0.013703369535505772,0.6261959671974182,0.394538938999176,-0.011112861335277557,0.6335673332214355,0.39418333768844604,-0.004488703329116106,0.6371574401855469,0.39437225461006165,-0.0016058507608249784,0.5996674299240112,0.39675360918045044,-0.009171605110168457,0.6042389869689941,0.39605972170829773,-0.011389592662453651,0.609562873840332,0.39603516459465027,-0.013175003230571747,0.615520715713501,0.39630281925201416,-0.013487518765032291,0.6212327480316162,0.39521998167037964,-0.012379923835396767,0.6261839866638184,0.3944202661514282,-0.009964860044419765,0.6315042972564697,0.3958079218864441,-0.009191876277327538,0.6371574401855469,0.39437225461006165,-0.0016058507608249784,0.682937741279602,0.3005465567111969,0.07640106230974197,0.5377183556556702,0.3104793429374695,0.06793034076690674,0.6164473295211792,0.43983614444732666,-0.010541010648012161,0.5665976405143738,0.4045335650444031,0.007902945391833782,0.561693012714386,0.33589988946914673,0.0024984769988805056
ssirt0486.mp4,196,,,,,,,,,,,,,,,,,,,,,,,,,,,,,,,,,,,,,,,,,,,,,,,,,,,,,,,,,,,,,,,,0.6158348321914673,0.40952906012535095,-0.01618293486535549,0.6226494908332825,0.40832602977752686,-0.015353890135884285,0.6286606192588806,0.40520673990249634,-0.012610407546162605,0.633333146572113,0.4010644853115082,-0.008925633504986763,0.6365934014320374,0.39775460958480835,-0.0036093879025429487,0.6391353607177734,0.39456287026405334,0.0010507116094231606,0.6088383793830872,0.4092167615890503,-0.016207125037908554,0.6024366021156311,0.4070812463760376,-0.014277187176048756,0.5970269441604614,0.4039720892906189,-0.0111598065122962,0.5931891798973083,0.4016140103340149,-0.006415848154574633,0.6153265833854675,0.3888425827026367,-0.019820762798190117,0.6223354339599609,0.3855557441711426,-0.01845991238951683,0.6286032795906067,0.3879414200782776,-0.01425220351666212,0.6330016255378723,0.3906186521053314,-0.009537090547382832,0.6364223957061768,0.3926013708114624,-0.004192425403743982,0.5967094302177429,0.39343029260635376,-0.011960756964981556,0.6080551147460938,0.3864603340625763,-0.019322676584124565,0.6014533638954163,0.38979724049568176,-0.01598525606095791,0.5967094302177429,0.39343029260635376,-0.011960756964981556,0.5930079221725464,0.3964084982872009,-0.007225705776363611,0.5902566909790039,0.39916321635246277,-0.002310206415131688,0.5923337936401367,0.3986088037490845,-0.0042351363226771355,0.5959480404853821,0.3976365029811859,-0.006727021187543869,0.5994630455970764,0.3968977928161621,-0.009839635342359543,0.6094410419464111,0.3964064121246338,-0.014246379025280476,0.6153897643089294,0.3966147005558014,-0.014591715298593044,0.6211279630661011,0.3955177366733551,-0.013443387113511562,0.6261286735534668,0.3945591449737549,-0.010857149958610535,0.6335333585739136,0.39426109194755554,-0.004238578956574202,0.6370677351951599,0.39444640278816223,-0.001357876812107861,0.5994852185249329,0.3968312442302704,-0.008944648317992687,0.6040821671485901,0.3961736559867859,-0.01117316447198391,0.6094333529472351,0.3961983919143677,-0.01296204887330532,0.615394651889801,0.3964715898036957,-0.013278328813612461,0.6211422085762024,0.3953566551208496,-0.012171308510005474,0.626133918762207,0.3945009708404541,-0.009754938073456287,0.6314180493354797,0.39582884311676025,-0.008912728168070316,0.6370677351951599,0.39444640278816223,-0.001357876812107861,0.6830573678016663,0.3000866174697876,0.07643312960863113,0.5377147197723389,0.30959826707839966,0.06803039461374283,0.6165102124214172,0.4396434426307678,-0.010071752592921257,0.5666895508766174,0.4039771258831024,0.008198573254048824,0.5618414878845215,0.33530569076538086,0.002470002043992281
ssirt0486.mp4,197,,,,,,,,,,,,,,,,,,,,,,,,,,,,,,,,,,,,,,,,,,,,,,,,,,,,,,,,,,,,,,,,0.6149410009384155,0.4092298448085785,-0.016479237005114555,0.6217778325080872,0.40807271003723145,-0.015714913606643677,0.6278851628303528,0.4050847887992859,-0.013075673021376133,0.6327214241027832,0.4011370539665222,-0.00944458693265915,0.6361148953437805,0.39797985553741455,-0.004157414194196463,0.6387148499488831,0.394915908575058,0.0005322039360180497,0.6080573797225952,0.4089280366897583,-0.016469081863760948,0.6018242239952087,0.406833291053772,-0.014576494693756104,0.5965932011604309,0.40379631519317627,-0.011461297050118446,0.5929158926010132,0.4014989733695984,-0.006677049677819014,0.6145808696746826,0.3890976011753082,-0.019904550164937973,0.621584415435791,0.38574734330177307,-0.018589556217193604,0.6279228329658508,0.3880718946456909,-0.014469824731349945,0.6324241161346436,0.3907591700553894,-0.009874076582491398,0.6359550356864929,0.3928300440311432,-0.004642253275960684,0.5963456630706787,0.39336681365966797,-0.012041647918522358,0.6073822379112244,0.38664406538009644,-0.01935647986829281,0.6009501218795776,0.38980376720428467,-0.016009820625185966,0.5963456630706787,0.39336681365966797,-0.012041647918522358,0.5927574634552002,0.39633914828300476,-0.007353444583714008,0.5901199579238892,0.3991106152534485,-0.0024798160884529352,0.5921804904937744,0.3985223174095154,-0.004450573585927486,0.5957149863243103,0.3974757492542267,-0.00697894673794508,0.5991106629371643,0.3967374861240387,-0.010074990801513195,0.6087926030158997,0.39632564783096313,-0.014450347982347012,0.6146299242973328,0.3965662121772766,-0.014827330596745014,0.6203906536102295,0.39548584818840027,-0.013744506053626537,0.6254675984382629,0.39458829164505005,-0.011228509247303009,0.6330708265304565,0.39448684453964233,-0.00474697956815362,0.636631429195404,0.3947867751121521,-0.0018635377055034041,0.5991645455360413,0.3966728448867798,-0.009042950347065926,0.6036199331283569,0.3960477113723755,-0.011217732913792133,0.6088255643844604,0.3961271047592163,-0.012988871894776821,0.6146734952926636,0.39644554257392883,-0.013332970440387726,0.6204356551170349,0.39534011483192444,-0.012287217192351818,0.6255062818527222,0.39452695846557617,-0.0099556352943182,0.6308320164680481,0.39593976736068726,-0.00936067570000887,0.636631429195404,0.3947867751121521,-0.0018635377055034041,0.683227002620697,0.29862645268440247,0.07629873603582382,0.5373551845550537,0.30856260657310486,0.06877870112657547,0.6161414384841919,0.43897587060928345,-0.010417608544230461,0.566237211227417,0.4036644995212555,0.008251972496509552,0.5611739754676819,0.33480265736579895,0.002814195118844509
ssirt0486.mp4,198,,,,,,,,,,,,,,,,,,,,,,,,,,,,,,,,,,,,,,,,,,,,,,,,,,,,,,,,,,,,,,,,0.6149762868881226,0.4087446630001068,-0.01683405600488186,0.6218191385269165,0.40759629011154175,-0.016046248376369476,0.6279285550117493,0.4046611785888672,-0.013343214057385921,0.6327537894248962,0.4007387161254883,-0.009654820896685123,0.6361218690872192,0.39757415652275085,-0.004296313971281052,0.6386962532997131,0.3944838047027588,0.0004377363948151469,0.6080257892608643,0.40847527980804443,-0.01681094616651535,0.6017235517501831,0.4064546227455139,-0.014868704602122307,0.5964194536209106,0.40348538756370544,-0.011703652329742908,0.5926931500434875,0.4012242555618286,-0.0068547362461686134,0.6147014498710632,0.3888968527317047,-0.020002735778689384,0.6217494010925293,0.38549643754959106,-0.018686864525079727,0.6280518174171448,0.387749582529068,-0.014564966782927513,0.6324971914291382,0.3903915286064148,-0.009960690513253212,0.6359657049179077,0.39242374897003174,-0.004722983110696077,0.5961915850639343,0.39315885305404663,-0.012156778946518898,0.607415497303009,0.3864503502845764,-0.01946263015270233,0.6008781790733337,0.389614999294281,-0.016122834756970406,0.5961915850639343,0.39315885305404663,-0.012156778946518898,0.5925487279891968,0.39610570669174194,-0.0074723269790410995,0.5898652672767639,0.3988555669784546,-0.0026218087878078222,0.5919252634048462,0.3982889652252197,-0.004590273834764957,0.5954996943473816,0.39725375175476074,-0.007137733977288008,0.5989517569541931,0.39651304483413696,-0.010260401293635368,0.6087759733200073,0.3960670828819275,-0.01467152126133442,0.6146889328956604,0.39630112051963806,-0.0150507353246212,0.6204552054405212,0.39520761370658875,-0.013956219889223576,0.6255151033401489,0.3942975401878357,-0.011415927670896053,0.6330678462982178,0.39414381980895996,-0.004871823359280825,0.6366175413131714,0.39438512921333313,-0.0019628764130175114,0.5989993810653687,0.39644306898117065,-0.009170995093882084,0.603527843952179,0.3958240747451782,-0.011348238214850426,0.6088027954101562,0.39591091871261597,-0.013126085512340069,0.6147271990776062,0.3962218761444092,-0.013471551239490509,0.6204975843429565,0.3950849175453186,-0.012418740428984165,0.6255530714988708,0.39422106742858887,-0.010072330012917519,0.630871057510376,0.3956128656864166,-0.009549839422106743,0.6366175413131714,0.39438512921333313,-0.0019628764130175114,0.6831064224243164,0.29779502749443054,0.07650448381900787,0.5371612906455994,0.3080291450023651,0.06888747960329056,0.6159974336624146,0.43857479095458984,-0.01085607334971428,0.565948486328125,0.4033646583557129,0.00804414227604866,0.5609315037727356,0.3344624936580658,0.0027706644032150507
ssirt0486.mp4,199,,,,,,,,,,,,,,,,,,,,,,,,,,,,,,,,,,,,,,,,,,,,,,,,,,,,,,,,,,,,,,,,0.6153197884559631,0.4090518355369568,-0.016458779573440552,0.6222727298736572,0.4078598618507385,-0.015644129365682602,0.6284633874893188,0.40482574701309204,-0.012904966250061989,0.6333500742912292,0.40069514513015747,-0.009205934591591358,0.6367596983909607,0.3973194360733032,-0.0038467515259981155,0.639369010925293,0.3940320611000061,0.0008518873946741223,0.6082352995872498,0.408814400434494,-0.016448309645056725,0.6018019914627075,0.40677958726882935,-0.01448963675647974,0.5963768362998962,0.4036923944950104,-0.011319753713905811,0.5925680994987488,0.4012742340564728,-0.006478982046246529,0.6150106191635132,0.3888149857521057,-0.019736887887120247,0.6221983432769775,0.38532882928848267,-0.01841907575726509,0.6286429762840271,0.38742899894714355,-0.014270723797380924,0.6331446766853333,0.39000406861305237,-0.009619301185011864,0.6366315484046936,0.3919944167137146,-0.004338961094617844,0.5960723757743835,0.39299893379211426,-0.011886440217494965,0.6075624823570251,0.3863423466682434,-0.019225819036364555,0.6008415818214417,0.38945913314819336,-0.01588550955057144,0.5960723757743835,0.39299893379211426,-0.011886440217494965,0.5923947095870972,0.39596712589263916,-0.007169289980083704,0.5896915793418884,0.39876019954681396,-0.002287063514813781,0.5917698740959167,0.39822402596473694,-0.004244920797646046,0.5954157710075378,0.3972665071487427,-0.006786869373172522,0.598940372467041,0.39654070138931274,-0.00992206297814846,0.6089870929718018,0.3961000144481659,-0.014347129501402378,0.6150083541870117,0.3963150084018707,-0.01471045333892107,0.6208662986755371,0.39518117904663086,-0.013590209186077118,0.6260017156600952,0.3941986560821533,-0.011030884459614754,0.6336567401885986,0.39387089014053345,-0.004448208957910538,0.6372738480567932,0.39397895336151123,-0.0015399580588564277,0.5989506244659424,0.3964521288871765,-0.008879981935024261,0.6035807132720947,0.3958905041217804,-0.011076460592448711,0.6089853048324585,0.3960323929786682,-0.012857346795499325,0.6150321364402771,0.3963363766670227,-0.013191771693527699,0.6209135055541992,0.39514589309692383,-0.012117445468902588,0.6260473132133484,0.39415863156318665,-0.009746981784701347,0.6314381957054138,0.3954760432243347,-0.009131243452429771,0.6372738480567932,0.39397895336151123,-0.0015399580588564277,0.6831287741661072,0.2978087365627289,0.07630524784326553,0.5371304154396057,0.30800801515579224,0.06861042231321335,0.616079568862915,0.4391065239906311,-0.010425031185150146,0.5660743713378906,0.40362733602523804,0.008291173726320267,0.5609939098358154,0.33471131324768066,0.002695188159123063
ssirt0486.mp4,200,,,,,,,,,,,,,,,,,,,,,,,,,,,,,,,,,,,,,,,,,,,,,,,,,,,,,,,,,,,,,,,,0.6145740151405334,0.4092105031013489,-0.01684507727622986,0.6213406324386597,0.40785494446754456,-0.016087524592876434,0.6273002028465271,0.4043669104576111,-0.01344806607812643,0.6319555044174194,0.3998751938343048,-0.009816021658480167,0.6351923942565918,0.3963625431060791,-0.0045366063714027405,0.6377159953117371,0.39311683177948,0.0001770791132003069,0.6075791120529175,0.40887451171875,-0.016832061111927032,0.6012667417526245,0.4064215123653412,-0.014919973909854889,0.5960685014724731,0.40292254090309143,-0.01179228350520134,0.5924803614616394,0.40026724338531494,-0.007006632164120674,0.6146807670593262,0.3874549865722656,-0.02031385712325573,0.6215355396270752,0.3840075135231018,-0.01898481696844101,0.6274574398994446,0.3864216208457947,-0.014869538135826588,0.6316786408424377,0.3891265392303467,-0.010272023268043995,0.6350167989730835,0.3911058306694031,-0.005032168235629797,0.5963356494903564,0.3919757902622223,-0.012381007894873619,0.6075741052627563,0.38491231203079224,-0.019728457555174828,0.601098358631134,0.3883250951766968,-0.016361379995942116,0.5963356494903564,0.3919757902622223,-0.012381007894873619,0.5925971269607544,0.3949454724788666,-0.007682629860937595,0.5897441506385803,0.397686243057251,-0.0027768751606345177,0.59185791015625,0.39710888266563416,-0.004769397899508476,0.59543377161026,0.39602842926979065,-0.00728662358596921,0.5988689064979553,0.39527958631515503,-0.010396290570497513,0.6086122393608093,0.39488983154296875,-0.014807816594839096,0.6144691705703735,0.3951948881149292,-0.015190702863037586,0.6200777888298035,0.39398422837257385,-0.014108114875853062,0.6249217987060547,0.39296358823776245,-0.011588609777390957,0.6321461200714111,0.39271339774131775,-0.005101087968796492,0.6356443762779236,0.3930066227912903,-0.002233095932751894,0.5989475250244141,0.3952307403087616,-0.009425334632396698,0.6034336090087891,0.39451345801353455,-0.01162759494036436,0.608633279800415,0.3945251703262329,-0.013423635624349117,0.614474356174469,0.3948909640312195,-0.013780483976006508,0.6200757622718811,0.39369016885757446,-0.012738479301333427,0.6249171495437622,0.39284446835517883,-0.010396097786724567,0.6300865411758423,0.39436402916908264,-0.00973954051733017,0.6356443762779236,0.3930066227912903,-0.002233095932751894,0.6829562783241272,0.2973248064517975,0.07683464884757996,0.536791205406189,0.3076764941215515,0.06955701112747192,0.6154478788375854,0.43737372756004333,-0.010723897255957127,0.5655404329299927,0.40212559700012207,0.008117062039673328,0.5606037974357605,0.3331751823425293,0.0028882932383567095
ssirt0486.mp4,201,,,,,,,,,,,,,,,,,,,,,,,,,,,,,,,,,,,,,,,,,,,,,,,,,,,,,,,,,,,,,,,,0.6140592694282532,0.40731316804885864,-0.017345599830150604,0.620897650718689,0.4060342609882355,-0.01659056544303894,0.6269993185997009,0.4028443992137909,-0.013916009105741978,0.6318386793136597,0.39871662855148315,-0.010247857309877872,0.6352450251579285,0.3954280912876129,-0.004913926590234041,0.6378767490386963,0.392294317483902,-0.00016649646568112075,0.6071301102638245,0.4070783853530884,-0.01728925295174122,0.6008851528167725,0.40494847297668457,-0.01530702505260706,0.5956936478614807,0.4018278419971466,-0.012119735591113567,0.5920997262001038,0.3994176685810089,-0.007246237713843584,0.6140425205230713,0.3871319890022278,-0.02040155790746212,0.6210125684738159,0.3836621940135956,-0.01910237967967987,0.6271698474884033,0.38585981726646423,-0.015036920085549355,0.6315971612930298,0.3884063959121704,-0.010478663258254528,0.635104238986969,0.390333354473114,-0.005291019566357136,0.5957800149917603,0.39137426018714905,-0.012467482127249241,0.6068724393844604,0.38465312123298645,-0.0198039747774601,0.6004604697227478,0.3878604769706726,-0.016439227387309074,0.5957800149917603,0.39137426018714905,-0.012467482127249241,0.5921091437339783,0.3942873477935791,-0.007790356874465942,0.5893635153770447,0.3969802260398865,-0.0029587692115455866,0.5914384126663208,0.3963838219642639,-0.004947047680616379,0.5949696898460388,0.3952849209308624,-0.007487154100090265,0.5983673334121704,0.3945021629333496,-0.010614307597279549,0.6080495715141296,0.39399194717407227,-0.015063484199345112,0.613906741142273,0.3942474126815796,-0.015475472435355186,0.6196571588516235,0.3930589556694031,-0.014407701790332794,0.6246833801269531,0.3920929431915283,-0.011896973475813866,0.6322329044342041,0.39192941784858704,-0.00542181171476841,0.6358116269111633,0.39219874143600464,-0.0025480289477854967,0.5984445214271545,0.3944617211818695,-0.009564738720655441,0.6028945446014404,0.39374518394470215,-0.011765219271183014,0.608087420463562,0.3937729597091675,-0.013574168086051941,0.6139459609985352,0.39411789178848267,-0.013954428024590015,0.6196992993354797,0.3929038643836975,-0.012930960394442081,0.6247252821922302,0.39204278588294983,-0.010606233961880207,0.6299985647201538,0.39344871044158936,-0.0100899338722229,0.6358116269111633,0.39219874143600464,-0.0025480289477854967,0.6829309463500977,0.2964310050010681,0.07652967423200607,0.5365918874740601,0.3076595664024353,0.06964744627475739,0.6152995824813843,0.4363602101802826,-0.011488215066492558,0.5653842687606812,0.4016386568546295,0.0078272745013237,0.5602923631668091,0.3327401578426361,0.002994196256622672
ssirt0486.mp4,202,,,,,,,,,,,,,,,,,,,,,,,,,,,,,,,,,,,,,,,,,,,,,,,,,,,,,,,,,,,,,,,,0.614238440990448,0.4067145884037018,-0.01738928258419037,0.6211434006690979,0.4054239094257355,-0.016607653349637985,0.6272825598716736,0.40217968821525574,-0.013875401578843594,0.6321109533309937,0.3979688286781311,-0.010163304395973682,0.6354924440383911,0.3946259021759033,-0.004786998964846134,0.6381033062934875,0.3914627134799957,-4.298156272852793e-05,0.6071679592132568,0.40648922324180603,-0.017331577837467194,0.6007606387138367,0.40432700514793396,-0.015310515649616718,0.595429003238678,0.4011722207069397,-0.01209357101470232,0.5917243361473083,0.3987571597099304,-0.0071941763162612915,0.614126980304718,0.3860033452510834,-0.020445819944143295,0.6211286187171936,0.38254889845848083,-0.019134661182761192,0.6273190975189209,0.3848203122615814,-0.015037981793284416,0.6317679286003113,0.38744455575942993,-0.01043006032705307,0.6353007555007935,0.3894308805465698,-0.005193071905523539,0.5955140590667725,0.3905225396156311,-0.012483566999435425,0.6068625450134277,0.3835560083389282,-0.019860342144966125,0.6003137230873108,0.3868912160396576,-0.016488468274474144,0.5955140590667725,0.3905225396156311,-0.012483566999435425,0.5917360782623291,0.39353612065315247,-0.007775326259434223,0.5889155864715576,0.39631813764572144,-0.002926851389929652,0.5910188555717468,0.39568984508514404,-0.004899626597762108,0.5946159958839417,0.3945341110229492,-0.007435422390699387,0.5981014370918274,0.3936796486377716,-0.010593145154416561,0.6080259680747986,0.3930099308490753,-0.015091009438037872,0.6139953136444092,0.39322346448898315,-0.015500816516578197,0.6197746992111206,0.3920363485813141,-0.014409882016479969,0.6248248219490051,0.39109304547309875,-0.011861128732562065,0.6323873400688171,0.3909982740879059,-0.0053002419881522655,0.6360001564025879,0.39133211970329285,-0.0024227353278547525,0.598194420337677,0.3936202824115753,-0.00959180761128664,0.6027602553367615,0.3928089737892151,-0.011828658170998096,0.6080721616744995,0.39274632930755615,-0.013659356161952019,0.6140390038490295,0.39304667711257935,-0.014035494066774845,0.6198108196258545,0.39184480905532837,-0.012991256080567837,0.6248534321784973,0.39102232456207275,-0.010627265088260174,0.6301912665367126,0.39254236221313477,-0.010023205541074276,0.6360001564025879,0.39133211970329285,-0.0024227353278547525,0.6825972199440002,0.29595768451690674,0.07676877081394196,0.5361925363540649,0.3073207437992096,0.06955991685390472,0.6151571273803711,0.4358827769756317,-0.011513333767652512,0.565122127532959,0.4010801315307617,0.0077833449468016624,0.559951663017273,0.3320047855377197,0.002918716287240386
ssirt0486.mp4,203,,,,,,,,,,,,,,,,,,,,,,,,,,,,,,,,,,,,,,,,,,,,,,,,,,,,,,,,,,,,,,,,0.6143127083778381,0.4059538245201111,-0.017421141266822815,0.6212206482887268,0.4046581983566284,-0.016646189615130424,0.6273289322853088,0.40143176913261414,-0.013906708918511868,0.6320818662643433,0.39727577567100525,-0.010197408497333527,0.6353747248649597,0.3939984440803528,-0.004840631037950516,0.637923538684845,0.390903115272522,-0.0001084275936591439,0.607231616973877,0.40570610761642456,-0.017365045845508575,0.6008251905441284,0.4035346508026123,-0.015338552184402943,0.5955160856246948,0.40039145946502686,-0.01212755125015974,0.5918328166007996,0.39801281690597534,-0.007251094561070204,0.6142034530639648,0.3850485682487488,-0.020720088854432106,0.6211317181587219,0.38167911767959595,-0.019392237067222595,0.6272857785224915,0.3841090798377991,-0.015260879881680012,0.6316810846328735,0.38682007789611816,-0.010603697039186954,0.6351636648178101,0.38887161016464233,-0.005316609516739845,0.5956423282623291,0.3898533880710602,-0.012661665678024292,0.6069751977920532,0.3826878070831299,-0.02011612243950367,0.6004247069358826,0.38616228103637695,-0.016715705394744873,0.5956423282623291,0.3898533880710602,-0.012661665678024292,0.5918735861778259,0.3928721249103546,-0.007900173775851727,0.5890668034553528,0.3956213891506195,-0.002992108231410384,0.5911654233932495,0.39499717950820923,-0.004975787829607725,0.5947573781013489,0.3938034772872925,-0.007493606302887201,0.5982062816619873,0.3929594159126282,-0.0106629254296422,0.6080721020698547,0.3923245668411255,-0.015194082632660866,0.614023745059967,0.39252108335494995,-0.015613744966685772,0.6197695136070251,0.39134860038757324,-0.01451918575912714,0.6247652769088745,0.3904239237308502,-0.011956971138715744,0.6321904063224792,0.3903786540031433,-0.005360530223697424,0.6358011960983276,0.39078229665756226,-0.0024995864368975163,0.5983777046203613,0.3929138779640198,-0.009770040400326252,0.6029265522956848,0.3920569121837616,-0.012051153928041458,0.6082109212875366,0.3919360041618347,-0.013908728957176208,0.614137589931488,0.392202228307724,-0.014295591972768307,0.6198397278785706,0.3910571336746216,-0.013245003297924995,0.6248066425323486,0.39033567905426025,-0.010854555293917656,0.6300939917564392,0.39185941219329834,-0.010093468241393566,0.6358011960983276,0.39078229665756226,-0.0024995864368975163,0.6824594736099243,0.295154869556427,0.07718398422002792,0.5358349680900574,0.30673450231552124,0.06991604715585709,0.6150193214416504,0.43570616841316223,-0.011453712359070778,0.5648737549781799,0.4006844758987427,0.00779507402330637,0.5595281720161438,0.331429123878479,0.002903440734371543
ssirt0486.mp4,204,,,,,,,,,,,,,,,,,,,,,,,,,,,,,,,,,,,,,,,,,,,,,,,,,,,,,,,,,,,,,,,,0.6143289804458618,0.40490177273750305,-0.01751931756734848,0.621174156665802,0.40356171131134033,-0.01680120639503002,0.6271982192993164,0.40034133195877075,-0.01415394339710474,0.6318579316139221,0.3962567448616028,-0.010517776943743229,0.6350866556167603,0.39308813214302063,-0.0052504451014101505,0.6375759243965149,0.39008188247680664,-0.0005494207725860178,0.6072763800621033,0.40471529960632324,-0.017437363043427467,0.6008853316307068,0.4026419520378113,-0.015437855385243893,0.5955960154533386,0.3996315598487854,-0.012261191383004189,0.5919198989868164,0.3973909318447113,-0.007424953393638134,0.6142324805259705,0.38402509689331055,-0.02086237445473671,0.6211046576499939,0.38060837984085083,-0.019566573202610016,0.6271883249282837,0.3830588757991791,-0.015512680634856224,0.6315113306045532,0.38583818078041077,-0.01093202456831932,0.634910523891449,0.3879690170288086,-0.005720276851207018,0.5956874489784241,0.3891024589538574,-0.01276642270386219,0.6070225238800049,0.3817010521888733,-0.02020646072924137,0.6004630327224731,0.38528332114219666,-0.01679735630750656,0.5956874489784241,0.3891024589538574,-0.01276642270386219,0.5919411182403564,0.39224496483802795,-0.008040395565330982,0.5891631841659546,0.3951047956943512,-0.0031549057457596064,0.5912349224090576,0.3944261074066162,-0.005158554296940565,0.5947822332382202,0.3931477963924408,-0.007655599620193243,0.5982248783111572,0.3922303318977356,-0.010792051441967487,0.6080844402313232,0.39149749279022217,-0.015298383310437202,0.6140248775482178,0.3916501998901367,-0.015749456360936165,0.6197177767753601,0.39045199751853943,-0.014705900102853775,0.6246518492698669,0.389508455991745,-0.012204673141241074,0.6319477558135986,0.3894851803779602,-0.005736967548727989,0.6354759931564331,0.3899259567260742,-0.0029207896441221237,0.5984030365943909,0.3921812176704407,-0.009931030683219433,0.6029556393623352,0.3912535309791565,-0.012199709191918373,0.6082364320755005,0.3910766839981079,-0.014059402979910374,0.6141409873962402,0.3912867605686188,-0.014476954936981201,0.619780421257019,0.39013242721557617,-0.013477575033903122,0.6246848702430725,0.38940665125846863,-0.01114293560385704,0.6298996210098267,0.39091742038726807,-0.010394980199635029,0.6354759931564331,0.3899259567260742,-0.0029207896441221237,0.6827090382575989,0.2940264642238617,0.07691702246665955,0.535804033279419,0.3066787123680115,0.07026612758636475,0.6147605776786804,0.4351215660572052,-0.01154856663197279,0.5647357106208801,0.400420606136322,0.007767070550471544,0.5591851472854614,0.3311580419540405,0.0030808509327471256
ssirt0486.mp4,205,,,,,,,,,,,,,,,,,,,,,,,,,,,,,,,,,,,,,,,,,,,,,,,,,,,,,,,,,,,,,,,,0.6140640377998352,0.4043418765068054,-0.0177911426872015,0.6209695339202881,0.4029574692249298,-0.017044387757778168,0.6270556449890137,0.39974451065063477,-0.014338523149490356,0.6317847371101379,0.39565736055374146,-0.01064610667526722,0.6350667476654053,0.3924528956413269,-0.005301624536514282,0.6375845074653625,0.38943013548851013,-0.0005517986137419939,0.6070042252540588,0.40424028038978577,-0.017705470323562622,0.6006157398223877,0.40232396125793457,-0.015667090192437172,0.595305860042572,0.39946863055229187,-0.012445350177586079,0.5916263461112976,0.3973050117492676,-0.007544510532170534,0.613853931427002,0.38409173488616943,-0.020880399271845818,0.6208325028419495,0.38053685426712036,-0.019577868282794952,0.6270245909690857,0.3827618956565857,-0.015509719029068947,0.6314314007759094,0.3853776156902313,-0.010918723419308662,0.6348849534988403,0.38739126920700073,-0.0056997970677912235,0.5952860713005066,0.3890002369880676,-0.012817834503948689,0.6065751910209656,0.38174402713775635,-0.0202432069927454,0.6000297665596008,0.3852115273475647,-0.016843128949403763,0.5952860713005066,0.3890002369880676,-0.012817834503948689,0.5915837287902832,0.3921721577644348,-0.008096608333289623,0.5888569951057434,0.39508092403411865,-0.003237208817154169,0.5909391641616821,0.39436474442481995,-0.005239096004515886,0.5945004224777222,0.3930404484272003,-0.0077649797312915325,0.5979533791542053,0.3920671045780182,-0.010925370268523693,0.60779869556427,0.3912099003791809,-0.015452515333890915,0.6137444972991943,0.39133381843566895,-0.01589730940759182,0.6195067167282104,0.390059232711792,-0.014834437519311905,0.6245089173316956,0.3890450596809387,-0.01230876985937357,0.6319423317909241,0.3889310956001282,-0.00578329898416996,0.6354900598526001,0.38929471373558044,-0.00293101673014462,0.5980653762817383,0.3920220732688904,-0.009977607987821102,0.6025941371917725,0.39108043909072876,-0.012240169569849968,0.6078733205795288,0.3909268379211426,-0.014097326435148716,0.6138023138046265,0.39113011956214905,-0.014508873224258423,0.6195371150970459,0.3898564577102661,-0.013492763042449951,0.6245279908180237,0.38898858428001404,-0.01114216260612011,0.6298227310180664,0.39040055871009827,-0.010495034977793694,0.6354900598526001,0.38929471373558044,-0.00293101673014462,0.6825662851333618,0.2936898171901703,0.07696464657783508,0.5357800126075745,0.30680954456329346,0.07021365314722061,0.6148136258125305,0.4347200393676758,-0.01192502211779356,0.5647006630897522,0.4002566337585449,0.007611203473061323,0.5591254830360413,0.3310910165309906,0.0030590794049203396
ssirt0486.mp4,206,,,,,,,,,,,,,,,,,,,,,,,,,,,,,,,,,,,,,,,,,,,,,,,,,,,,,,,,,,,,,,,,0.6142207384109497,0.40396052598953247,-0.017816679552197456,0.6210896372795105,0.40260225534439087,-0.01706787385046482,0.6271277070045471,0.3994896411895752,-0.01435477752238512,0.6318023800849915,0.39555901288986206,-0.01066211424767971,0.6350466012954712,0.3925073444843292,-0.005324688274413347,0.637531578540802,0.3896014094352722,-0.0005835975171066821,0.6071850657463074,0.4038645923137665,-0.017733342945575714,0.6007835268974304,0.4020429849624634,-0.01569443568587303,0.5954315066337585,0.39933693408966064,-0.012475689873099327,0.5916986465454102,0.39731526374816895,-0.007583869155496359,0.613935649394989,0.3837989568710327,-0.020948709920048714,0.6208948493003845,0.3803486227989197,-0.019640086218714714,0.6270850300788879,0.3826937675476074,-0.015567351132631302,0.6314665079116821,0.3854091763496399,-0.010963411070406437,0.634883463382721,0.38750484585762024,-0.0057351901195943356,0.5953121781349182,0.3889199495315552,-0.012875942513346672,0.6066509485244751,0.38151031732559204,-0.02030937373638153,0.6000703573226929,0.38503819704055786,-0.016910456120967865,0.5953121781349182,0.3889199495315552,-0.012875942513346672,0.5916056036949158,0.3921862244606018,-0.008146983571350574,0.5889034867286682,0.39517906308174133,-0.0032853465527296066,0.5909854769706726,0.394428551197052,-0.0052831824868917465,0.5945346355438232,0.39306896924972534,-0.007795492187142372,0.5980076789855957,0.39206719398498535,-0.010953454300761223,0.6078962683677673,0.39114731550216675,-0.015482989139854908,0.6138371229171753,0.39123016595840454,-0.015928037464618683,0.6195715665817261,0.3900044858455658,-0.014862141571938992,0.6245494484901428,0.389041543006897,-0.012331982143223286,0.631923496723175,0.3890031576156616,-0.0058005996979773045,0.6354285478591919,0.3894265294075012,-0.002959637204185128,0.59812992811203,0.392005980014801,-0.010049913078546524,0.6026845574378967,0.3910239040851593,-0.012325268238782883,0.6079907417297363,0.3908248245716095,-0.014187823049724102,0.6139179468154907,0.3909885287284851,-0.014599946327507496,0.6196198463439941,0.3897801339626312,-0.013580312952399254,0.6245822310447693,0.38898521661758423,-0.011220348998904228,0.6298316717147827,0.39039358496665955,-0.01051371730864048,0.6354285478591919,0.3894265294075012,-0.002959637204185128,0.6825200915336609,0.2938311696052551,0.07698172330856323,0.5358250737190247,0.306939959526062,0.07017581164836884,0.6149162650108337,0.43481242656707764,-0.011976854875683784,0.564829409122467,0.40036851167678833,0.007543063722550869,0.5592042207717896,0.33114761114120483,0.003032267326489091
ssirt0486.mp4,207,,,,,,,,,,,,,,,,,,,,,,,,,,,,,,,,,,,,,,,,,,,,,,,,,,,,,,,,,,,,,,,,0.6141411662101746,0.40433627367019653,-0.017758667469024658,0.6210955381393433,0.4028971791267395,-0.01702531985938549,0.627203643321991,0.3995327949523926,-0.014312010258436203,0.6319160461425781,0.3952450752258301,-0.010619668290019035,0.6351755857467651,0.3918844759464264,-0.0052832611836493015,0.6376750469207764,0.38875681161880493,-0.0005698377499356866,0.6070228219032288,0.4042443633079529,-0.017642218619585037,0.6005599498748779,0.402240514755249,-0.015542881563305855,0.5951830744743347,0.39924436807632446,-0.01228631567209959,0.5914568305015564,0.39697596430778503,-0.007360747084021568,0.6137740015983582,0.38336122035980225,-0.02085944078862667,0.6207632422447205,0.3798549473285675,-0.01958320662379265,0.6269986033439636,0.3821330964565277,-0.015529021620750427,0.6314443945884705,0.38475680351257324,-0.01093245018273592,0.6349365711212158,0.3867416977882385,-0.0057077263481915,0.5951291918754578,0.38846465945243835,-0.0126877436414361,0.606452226638794,0.3810760974884033,-0.020200546830892563,0.5998821258544922,0.38461077213287354,-0.016762182116508484,0.5951291918754578,0.38846465945243835,-0.0126877436414361,0.5914033055305481,0.3916929066181183,-0.007925420999526978,0.5886672139167786,0.3946595788002014,-0.003052053041756153,0.5907362699508667,0.39392536878585815,-0.005058538634330034,0.5943301320075989,0.3925769627094269,-0.007588654290884733,0.5978060960769653,0.39157432317733765,-0.010777442716062069,0.6077170968055725,0.3906280994415283,-0.015375541523098946,0.6136932969093323,0.3907216191291809,-0.015847429633140564,0.6194755434989929,0.38939645886421204,-0.01480010338127613,0.6244982481002808,0.3883458077907562,-0.012275765649974346,0.6319741010665894,0.3882196247577667,-0.005751344840973616,0.6355677247047424,0.3886173665523529,-0.0029204299207776785,0.5979418754577637,0.39147767424583435,-0.009874763898551464,0.6025102734565735,0.39046889543533325,-0.012179828248918056,0.607828676700592,0.39025169610977173,-0.014074125327169895,0.6137942671775818,0.3904404640197754,-0.014514069072902203,0.6195441484451294,0.38914749026298523,-0.01351206749677658,0.6245473623275757,0.3882850110530853,-0.011161426082253456,0.6298751831054688,0.38975587487220764,-0.01046769879758358,0.6355677247047424,0.3886173665523529,-0.0029204299207776785,0.6822826266288757,0.2935737073421478,0.07660385221242905,0.5353655815124512,0.30683833360671997,0.07032621651887894,0.6150017380714417,0.43473660945892334,-0.011930731125175953,0.5644945502281189,0.4002845287322998,0.007775871083140373,0.5589063167572021,0.33063891530036926,0.0032129595056176186
ssirt0486.mp4,208,,,,,,,,,,,,,,,,,,,,,,,,,,,,,,,,,,,,,,,,,,,,,,,,,,,,,,,,,,,,,,,,0.614372730255127,0.4040966033935547,-0.017387088388204575,0.6212750673294067,0.40272843837738037,-0.0166428554803133,0.627327561378479,0.39948511123657227,-0.013927716761827469,0.6319754719734192,0.39528244733810425,-0.010248860344290733,0.635177493095398,0.39197713136672974,-0.004942878149449825,0.6376298069953918,0.38889601826667786,-0.00024706448311917484,0.6072657108306885,0.40397408604621887,-0.01729688048362732,0.6007944941520691,0.40201908349990845,-0.015219908207654953,0.5953920483589172,0.39909476041793823,-0.011988630518317223,0.5916332006454468,0.39691323041915894,-0.007109236903488636,0.6139083504676819,0.3832172453403473,-0.02069949172437191,0.6208717226982117,0.3797607421875,-0.01940886676311493,0.6270931959152222,0.3821084797382355,-0.015326025895774364,0.6314980983734131,0.3848041892051697,-0.010698153637349606,0.6349437236785889,0.38684695959091187,-0.005441493354737759,0.5952361226081848,0.38840171694755554,-0.012534917332231998,0.6065877676010132,0.380927175283432,-0.02005729451775551,0.5999881029129028,0.38449808955192566,-0.016619037836790085,0.5952361226081848,0.38840171694755554,-0.012534917332231998,0.5915256142616272,0.3916737735271454,-0.00775782810524106,0.5888180732727051,0.39468151330947876,-0.002838767133653164,0.5908831357955933,0.393923819065094,-0.004844477865844965,0.594465970993042,0.3925389349460602,-0.007368840742856264,0.5979512929916382,0.3915048837661743,-0.01055055856704712,0.6078897714614868,0.39054787158966064,-0.015126263722777367,0.6138546466827393,0.3906574845314026,-0.015579522587358952,0.6195878982543945,0.3893807828426361,-0.014517467468976974,0.6245655417442322,0.3883613646030426,-0.011988471262156963,0.6319555640220642,0.38828375935554504,-0.005453943274915218,0.635524570941925,0.388713002204895,-0.0026164387818425894,0.598081648349762,0.39143091440200806,-0.009670162573456764,0.6026689410209656,0.3904135823249817,-0.01197299174964428,0.6080049276351929,0.39020609855651855,-0.013858229853212833,0.6139577627182007,0.39040112495422363,-0.014282788150012493,0.6196563243865967,0.38915374875068665,-0.013266866095364094,0.6246082782745361,0.3883150815963745,-0.010905851610004902,0.629909098148346,0.3897954821586609,-0.010149895213544369,0.635524570941925,0.388713002204895,-0.0026164387818425894,0.6822330355644226,0.2928953468799591,0.07666599005460739,0.535309910774231,0.30626803636550903,0.07012572884559631,0.6149066090583801,0.4352186322212219,-0.01140462514013052,0.5645589828491211,0.40034568309783936,0.00799271184951067,0.5591604709625244,0.3305620551109314,0.003074903041124344
ssirt0486.mp4,209,,,,,,,,,,,,,,,,,,,,,,,,,,,,,,,,,,,,,,,,,,,,,,,,,,,,,,,,,,,,,,,,0.614490270614624,0.4045236110687256,-0.017522547394037247,0.6213844418525696,0.4031241834163666,-0.01679314114153385,0.6274113059043884,0.3997897207736969,-0.014109212905168533,0.63201904296875,0.39549410343170166,-0.010460414923727512,0.6351918578147888,0.3921353816986084,-0.005192057695239782,0.6376333832740784,0.38902565836906433,-0.0005129476194269955,0.6073800921440125,0.40437203645706177,-0.017423955723643303,0.600902795791626,0.4023289680480957,-0.015361648052930832,0.5954997539520264,0.39931803941726685,-0.012149618938565254,0.5917311310768127,0.39709728956222534,-0.00729327742010355,0.6139599680900574,0.38328152894973755,-0.02081504464149475,0.6209033131599426,0.37982839345932007,-0.019526677206158638,0.6271098852157593,0.382221519947052,-0.015476985834538937,0.6315063238143921,0.38493746519088745,-0.010886498726904392,0.6349483132362366,0.38698771595954895,-0.00567129161208868,0.5953220129013062,0.3885459303855896,-0.012668831273913383,0.6066515445709229,0.38099241256713867,-0.0201556459069252,0.6000630855560303,0.38460811972618103,-0.016732357442378998,0.5953220129013062,0.3885459303855896,-0.012668831273913383,0.591610312461853,0.39183783531188965,-0.00791903492063284,0.5889017581939697,0.3948473632335663,-0.0030283075757324696,0.5909615159034729,0.3940858542919159,-0.005030380561947823,0.5945531129837036,0.392694354057312,-0.007531846407800913,0.5980368852615356,0.39166924357414246,-0.01069530751556158,0.607965350151062,0.39076152443885803,-0.015257664956152439,0.613925039768219,0.39088261127471924,-0.015721004456281662,0.6196441650390625,0.38958579301834106,-0.0146709019318223,0.6246036291122437,0.38852834701538086,-0.01215935219079256,0.6319591999053955,0.3884071707725525,-0.005677047185599804,0.6355341672897339,0.38884368538856506,-0.0028705939184874296,0.5981684923171997,0.3916086256504059,-0.009854483418166637,0.6027531623840332,0.3905826210975647,-0.012154385447502136,0.6080858707427979,0.3903697729110718,-0.01403819676488638,0.6140301823616028,0.39057016372680664,-0.014468754641711712,0.6197112202644348,0.38931769132614136,-0.013468061573803425,0.6246469616889954,0.3884802460670471,-0.011122644878923893,0.6299338936805725,0.38994789123535156,-0.010348603129386902,0.6355341672897339,0.38884368538856506,-0.0028705939184874296,0.6822654008865356,0.2933323085308075,0.07654047757387161,0.5352888703346252,0.30664849281311035,0.07014476507902145,0.6150126457214355,0.4354446530342102,-0.011558957397937775,0.5647794604301453,0.40046006441116333,0.007816296070814133,0.5592271089553833,0.3306845724582672,0.0030976817943155766
ssirt0486.mp4,210,,,,,,,,,,,,,,,,,,,,,,,,,,,,,,,,,,,,,,,,,,,,,,,,,,,,,,,,,,,,,,,,0.6145747303962708,0.4045168459415436,-0.017445871606469154,0.6214709281921387,0.4031338691711426,-0.016719503328204155,0.6274873614311218,0.39982229471206665,-0.01404154859483242,0.6320711970329285,0.3955453336238861,-0.010401232168078423,0.6352213621139526,0.39219963550567627,-0.005147062242031097,0.6376456618309021,0.3891007900238037,-0.00048211775720119476,0.6074522137641907,0.4043492078781128,-0.017348628491163254,0.6009561419487,0.4023107588291168,-0.015285090543329716,0.5955324172973633,0.39931654930114746,-0.01207691803574562,0.5917453169822693,0.3971139192581177,-0.007233059499412775,0.6140428185462952,0.3832497298717499,-0.020845243707299232,0.6209834814071655,0.37981271743774414,-0.019555164501070976,0.6271745562553406,0.38225629925727844,-0.015498720109462738,0.6315495371818542,0.3849964737892151,-0.010891354642808437,0.6349732875823975,0.38705939054489136,-0.005658586509525776,0.595353364944458,0.38852375745773315,-0.012661822140216827,0.6067256927490234,0.380932480096817,-0.020181218162178993,0.600112795829773,0.38456347584724426,-0.01674663834273815,0.595353364944458,0.38852375745773315,-0.012661822140216827,0.5916267037391663,0.3918428421020508,-0.007893284782767296,0.5889056921005249,0.3948783874511719,-0.0029803744982928038,0.5909686088562012,0.3941129744052887,-0.0049836174584925175,0.5945695638656616,0.39270225167274475,-0.00747737055644393,0.5980637669563293,0.39166417717933655,-0.01064286194741726,0.6080227494239807,0.39076173305511475,-0.015213096514344215,0.6139940023422241,0.3908967971801758,-0.015678646042943,0.6197119951248169,0.3896118700504303,-0.014628591015934944,0.6246578097343445,0.3885613977909088,-0.012117604725062847,0.6319728493690491,0.3884548246860504,-0.005636522546410561,0.6355438232421875,0.3889114260673523,-0.002839200897142291,0.5982069373130798,0.39159828424453735,-0.009846072643995285,0.6028059720993042,0.3905557096004486,-0.012162157334387302,0.6081545352935791,0.3903430104255676,-0.014055433683097363,0.6141073703765869,0.3905560374259949,-0.014489307999610901,0.6197822690010071,0.3893199563026428,-0.013488172553479671,0.6247010231018066,0.38850337266921997,-0.011136077344417572,0.6299752593040466,0.38999027013778687,-0.010298098437488079,0.6355438232421875,0.3889114260673523,-0.002839200897142291,0.6822816133499146,0.2932996451854706,0.07655142992734909,0.5352715253829956,0.3065374195575714,0.07019343972206116,0.6150146722793579,0.4356587827205658,-0.011451554484665394,0.5647964477539062,0.4004087746143341,0.007878321222960949,0.5592257976531982,0.3306061923503876,0.0031019814778119326
ssirt0486.mp4,211,,,,,,,,,,,,,,,,,,,,,,,,,,,,,,,,,,,,,,,,,,,,,,,,,,,,,,,,,,,,,,,,0.6145461201667786,0.4044565260410309,-0.017397340387105942,0.6214373111724854,0.40307897329330444,-0.01667066663503647,0.6274480819702148,0.39978963136672974,-0.013990133069455624,0.6320264339447021,0.3955506682395935,-0.010352698154747486,0.6351709365844727,0.39224398136138916,-0.005107509903609753,0.6375895142555237,0.38917696475982666,-0.0004502255760598928,0.6074298024177551,0.4043008089065552,-0.01730346865952015,0.6009318232536316,0.40229594707489014,-0.015242263674736023,0.5955051779747009,0.39933475852012634,-0.012040942907333374,0.5917214155197144,0.3971531391143799,-0.007210589945316315,0.6140774488449097,0.38320285081863403,-0.020854618400335312,0.6210137009620667,0.37977463006973267,-0.019560541957616806,0.6271811127662659,0.38224488496780396,-0.015498723834753036,0.6315365433692932,0.3850177228450775,-0.010881343856453896,0.6349392533302307,0.387108713388443,-0.005639239214360714,0.5953579545021057,0.38849592208862305,-0.01266614068299532,0.6067626476287842,0.3808627724647522,-0.020191090181469917,0.6001353859901428,0.3845008313655853,-0.01675667241215706,0.5953579545021057,0.38849592208862305,-0.01266614068299532,0.5916193127632141,0.391854852437973,-0.007892224937677383,0.5888931751251221,0.39492908120155334,-0.0029684780165553093,0.5909522771835327,0.394145131111145,-0.0049691274762153625,0.5945456027984619,0.3927001655101776,-0.007453933823853731,0.5980464220046997,0.3916393518447876,-0.010615817271173,0.6080192923545837,0.39071333408355713,-0.015183192677795887,0.6139914989471436,0.39085233211517334,-0.015647443011403084,0.6197088360786438,0.38957303762435913,-0.014594601467251778,0.6246466040611267,0.3885340690612793,-0.01208155881613493,0.6319386959075928,0.38847649097442627,-0.005598700605332851,0.6354910135269165,0.3889709711074829,-0.0028080514166504145,0.5981964468955994,0.3915673494338989,-0.009850520640611649,0.602804958820343,0.3904981315135956,-0.012172761373221874,0.6081585884094238,0.39027926325798035,-0.014068217016756535,0.6141119599342346,0.3905007243156433,-0.014501182362437248,0.619783878326416,0.3892742693424225,-0.013497068546712399,0.6246933937072754,0.3884773850440979,-0.011138822883367538,0.6299466490745544,0.3899851441383362,-0.01025752816349268,0.6354910135269165,0.3889709711074829,-0.0028080514166504145,0.6822832226753235,0.29338207840919495,0.07660695165395737,0.5352213978767395,0.3065047264099121,0.07017865777015686,0.6149452924728394,0.4356536269187927,-0.011379183270037174,0.5647594332695007,0.4002889394760132,0.007888218387961388,0.5592149496078491,0.33050864934921265,0.0030710860155522823
ssirt0486.mp4,212,,,,,,,,,,,,,,,,,,,,,,,,,,,,,,,,,,,,,,,,,,,,,,,,,,,,,,,,,,,,,,,,0.6146582961082458,0.4035402834415436,-0.017458515241742134,0.6215150952339172,0.40221884846687317,-0.016792021691799164,0.6274961829185486,0.3990093469619751,-0.014256108552217484,0.6320762634277344,0.3948320150375366,-0.010720264166593552,0.6352404356002808,0.3915564715862274,-0.005578888580203056,0.6376608610153198,0.3885004222393036,-0.0009314349154010415,0.6075342893600464,0.4033917784690857,-0.017377303913235664,0.601033091545105,0.4014199376106262,-0.015406605787575245,0.595599889755249,0.3984934687614441,-0.012277795933187008,0.5918120741844177,0.39635396003723145,-0.007519707549363375,0.6143664717674255,0.3818582594394684,-0.02101820893585682,0.6212947964668274,0.37842732667922974,-0.019729087129235268,0.6274627447128296,0.38096731901168823,-0.015729593113064766,0.6317625641822815,0.3839259147644043,-0.011217826046049595,0.6350989937782288,0.3862221837043762,-0.006073256488889456,0.5953890085220337,0.3873387277126312,-0.012864983640611172,0.6070166826248169,0.37945556640625,-0.020312080159783363,0.6002404689788818,0.3831608295440674,-0.016887227073311806,0.5953890085220337,0.3873387277126312,-0.012864983640611172,0.5916556119918823,0.39090198278427124,-0.008158317767083645,0.5889829993247986,0.39417386054992676,-0.003263164311647415,0.5910581946372986,0.3933301568031311,-0.005285077262669802,0.5946559906005859,0.39181774854660034,-0.007747975178062916,0.5981874465942383,0.3906911611557007,-0.010855741798877716,0.6082294583320618,0.38967323303222656,-0.015341141261160374,0.6141909956932068,0.3898187577724457,-0.015807323157787323,0.6198462247848511,0.3885970115661621,-0.014795465394854546,0.6247370839118958,0.3876103162765503,-0.012351959012448788,0.6320053935050964,0.3876860439777374,-0.006036678794771433,0.6355655193328857,0.3882312774658203,-0.0032854718156158924,0.5982968211174011,0.3906109929084778,-0.010081388987600803,0.6029515862464905,0.38952064514160156,-0.012354932725429535,0.6083561778068542,0.38932323455810547,-0.014221269637346268,0.6143197417259216,0.3895600736141205,-0.014659677632153034,0.6199541091918945,0.38836920261383057,-0.01369377039372921,0.6248335838317871,0.3875731825828552,-0.011401011608541012,0.6300057172775269,0.3891879916191101,-0.010596606880426407,0.6355655193328857,0.3882312774658203,-0.0032854718156158924,0.6825588941574097,0.29413723945617676,0.07646159827709198,0.5353802442550659,0.30689647793769836,0.07049203664064407,0.6148425340652466,0.4351555109024048,-0.011441193521022797,0.5650463104248047,0.4000459611415863,0.007811176590621471,0.5593974590301514,0.33024492859840393,0.0032711548265069723
ssirt0486.mp4,213,,,,,,,,,,,,,,,,,,,,,,,,,,,,,,,,,,,,,,,,,,,,,,,,,,,,,,,,,,,,,,,,0.6145944595336914,0.40272387862205505,-0.017588220536708832,0.6215505003929138,0.4013761281967163,-0.016876064240932465,0.6276510953903198,0.3981155753135681,-0.014247593469917774,0.6323577165603638,0.3938763737678528,-0.01062256284058094,0.6356220245361328,0.3905332088470459,-0.005363027565181255,0.6381122469902039,0.3874140977859497,-0.0006799787515774369,0.6074276566505432,0.4025997817516327,-0.017499463632702827,0.6008796095848083,0.4006273150444031,-0.015455346554517746,0.5953839421272278,0.3976832926273346,-0.012251956388354301,0.5915440320968628,0.3955058455467224,-0.0073998053558170795,0.61409592628479,0.38118740916252136,-0.02094404026865959,0.6211525201797485,0.3777359127998352,-0.019648274406790733,0.6275240182876587,0.38011693954467773,-0.0156064722687006,0.6319883465766907,0.3829707205295563,-0.011036242358386517,0.6354531049728394,0.3851965665817261,-0.005830722860991955,0.5950334072113037,0.386541485786438,-0.012775714509189129,0.6066631078720093,0.37884989380836487,-0.0202682763338089,0.599873960018158,0.3824390172958374,-0.01683378405869007,0.5950334072113037,0.386541485786438,-0.012775714509189129,0.591308057308197,0.3900545835494995,-0.008027464151382446,0.5886633992195129,0.3932846486568451,-0.0031273378990590572,0.5907599329948425,0.39242488145828247,-0.005131905432790518,0.5943940281867981,0.3909684419631958,-0.00762690557166934,0.59795081615448,0.3898777961730957,-0.010788054205477238,0.6080573201179504,0.38889163732528687,-0.015340885147452354,0.6140604019165039,0.38900619745254517,-0.015801221132278442,0.6198223233222961,0.38775256276130676,-0.014758186414837837,0.6248514652252197,0.3867127001285553,-0.012264834716916084,0.6323696970939636,0.3866812586784363,-0.0058280485682189465,0.6359958648681641,0.38714754581451416,-0.003035634057596326,0.5980157852172852,0.38982781767845154,-0.009979578666388988,0.6026933789253235,0.3888181447982788,-0.012284430675208569,0.6081398129463196,0.38866347074508667,-0.014171835966408253,0.6141620874404907,0.38888007402420044,-0.014604093506932259,0.6199203133583069,0.38763704895973206,-0.013607620261609554,0.6249436140060425,0.3867439031600952,-0.0112695237621665,0.6302582621574402,0.3882388472557068,-0.010481452569365501,0.6359958648681641,0.38714754581451416,-0.003035634057596326,0.6826368570327759,0.2938888967037201,0.07655217498540878,0.5357764363288879,0.3074311912059784,0.07033795118331909,0.6153271794319153,0.4341735243797302,-0.011689572595059872,0.5653387308120728,0.3997350037097931,0.007792612537741661,0.5596580505371094,0.33005836606025696,0.003233373863622546
ssirt0486.mp4,214,,,,,,,,,,,,,,,,,,,,,,,,,,,,,,,,,,,,,,,,,,,,,,,,,,,,,,,,,,,,,,,,0.6147011518478394,0.4015239179134369,-0.017615677788853645,0.6215801239013672,0.4001660645008087,-0.01690050959587097,0.6276310682296753,0.39695316553115845,-0.014276187866926193,0.6323163509368896,0.39281415939331055,-0.010648463852703571,0.6355833411216736,0.3895907700061798,-0.005377211607992649,0.6380675435066223,0.38656672835350037,-0.0006748210289515555,0.6075648069381714,0.40147197246551514,-0.017535844817757607,0.6010216474533081,0.39958715438842773,-0.015512380748987198,0.5954839587211609,0.39672061800956726,-0.01231280155479908,0.5916027426719666,0.39460307359695435,-0.007450446020811796,0.61434006690979,0.38040390610694885,-0.02080490253865719,0.6213699579238892,0.37679004669189453,-0.01951383240520954,0.6276450157165527,0.37910541892051697,-0.015488744713366032,0.632038950920105,0.38197553157806396,-0.010957418009638786,0.6354511380195618,0.3842673897743225,-0.005792845040559769,0.5951945781707764,0.3857077956199646,-0.01272911299020052,0.606895387172699,0.3779795467853546,-0.020144985988736153,0.6000802516937256,0.38159480690956116,-0.016740549355745316,0.5951945781707764,0.3857077956199646,-0.01272911299020052,0.5914059281349182,0.38922277092933655,-0.008023560047149658,0.5886818170547485,0.3924481272697449,-0.0031628611031919718,0.5907840728759766,0.39156579971313477,-0.005161460489034653,0.5944291949272156,0.3900444507598877,-0.007673191837966442,0.5980403423309326,0.388896107673645,-0.010822639800608158,0.6082351803779602,0.38784411549568176,-0.015338005498051643,0.6142466068267822,0.3879612386226654,-0.01578344963490963,0.6199565529823303,0.38668540120124817,-0.014740388840436935,0.6249516606330872,0.3856411278247833,-0.01225509773939848,0.6324280500411987,0.3857070803642273,-0.005840103141963482,0.6359823346138,0.3862553536891937,-0.0030287778936326504,0.5980671644210815,0.38888758420944214,-0.00991551298648119,0.602790355682373,0.38785624504089355,-0.012177295051515102,0.6082715392112732,0.38772234320640564,-0.014036058448255062,0.6143072247505188,0.38794463872909546,-0.014454623684287071,0.6200211048126221,0.38665419816970825,-0.013459487818181515,0.6250200271606445,0.3857100009918213,-0.011142382398247719,0.6302957534790039,0.3872133493423462,-0.010484476573765278,0.6359823346138,0.3862553536891937,-0.0030287778936326504,0.682553768157959,0.2926574945449829,0.07651309669017792,0.5360313653945923,0.30642399191856384,0.07021255791187286,0.6155636310577393,0.43278974294662476,-0.011777220293879509,0.5656090378761292,0.3988242745399475,0.007742185611277819,0.5599522590637207,0.32920515537261963,0.003232313087210059
ssirt0486.mp4,215,,,,,,,,,,,,,,,,,,,,,,,,,,,,,,,,,,,,,,,,,,,,,,,,,,,,,,,,,,,,,,,,0.6146361827850342,0.4014820158481598,-0.017957495525479317,0.6215431690216064,0.400143563747406,-0.017260946333408356,0.6275613307952881,0.39697155356407166,-0.014654036611318588,0.6321535706520081,0.3928874731063843,-0.011045355349779129,0.6353079080581665,0.38970616459846497,-0.00580641021952033,0.6377016305923462,0.3867548406124115,-0.0010959195205941796,0.6074782609939575,0.40140631794929504,-0.01786848157644272,0.6009511947631836,0.39954105019569397,-0.015839921310544014,0.5954988598823547,0.39671725034713745,-0.012642801739275455,0.5917198657989502,0.39461785554885864,-0.007790687959641218,0.6143096685409546,0.3799889385700226,-0.021220551803708076,0.6213030815124512,0.37650302052497864,-0.01992410235106945,0.6275123357772827,0.379031777381897,-0.015908541157841682,0.6318289041519165,0.3820168375968933,-0.011375783942639828,0.6351608037948608,0.3843873143196106,-0.0062178089283406734,0.5952787399291992,0.38550400733947754,-0.01306018978357315,0.6069082617759705,0.3775703012943268,-0.0205222237855196,0.6001203656196594,0.38128581643104553,-0.017091233283281326,0.5952787399291992,0.38550400733947754,-0.01306018978357315,0.5915522575378418,0.3891366720199585,-0.008346367627382278,0.5889005064964294,0.39248305559158325,-0.0034810795914381742,0.5909793972969055,0.3915688097476959,-0.005498107057064772,0.5945961475372314,0.38998690247535706,-0.007992622442543507,0.5981451272964478,0.388771653175354,-0.011134417727589607,0.6081972122192383,0.38760000467300415,-0.015662051737308502,0.6141671538352966,0.3877253830432892,-0.016124611720442772,0.6198461055755615,0.3864854574203491,-0.015091958455741405,0.6247661709785461,0.38552701473236084,-0.012621096335351467,0.6320683360099792,0.38577550649642944,-0.006235507316887379,0.6356105208396912,0.3864104747772217,-0.003449830459430814,0.5982102155685425,0.3886619806289673,-0.010287908837199211,0.602860152721405,0.38749951124191284,-0.012568872421979904,0.608271598815918,0.3872765302658081,-0.014445382170379162,0.6142578721046448,0.3875088691711426,-0.014883543364703655,0.619929313659668,0.38628411293029785,-0.013898988254368305,0.6248458623886108,0.38548901677131653,-0.01158519834280014,0.6300545930862427,0.38723015785217285,-0.010868215933442116,0.6356105208396912,0.3864104747772217,-0.003449830459430814,0.682731568813324,0.2925952076911926,0.07673169672489166,0.5359518527984619,0.3064234256744385,0.07067324221134186,0.6152121424674988,0.4330623745918274,-0.012112272903323174,0.5653600692749023,0.3986680507659912,0.007543869782239199,0.5596041083335876,0.32896116375923157,0.0032952481415122747
ssirt0486.mp4,216,,,,,,,,,,,,,,,,,,,,,,,,,,,,,,,,,,,,,,,,,,,,,,,,,,,,,,,,,,,,,,,,0.6150861978530884,0.4000871181488037,-0.01775999739766121,0.6219087839126587,0.39876291155815125,-0.017050165683031082,0.6279370784759521,0.3956179618835449,-0.01443056296557188,0.6326357126235962,0.3915680944919586,-0.010804040357470512,0.6359461545944214,0.3884003758430481,-0.005534084513783455,0.6384882926940918,0.3853680491447449,-0.0008397891069762409,0.6079561710357666,0.40001073479652405,-0.017667807638645172,0.601396918296814,0.3981262445449829,-0.015621311962604523,0.5958160161972046,0.3952786922454834,-0.012403256259858608,0.5918700695037842,0.3931691646575928,-0.007524253334850073,0.6148737072944641,0.37914296984672546,-0.02096342109143734,0.6218622922897339,0.37554770708084106,-0.01967584900557995,0.6280839443206787,0.3778929114341736,-0.01566251367330551,0.6324594020843506,0.3807825446128845,-0.01113047357648611,0.6358693838119507,0.3830832540988922,-0.005958416499197483,0.5956047177314758,0.38445740938186646,-0.01282703597098589,0.6074500679969788,0.3767276406288147,-0.02028108574450016,0.6005854606628418,0.3803867995738983,-0.0168555099517107,0.5956047177314758,0.38445740938186646,-0.01282703597098589,0.5917174816131592,0.38787761330604553,-0.008101457729935646,0.5888805985450745,0.390982449054718,-0.003229147521778941,0.5909826755523682,0.3901721239089966,-0.0052360170520842075,0.594653308391571,0.3887307047843933,-0.0077407085336744785,0.5983074903488159,0.3876386880874634,-0.010904261842370033,0.6086352467536926,0.38664013147354126,-0.01545520219951868,0.6146926879882812,0.386759877204895,-0.01591368205845356,0.6203975677490234,0.38551896810531616,-0.014875439926981926,0.6253865361213684,0.3845014274120331,-0.012393615208566189,0.6328487396240234,0.3845481872558594,-0.005978619214147329,0.6364104747772217,0.3850756585597992,-0.003185366978868842,0.5983790159225464,0.3876466155052185,-0.010050409473478794,0.6031730771064758,0.3866337537765503,-0.012337645515799522,0.608705461025238,0.38648998737335205,-0.014217809773981571,0.6147704720497131,0.38670626282691956,-0.014651704579591751,0.6204648613929749,0.385453462600708,-0.013663217425346375,0.6254463791847229,0.3845495283603668,-0.011343438178300858,0.630694568157196,0.38601917028427124,-0.010636908933520317,0.6364104747772217,0.3850756585597992,-0.003185366978868842,0.6831303238868713,0.29189279675483704,0.07639135420322418,0.536289393901825,0.30600300431251526,0.07038325816392899,0.6158307790756226,0.4316510558128357,-0.011938762851059437,0.5659322142601013,0.3978845179080963,0.0077050975523889065,0.5602468848228455,0.32824626564979553,0.003323859767988324
ssirt0486.mp4,217,,,,,,,,,,,,,,,,,,,,,,,,,,,,,,,,,,,,,,,,,,,,,,,,,,,,,,,,,,,,,,,,0.6155130863189697,0.3988962769508362,-0.01807520166039467,0.622377336025238,0.3975861966609955,-0.01736021414399147,0.6284201145172119,0.39441898465156555,-0.014721286483108997,0.633094072341919,0.39039114117622375,-0.011076309718191624,0.6363672614097595,0.3873075246810913,-0.0057822600938379765,0.6388735175132751,0.38437268137931824,-0.001056981855072081,0.6084031462669373,0.3987637758255005,-0.01798282377421856,0.6018842458724976,0.3968091905117035,-0.015923377126455307,0.5963875651359558,0.39394962787628174,-0.012692269869148731,0.5925249457359314,0.3919132947921753,-0.00780003797262907,0.615092933177948,0.3775569498538971,-0.021209362894296646,0.6220650672912598,0.3741181492805481,-0.019902793690562248,0.6283589601516724,0.37667566537857056,-0.01587498188018799,0.6327897310256958,0.3796847462654114,-0.011341174133121967,0.6362385749816895,0.38205212354660034,-0.006168526131659746,0.5961080193519592,0.3831321597099304,-0.013068481348454952,0.607738196849823,0.37521758675575256,-0.020520029589533806,0.6009782552719116,0.3789707124233246,-0.01709444262087345,0.5961080193519592,0.3831321597099304,-0.013068481348454952,0.5923259854316711,0.38663309812545776,-0.008347724564373493,0.5895956754684448,0.3898071348667145,-0.0034847252536565065,0.5916866064071655,0.38895025849342346,-0.00548960268497467,0.5952869057655334,0.3874598741531372,-0.007997392676770687,0.5988656282424927,0.38634875416755676,-0.011175776831805706,0.6090267300605774,0.38535040616989136,-0.015751108527183533,0.6150240898132324,0.38547664880752563,-0.01621084287762642,0.6207392811775208,0.38427436351776123,-0.015165247954428196,0.6257463693618774,0.38330328464508057,-0.01266543846577406,0.6332266926765442,0.38343358039855957,-0.006212968844920397,0.6367886662483215,0.3840312659740448,-0.0034135933965444565,0.5989550352096558,0.3863469362258911,-0.010306806303560734,0.6036641597747803,0.3853047788143158,-0.012602980248630047,0.6091172099113464,0.3851226568222046,-0.014491245150566101,0.6151120066642761,0.3853324353694916,-0.014925006777048111,0.6208067536354065,0.3841424584388733,-0.013929287903010845,0.625801146030426,0.38333168625831604,-0.011594533920288086,0.6310916543006897,0.38485586643218994,-0.010908485390245914,0.6367886662483215,0.3840312659740448,-0.0034135933965444565,0.6835047006607056,0.2913931608200073,0.0768078863620758,0.5366096496582031,0.3050929605960846,0.07051252573728561,0.6163043975830078,0.43048274517059326,-0.012291883118450642,0.5663028359413147,0.39671117067337036,0.007458453066647053,0.5606212615966797,0.3271416127681732,0.0032974283676594496
ssirt0486.mp4,218,,,,,,,,,,,,,,,,,,,,,,,,,,,,,,,,,,,,,,,,,,,,,,,,,,,,,,,,,,,,,,,,0.6154322028160095,0.39830923080444336,-0.018569109961390495,0.6222410202026367,0.3970462381839752,-0.017851460725069046,0.6282578110694885,0.3940541744232178,-0.015192714519798756,0.6329372525215149,0.39023029804229736,-0.011525907553732395,0.6362100839614868,0.3873061239719391,-0.0061987340450286865,0.6386785507202148,0.3844849467277527,-0.0014168628258630633,0.6083263158798218,0.39831051230430603,-0.018474608659744263,0.6017827987670898,0.3965931236743927,-0.016405455768108368,0.5962419509887695,0.3939455449581146,-0.013157177716493607,0.5923745632171631,0.39199942350387573,-0.008237592875957489,0.6154046654701233,0.3774466812610626,-0.021434098482131958,0.6224054098129272,0.37388598918914795,-0.020123619586229324,0.6285480260848999,0.37637609243392944,-0.016118943691253662,0.6328537464141846,0.3794572651386261,-0.01161354873329401,0.6361756920814514,0.3819555342197418,-0.0064802393317222595,0.5961449146270752,0.38291800022125244,-0.013348395936191082,0.6079886555671692,0.3749586343765259,-0.020741349086165428,0.6011298298835754,0.3786783814430237,-0.017339613288640976,0.5961449146270752,0.38291800022125244,-0.013348395936191082,0.5922746658325195,0.386560320854187,-0.008669943548738956,0.5895025134086609,0.389924556016922,-0.003858964191749692,0.5915951132774353,0.3890012502670288,-0.005870760418474674,0.5951499342918396,0.3873818516731262,-0.008383207023143768,0.5987892746925354,0.38611191511154175,-0.011531985364854336,0.6090927124023438,0.3848450481891632,-0.01606735959649086,0.6151419878005981,0.38495469093322754,-0.016524408012628555,0.6208297610282898,0.383764386177063,-0.015481446869671345,0.6257948875427246,0.3828820586204529,-0.012991543859243393,0.6331790089607239,0.38332781195640564,-0.006577307358384132,0.636610746383667,0.3840688467025757,-0.0037712035700678825,0.5988652110099792,0.3859878480434418,-0.010611542500555515,0.6036317348480225,0.3847963213920593,-0.01287798024713993,0.6091476082801819,0.384554922580719,-0.014750706031918526,0.6152073740959167,0.38476282358169556,-0.015184593386948109,0.620891273021698,0.3835758566856384,-0.014186523854732513,0.6258570551872253,0.38281920552253723,-0.011861450970172882,0.6310397982597351,0.3846391439437866,-0.011276572942733765,0.636610746383667,0.3840688467025757,-0.0037712035700678825,0.6835196018218994,0.2915753126144409,0.07684732973575592,0.5367541313171387,0.30466198921203613,0.07065154612064362,0.6160653233528137,0.4297838509082794,-0.012989820912480354,0.5659400820732117,0.3960358202457428,0.007095967885106802,0.5604974627494812,0.32625746726989746,0.00333340372890234
ssirt0486.mp4,219,,,,,,,,,,,,,,,,,,,,,,,,,,,,,,,,,,,,,,,,,,,,,,,,,,,,,,,,,,,,,,,,0.6155685186386108,0.39775875210762024,-0.01827383227646351,0.6224052906036377,0.39650583267211914,-0.017512286081910133,0.6284838318824768,0.3935432732105255,-0.014775460585951805,0.6332588791847229,0.3897203803062439,-0.01105420757085085,0.6366284489631653,0.38675472140312195,-0.005673036444932222,0.6391832232475281,0.38390445709228516,-0.0008910518372431397,0.6084545850753784,0.3977431654930115,-0.018201494589447975,0.6019198894500732,0.39603763818740845,-0.016112305223941803,0.5963916778564453,0.39341574907302856,-0.01284770481288433,0.5925224423408508,0.3914821743965149,-0.007917391136288643,0.6155014634132385,0.3773365020751953,-0.021237395703792572,0.6225525140762329,0.3737875819206238,-0.01990162767469883,0.6287835836410522,0.3761521279811859,-0.01582930237054825,0.6331855058670044,0.3791036307811737,-0.01124004926532507,0.6366024017333984,0.3814781904220581,-0.006020447239279747,0.596227765083313,0.38262277841567993,-0.013169948942959309,0.6080737709999084,0.3748847246170044,-0.020590266212821007,0.6012160181999207,0.3784920573234558,-0.01719706878066063,0.596227765083313,0.38262277841567993,-0.013169948942959309,0.5923740863800049,0.38616445660591125,-0.008442501537501812,0.5896170735359192,0.3894402086734772,-0.003583581419661641,0.5917245745658875,0.3885192275047302,-0.00557049922645092,0.5953012704849243,0.3869268596172333,-0.008082130923867226,0.5989403128623962,0.3856967091560364,-0.01125683169811964,0.609240710735321,0.3844870626926422,-0.01581673137843609,0.6153021454811096,0.38460883498191833,-0.01625094562768936,0.621038019657135,0.38340887427330017,-0.015165179036557674,0.6260689496994019,0.3824949860572815,-0.012621894478797913,0.6336168050765991,0.38283443450927734,-0.006091534625738859,0.6371088624000549,0.38351064920425415,-0.0032614734955132008,0.5989869236946106,0.38564252853393555,-0.010386873967945576,0.603748083114624,0.3845202922821045,-0.012682266533374786,0.609262228012085,0.38432765007019043,-0.014560794457793236,0.6153361201286316,0.3845544755458832,-0.014970274642109871,0.6210731267929077,0.3833310306072235,-0.013929934240877628,0.6261051893234253,0.38250434398651123,-0.0115496926009655,0.6313816905021667,0.38417720794677734,-0.010850755497813225,0.6371088624000549,0.38351064920425415,-0.0032614734955132008,0.6834720373153687,0.2915726602077484,0.07723381370306015,0.5367394685745239,0.30462345480918884,0.07033907622098923,0.6165364980697632,0.4295905530452728,-0.012632474303245544,0.5662242770195007,0.39585426449775696,0.0072357733733952045,0.5608416795730591,0.3260822892189026,0.003119350876659155
ssirt0486.mp4,220,,,,,,,,,,,,,,,,,,,,,,,,,,,,,,,,,,,,,,,,,,,,,,,,,,,,,,,,,,,,,,,,0.6160716414451599,0.39774441719055176,-0.018611958250403404,0.6229318976402283,0.39651113748550415,-0.017831135541200638,0.6290274858474731,0.3934634029865265,-0.015073878690600395,0.6337893009185791,0.3895183205604553,-0.011322913691401482,0.6371430158615112,0.38646072149276733,-0.005888716783374548,0.6397112607955933,0.3835023045539856,-0.0010647046146914363,0.6089139580726624,0.39765623211860657,-0.01853877119719982,0.6023146510124207,0.3957793712615967,-0.016442859545350075,0.5967057943344116,0.39295703172683716,-0.013161255978047848,0.592755913734436,0.3908744156360626,-0.008197094313800335,0.6160153746604919,0.37702807784080505,-0.021363526582717896,0.6230788230895996,0.3735499978065491,-0.02001592144370079,0.6293096542358398,0.37590301036834717,-0.015941578894853592,0.6337054371833801,0.3788188695907593,-0.011367195285856724,0.6371150016784668,0.38114678859710693,-0.006157869007438421,0.5965521335601807,0.38212063908576965,-0.013355692848563194,0.6085386872291565,0.37456491589546204,-0.020725470036268234,0.6016092300415039,0.3781018853187561,-0.0173532422631979,0.5965521335601807,0.38212063908576965,-0.013355692848563194,0.5926182866096497,0.38553792238235474,-0.008658296428620815,0.5897843241691589,0.38868433237075806,-0.0038439971394836903,0.5918852090835571,0.3878561556339264,-0.005821548402309418,0.5955051779747009,0.38641512393951416,-0.008344393223524094,0.5991944670677185,0.3852947950363159,-0.011529171839356422,0.6096428036689758,0.3842448890209198,-0.016096804291009903,0.6157635450363159,0.3844025731086731,-0.01652502827346325,0.621530294418335,0.38322797417640686,-0.01542884111404419,0.6265799403190613,0.38231176137924194,-0.012868431396782398,0.6341125965118408,0.38255733251571655,-0.006295653525739908,0.6376338005065918,0.3831610381603241,-0.0034458378795534372,0.5992593169212341,0.3852314054965973,-0.01059360709041357,0.604100227355957,0.3842058479785919,-0.012874964624643326,0.6096930503845215,0.3840715289115906,-0.01474546268582344,0.6158323884010315,0.3843371868133545,-0.01514377910643816,0.6216008067131042,0.3831510543823242,-0.014094741083681583,0.6266469955444336,0.3823297917842865,-0.011709379963576794,0.6319124102592468,0.3839501142501831,-0.011101440526545048,0.6376338005065918,0.3831610381603241,-0.0034458378795534372,0.6837619543075562,0.2915244996547699,0.0773870050907135,0.5368236303329468,0.3040030896663666,0.07028096169233322,0.6166577339172363,0.42908433079719543,-0.013073738664388657,0.5662930607795715,0.3954925835132599,0.0069127376191318035,0.5609166026115417,0.3257238566875458,0.0030677050817757845
ssirt0486.mp4,221,,,,,,,,,,,,,,,,,,,,,,,,,,,,,,,,,,,,,,,,,,,,,,,,,,,,,,,,,,,,,,,,0.6159284710884094,0.3976890444755554,-0.01882576383650303,0.6227679252624512,0.39645934104919434,-0.018069114536046982,0.6288318634033203,0.39347517490386963,-0.015349764376878738,0.6335554122924805,0.38959503173828125,-0.011639917269349098,0.6368467807769775,0.38655519485473633,-0.006261646747589111,0.6393256783485413,0.38364940881729126,-0.0014319588663056493,0.608805239200592,0.397651344537735,-0.018753085285425186,0.6022577881813049,0.3958926796913147,-0.016686756163835526,0.5967316627502441,0.3931999206542969,-0.013433979824185371,0.5928926467895508,0.3911878764629364,-0.00850207544863224,0.6158264875411987,0.37693601846694946,-0.021497489884495735,0.6228211522102356,0.37350165843963623,-0.020157089456915855,0.6289865374565125,0.37593939900398254,-0.01612936332821846,0.6333457231521606,0.37890028953552246,-0.011615404859185219,0.6367391347885132,0.3812635540962219,-0.006480741314589977,0.5966752767562866,0.38225746154785156,-0.013534653931856155,0.608435332775116,0.37452012300491333,-0.020840156823396683,0.6016324162483215,0.3781428039073944,-0.01748601160943508,0.5966752767562866,0.38225746154785156,-0.013534653931856155,0.5928144454956055,0.3857977092266083,-0.008890648372471333,0.5900557637214661,0.38906335830688477,-0.004120946396142244,0.5921424627304077,0.38818079233169556,-0.006110817659646273,0.5957048535346985,0.38661038875579834,-0.008622280322015285,0.5993122458457947,0.38539940118789673,-0.011763744056224823,0.6095470786094666,0.3841670751571655,-0.01627623848617077,0.6155875325202942,0.3842791020870209,-0.016708359122276306,0.6212942600250244,0.38312026858329773,-0.01563371904194355,0.6262856721878052,0.3822612762451172,-0.01310948096215725,0.6337325572967529,0.38261422514915466,-0.006633976940065622,0.6372359991073608,0.3832903504371643,-0.0038033300079405308,0.599416196346283,0.3852683901786804,-0.010798878036439419,0.6041483283042908,0.38408541679382324,-0.013041891157627106,0.6096294522285461,0.38382136821746826,-0.014890900813043118,0.6156778931617737,0.38403430581092834,-0.015294760465621948,0.6213746070861816,0.3828820288181305,-0.014265770092606544,0.6263609528541565,0.38217151165008545,-0.011917462572455406,0.6315943598747253,0.3839835524559021,-0.011387402191758156,0.6372359991073608,0.3832903504371643,-0.0038033300079405308,0.6838561296463013,0.2915616035461426,0.07716945558786392,0.5367864966392517,0.3035590648651123,0.07039570808410645,0.6163768768310547,0.4291713237762451,-0.013338147662580013,0.5660837888717651,0.39526116847991943,0.006717517506331205,0.560813844203949,0.32537347078323364,0.003128628246486187
ssirt0486.mp4,222,,,,,,,,,,,,,,,,,,,,,,,,,,,,,,,,,,,,,,,,,,,,,,,,,,,,,,,,,,,,,,,,0.6160048246383667,0.3980483114719391,-0.01849687471985817,0.6228036880493164,0.3968780040740967,-0.017743300646543503,0.6288390159606934,0.3939584195613861,-0.015043801628053188,0.6335615515708923,0.39015576243400574,-0.01135770883411169,0.6368634700775146,0.3871992230415344,-0.006012842059135437,0.6393642425537109,0.38435399532318115,-0.0012176582822576165,0.6089164614677429,0.39795368909835815,-0.01843070425093174,0.6024096012115479,0.3961573839187622,-0.016378803178668022,0.5969281792640686,0.3934612274169922,-0.01314584817737341,0.5931193232536316,0.3914809823036194,-0.00824896339327097,0.615978479385376,0.3771284818649292,-0.021289614960551262,0.6228935122489929,0.373790442943573,-0.01995578594505787,0.6290172934532166,0.37643417716026306,-0.015929291024804115,0.633358359336853,0.37951382994651794,-0.011416982859373093,0.6367630958557129,0.38193437457084656,-0.006277930922806263,0.5969233512878418,0.3825966417789459,-0.013330831192433834,0.6086809635162354,0.3747013211250305,-0.020638033747673035,0.6018936634063721,0.37843412160873413,-0.017281994223594666,0.5969233512878418,0.3825966417789459,-0.013330831192433834,0.593058168888092,0.38613855838775635,-0.00868756603449583,0.5902929902076721,0.3893939256668091,-0.003908386919647455,0.5923894643783569,0.3885331451892853,-0.005890074651688337,0.5959287285804749,0.3869611620903015,-0.008395115844905376,0.5995215773582458,0.3857465386390686,-0.0115321921184659,0.6097167134284973,0.3845217227935791,-0.016034364700317383,0.6157198548316956,0.3846641182899475,-0.01646052859723568,0.6213840842247009,0.38358014822006226,-0.0153887290507555,0.6263405680656433,0.38280871510505676,-0.012873100116848946,0.6337655186653137,0.38327619433403015,-0.006411111447960138,0.6372747421264648,0.3839878737926483,-0.0035861425567418337,0.5996363162994385,0.3856279253959656,-0.010573936626315117,0.6043543815612793,0.38444262742996216,-0.012813580222427845,0.6098047494888306,0.38416633009910583,-0.014657423831522465,0.6158061027526855,0.3843933641910553,-0.015057169832289219,0.6214528679847717,0.38331735134124756,-0.014031192287802696,0.6263995170593262,0.38270077109336853,-0.01168988086283207,0.6316241025924683,0.3845725953578949,-0.011138244532048702,0.6372747421264648,0.3839878737926483,-0.0035861425567418337,0.6838531494140625,0.2915492057800293,0.07691111415624619,0.5370923280715942,0.303585946559906,0.0700707733631134,0.6164452433586121,0.42944520711898804,-0.012930491007864475,0.566332995891571,0.39545994997024536,0.006904385518282652,0.5611851215362549,0.32552486658096313,0.0030939369462430477
ssirt0486.mp4,223,,,,,,,,,,,,,,,,,,,,,,,,,,,,,,,,,,,,,,,,,,,,,,,,,,,,,,,,,,,,,,,,0.6159887313842773,0.3981304168701172,-0.018499212339520454,0.6227743625640869,0.39693683385849,-0.017738917842507362,0.6287835836410522,0.39398130774497986,-0.015046915970742702,0.6334788799285889,0.39013224840164185,-0.011363692581653595,0.6367523670196533,0.38713404536247253,-0.006019992753863335,0.6392185688018799,0.38425999879837036,-0.001220356090925634,0.6088930368423462,0.39804336428642273,-0.018449582159519196,0.6023758053779602,0.3962348997592926,-0.016426214948296547,0.5968806147575378,0.39350852370262146,-0.013209634460508823,0.593060314655304,0.39148831367492676,-0.00832828413695097,0.6159782409667969,0.3770977556705475,-0.021295767277479172,0.6228893399238586,0.37373825907707214,-0.019948076456785202,0.6289653778076172,0.37636294960975647,-0.015914224088191986,0.6332671046257019,0.3794313073158264,-0.011407184414565563,0.636635959148407,0.3818366527557373,-0.006275506224483252,0.5969111323356628,0.3825783431529999,-0.013391024433076382,0.6086894273757935,0.3746786415576935,-0.020656537264585495,0.6018991470336914,0.37841886281967163,-0.01732216775417328,0.5969111323356628,0.3825783431529999,-0.013391024433076382,0.5930251479148865,0.3861115276813507,-0.00876303855329752,0.5902239680290222,0.38936591148376465,-0.003990932367742062,0.5923296213150024,0.38850903511047363,-0.005969893652945757,0.5958877205848694,0.3869595527648926,-0.008468588814139366,0.5995032787322998,0.38575759530067444,-0.011589162983000278,0.6097241640090942,0.384523868560791,-0.016056738793849945,0.6157334446907043,0.3846606910228729,-0.016465838998556137,0.6213744878768921,0.38356807827949524,-0.01538501400500536,0.626299262046814,0.38279056549072266,-0.012868152000010014,0.633676290512085,0.3832189440727234,-0.00641772523522377,0.6371448040008545,0.3838930130004883,-0.0035942685790359974,0.5995903611183167,0.38564333319664,-0.010630587115883827,0.6043168902397156,0.3844786584377289,-0.012853698804974556,0.6097680926322937,0.38420718908309937,-0.01467983890324831,0.615776777267456,0.38442862033843994,-0.01506435964256525,0.6214104890823364,0.3833293318748474,-0.014028056524693966,0.6263309121131897,0.3826792240142822,-0.011685699224472046,0.6315534114837646,0.3845563232898712,-0.011138079687952995,0.6371448040008545,0.3838930130004883,-0.0035942685790359974,0.6839351058006287,0.2916557788848877,0.07703353464603424,0.5370626449584961,0.30370616912841797,0.06994941085577011,0.6166132092475891,0.42930352687835693,-0.012934237718582153,0.5664247274398804,0.3954775929450989,0.006816732231527567,0.5612179636955261,0.32562097907066345,0.003022234421223402
ssirt0486.mp4,224,,,,,,,,,,,,,,,,,,,,,,,,,,,,,,,,,,,,,,,,,,,,,,,,,,,,,,,,,,,,,,,,0.6154724955558777,0.3988184332847595,-0.01863100752234459,0.6223225593566895,0.3976561427116394,-0.01788199320435524,0.6284240484237671,0.3947528004646301,-0.015181600116193295,0.633262038230896,0.39099201560020447,-0.011484026908874512,0.6366716027259827,0.38804739713668823,-0.006115993019193411,0.6392579674720764,0.38522326946258545,-0.0013073848094791174,0.6084305644035339,0.39870303869247437,-0.018555356189608574,0.6019910573959351,0.39687997102737427,-0.0165014136582613,0.596571683883667,0.3941347301006317,-0.013248831033706665,0.5928107500076294,0.39204519987106323,-0.008310124278068542,0.6154605746269226,0.3780452609062195,-0.021340463310480118,0.622462272644043,0.3747154176235199,-0.02001248113811016,0.6286768317222595,0.3773219585418701,-0.01599019579589367,0.6331216096878052,0.3803774118423462,-0.011486377567052841,0.6366081833839417,0.3827856779098511,-0.006355049554258585,0.5965876579284668,0.3832322955131531,-0.013371812179684639,0.6081898212432861,0.3755950629711151,-0.020684819668531418,0.6015037894248962,0.37918052077293396,-0.01732703298330307,0.5965876579284668,0.3832322955131531,-0.013371812179684639,0.5927579998970032,0.38668498396873474,-0.008713445626199245,0.589984655380249,0.389862060546875,-0.003933552652597427,0.592124342918396,0.38904228806495667,-0.005929289851337671,0.5956886410713196,0.38757503032684326,-0.008448782376945019,0.5992571711540222,0.38642728328704834,-0.011590425856411457,0.609322726726532,0.38529613614082336,-0.016094205901026726,0.6152772903442383,0.3854582905769348,-0.01652548648416996,0.6210004687309265,0.38439902663230896,-0.015461773611605167,0.6260243654251099,0.3836716115474701,-0.012952296994626522,0.6336111426353455,0.38418254256248474,-0.006499701179563999,0.637148380279541,0.384859561920166,-0.003672703867778182,0.5993208289146423,0.38632333278656006,-0.010621529072523117,0.6039546728134155,0.38521087169647217,-0.012860267423093319,0.6093314290046692,0.384975790977478,-0.014706538058817387,0.6153010725975037,0.3852309286594391,-0.015111821703612804,0.621035099029541,0.3841535449028015,-0.01409137062728405,0.626060962677002,0.38355404138565063,-0.01175537146627903,0.6313494443893433,0.3854682147502899,-0.011231678538024426,0.637148380279541,0.384859561920166,-0.003672703867778182,0.6841962933540344,0.29185202717781067,0.07690971344709396,0.5372157096862793,0.30363228917121887,0.07027138024568558,0.6164908409118652,0.4296281337738037,-0.013133940286934376,0.5663112998008728,0.39581766724586487,0.006893365643918514,0.5611512064933777,0.32597315311431885,0.00317052542231977
ssirt0486.mp4,225,,,,,,,,,,,,,,,,,,,,,,,,,,,,,,,,,,,,,,,,,,,,,,,,,,,,,,,,,,,,,,,,0.6153314709663391,0.39889052510261536,-0.01869385503232479,0.6221860647201538,0.3976898193359375,-0.01795770414173603,0.6282673478126526,0.3947017192840576,-0.015281645581126213,0.633052408695221,0.39081698656082153,-0.011586718261241913,0.6363939642906189,0.3877941966056824,-0.0062059396877884865,0.6389141082763672,0.38493525981903076,-0.0013767146738246083,0.6082463264465332,0.3987779915332794,-0.01861076056957245,0.6017636060714722,0.3968850374221802,-0.016557840630412102,0.5962923169136047,0.39402440190315247,-0.013298454694449902,0.5925100445747375,0.3918294906616211,-0.008339055813848972,0.6155251860618591,0.37784039974212646,-0.021262511610984802,0.6225485801696777,0.37442463636398315,-0.01994812674820423,0.6286478638648987,0.3769479990005493,-0.01594824343919754,0.6329730749130249,0.37999212741851807,-0.011487646028399467,0.6363451480865479,0.382415771484375,-0.006394518073648214,0.5964365601539612,0.38292044401168823,-0.013326022773981094,0.6082292795181274,0.3753153681755066,-0.020604941993951797,0.6014452576637268,0.37887194752693176,-0.017252866178750992,0.5964365601539612,0.38292044401168823,-0.013326022773981094,0.592532753944397,0.38636505603790283,-0.008693760260939598,0.5896655321121216,0.3895784616470337,-0.003935900051146746,0.5918386578559875,0.38874489068984985,-0.0059346784837543964,0.595413327217102,0.38731884956359863,-0.008475488983094692,0.5990491509437561,0.38617122173309326,-0.011618079617619514,0.6092594265937805,0.38504886627197266,-0.01611258275806904,0.6152502298355103,0.38525211811065674,-0.016546281054615974,0.6209343671798706,0.38417482376098633,-0.015496722422540188,0.6259076595306396,0.38342297077178955,-0.013002208434045315,0.6333903074264526,0.38389942049980164,-0.006581365130841732,0.6368408799171448,0.38454151153564453,-0.003740540938451886,0.5990563035011292,0.3860425055027008,-0.010565904900431633,0.6037587523460388,0.38499701023101807,-0.012778529897332191,0.6092005372047424,0.3848384618759155,-0.014613042585551739,0.6152206659317017,0.3851352035999298,-0.015020581893622875,0.6209287047386169,0.384015291929245,-0.01401194091886282,0.6259108781814575,0.3833201229572296,-0.01170156616717577,0.6311882138252258,0.38525867462158203,-0.011308521032333374,0.6368408799171448,0.38454151153564453,-0.003740540938451886,0.6841174364089966,0.2921845018863678,0.07683490961790085,0.5372847318649292,0.3037460446357727,0.07032738626003265,0.6165052652359009,0.42907261848449707,-0.013240577653050423,0.5663816332817078,0.3955935835838318,0.006915638223290443,0.5611937046051025,0.3258710503578186,0.0032544906716793776
ssirt0486.mp4,226,,,,,,,,,,,,,,,,,,,,,,,,,,,,,,,,,,,,,,,,,,,,,,,,,,,,,,,,,,,,,,,,0.6155626773834229,0.39592939615249634,-0.018273159861564636,0.6224185824394226,0.3947262763977051,-0.01749487780034542,0.6285530924797058,0.39209967851638794,-0.014765213243663311,0.6334429383277893,0.3887220621109009,-0.011038681492209435,0.6369158625602722,0.38606947660446167,-0.005628412123769522,0.639543354511261,0.38342827558517456,-0.0008290838450193405,0.6084518432617188,0.3960264325141907,-0.018217885866761208,0.6018808484077454,0.39471450448036194,-0.016175437718629837,0.5962316393852234,0.3925204873085022,-0.012928606010973454,0.5922736525535583,0.39079076051712036,-0.00799739919602871,0.6158004999160767,0.37675559520721436,-0.021052544936537743,0.6229158043861389,0.37322840094566345,-0.019709980115294456,0.6291314363479614,0.37556302547454834,-0.015644259750843048,0.6335434317588806,0.378510057926178,-0.011095977388322353,0.6369726657867432,0.3809298276901245,-0.005911514163017273,0.5962055325508118,0.3820696175098419,-0.013144012540578842,0.6083778738975525,0.37434250116348267,-0.02044008858501911,0.6013773679733276,0.37794870138168335,-0.017104243859648705,0.5962055325508118,0.3820696175098419,-0.013144012540578842,0.592194139957428,0.38559767603874207,-0.008472741581499577,0.5892750024795532,0.3888300955295563,-0.0036669219844043255,0.5914445519447327,0.3879709243774414,-0.005635877139866352,0.595074474811554,0.38646113872528076,-0.008152804337441921,0.5988447070121765,0.38520240783691406,-0.011304015293717384,0.6093839406967163,0.3837485909461975,-0.015803979709744453,0.6155295372009277,0.3838154971599579,-0.016210848465561867,0.621317446231842,0.3826962113380432,-0.01511956937611103,0.6263928413391113,0.381912499666214,-0.012575347907841206,0.6340624690055847,0.38240692019462585,-0.0060498821549117565,0.6375229358673096,0.3830493688583374,-0.003203650703653693,0.5988607406616211,0.3851335048675537,-0.010356467217206955,0.6037210822105408,0.3839724063873291,-0.012601437978446484,0.6093195080757141,0.3837232291698456,-0.014439479447901249,0.6154798269271851,0.38390225172042847,-0.014818409457802773,0.621277391910553,0.3827079236507416,-0.013768075965344906,0.6263505816459656,0.3819325566291809,-0.01139957457780838,0.6317071914672852,0.3835753798484802,-0.010816886089742184,0.6375229358673096,0.3830493688583374,-0.003203650703653693,0.6838678121566772,0.2910997271537781,0.07707254588603973,0.5372593998908997,0.30329668521881104,0.0699099749326706,0.6171880960464478,0.42791831493377686,-0.012721117585897446,0.5667827129364014,0.3946619927883148,0.007059669122099876,0.5613721013069153,0.32523807883262634,0.0030378683004528284
ssirt0486.mp4,227,,,,,,,,,,,,,,,,,,,,,,,,,,,,,,,,,,,,,,,,,,,,,,,,,,,,,,,,,,,,,,,,0.6151087880134583,0.39768898487091064,-0.018985209986567497,0.6220763921737671,0.39636871218681335,-0.01821519248187542,0.6282579898834229,0.3933074474334717,-0.015480365604162216,0.6331530809402466,0.38938266038894653,-0.011745791882276535,0.6365892887115479,0.38630199432373047,-0.0063201361335814,0.6391735076904297,0.38339340686798096,-0.0014540175907313824,0.6079489588737488,0.39769941568374634,-0.018921133130788803,0.6014103889465332,0.3959805965423584,-0.016869837418198586,0.5959077477455139,0.3932691812515259,-0.013608252629637718,0.5921302437782288,0.39114245772361755,-0.008643267676234245,0.6152186989784241,0.376674622297287,-0.02144629694521427,0.622330367565155,0.37319791316986084,-0.02009810321033001,0.6285851001739502,0.3756412863731384,-0.016064615920186043,0.6330488324165344,0.37860560417175293,-0.011576306074857712,0.6365335583686829,0.38095420598983765,-0.006467694416642189,0.5960472226142883,0.38212597370147705,-0.013578115031123161,0.6078799366950989,0.3743058741092682,-0.020809652283787727,0.6010708212852478,0.3779764175415039,-0.017486540600657463,0.5960472226142883,0.38212597370147705,-0.013578115031123161,0.5921438336372375,0.38566064834594727,-0.008961360901594162,0.5892924070358276,0.38892075419425964,-0.004233685787767172,0.5914859175682068,0.38809192180633545,-0.006218391470611095,0.5950829982757568,0.38663625717163086,-0.008748982101678848,0.5987235903739929,0.3854605257511139,-0.01188284158706665,0.6089625954627991,0.3841559588909149,-0.016363205388188362,0.6150071620941162,0.3842398226261139,-0.01677742414176464,0.6207967400550842,0.3830813765525818,-0.01569877564907074,0.6258667707443237,0.3822498321533203,-0.013171385042369366,0.6335470676422119,0.3825364112854004,-0.006687099579721689,0.6370913982391357,0.38307496905326843,-0.0038322480395436287,0.5987610220909119,0.3853377401828766,-0.010831115767359734,0.6034677624702454,0.38420021533966064,-0.013041178695857525,0.6089221835136414,0.38391268253326416,-0.014865242876112461,0.614976704120636,0.38408321142196655,-0.015252059325575829,0.620779275894165,0.3828865885734558,-0.014214009046554565,0.6258565187454224,0.3821426331996918,-0.011870818212628365,0.6312535405158997,0.3839300572872162,-0.01146269217133522,0.6370913982391357,0.38307496905326843,-0.0038322480395436287,0.6836662888526917,0.29092937707901,0.07722867280244827,0.5370627641677856,0.3032788634300232,0.07015011459589005,0.6166498064994812,0.42830371856689453,-0.013614976778626442,0.5663577318191528,0.3949403166770935,0.006551769562065601,0.5611432790756226,0.32500171661376953,0.0030933008529245853
ssirt0486.mp4,228,,,,,,,,,,,,,,,,,,,,,,,,,,,,,,,,,,,,,,,,,,,,,,,,,,,,,,,,,,,,,,,,0.6153493523597717,0.3947126269340515,-0.018394513055682182,0.622219979763031,0.3935113549232483,-0.017592953518033028,0.6284363865852356,0.3908871114253998,-0.014827791601419449,0.6334599256515503,0.38751670718193054,-0.011070950888097286,0.637078046798706,0.3848263919353485,-0.005624896846711636,0.6398378014564514,0.3820573687553406,-0.0008217768627218902,0.6083151698112488,0.3948223888874054,-0.01833643577992916,0.601809561252594,0.39350348711013794,-0.01628483273088932,0.5961820483207703,0.39128103852272034,-0.013026905246078968,0.592186689376831,0.3895226716995239,-0.008076493628323078,0.6154743432998657,0.3756243586540222,-0.021069468930363655,0.6226257085800171,0.37209492921829224,-0.019718902185559273,0.629037082195282,0.37438395619392395,-0.015643080696463585,0.6336098909378052,0.37727200984954834,-0.01108150277286768,0.6371808648109436,0.3796555995941162,-0.005886326543986797,0.595950186252594,0.38091033697128296,-0.013200655579566956,0.6080133318901062,0.3732975125312805,-0.020472057163715363,0.6010469198226929,0.37686482071876526,-0.017155861482024193,0.595950186252594,0.38091033697128296,-0.013200655579566956,0.5919920206069946,0.3843579888343811,-0.008533095940947533,0.5891539454460144,0.38747355341911316,-0.0037502057384699583,0.5912933945655823,0.38669973611831665,-0.005708296783268452,0.5949358940124512,0.3853186368942261,-0.008220306597650051,0.5986633896827698,0.3841680884361267,-0.011378922499716282,0.6091346144676208,0.38278821110725403,-0.015888508409261703,0.6152681112289429,0.3827911913394928,-0.016293156892061234,0.6211432814598083,0.38168826699256897,-0.015185165219008923,0.6263360381126404,0.38091710209846497,-0.012619090266525745,0.6342257261276245,0.38129302859306335,-0.006045215763151646,0.6377940773963928,0.3817961812019348,-0.003193478100001812,0.5986913442611694,0.3841198682785034,-0.010433248244225979,0.6035224199295044,0.3830374777317047,-0.012684193439781666,0.6091081500053406,0.3827906847000122,-0.014523062855005264,0.6152675747871399,0.3829166889190674,-0.014895596541464329,0.6211639046669006,0.38174116611480713,-0.013832353986799717,0.6263614892959595,0.3809736669063568,-0.011445688083767891,0.6317456960678101,0.38246166706085205,-0.01084812916815281,0.6377940773963928,0.3817961812019348,-0.003193478100001812,0.683505654335022,0.29026731848716736,0.07716068625450134,0.537009596824646,0.30325689911842346,0.06963634490966797,0.6172969937324524,0.4268215298652649,-0.012879898771643639,0.5665293335914612,0.39411503076553345,0.006880579050630331,0.5610087513923645,0.32468119263648987,0.0029483705293387175
ssirt0486.mp4,229,,,,,,,,,,,,,,,,,,,,,,,,,,,,,,,,,,,,,,,,,,,,,,,,,,,,,,,,,,,,,,,,0.6146220564842224,0.3962588310241699,-0.019045615568757057,0.6215980052947998,0.39493346214294434,-0.018301814794540405,0.6278054714202881,0.39192458987236023,-0.015609919093549252,0.6327287554740906,0.3880988359451294,-0.011899921111762524,0.6361989974975586,0.3851313292980194,-0.006492599379271269,0.6388002634048462,0.382282555103302,-0.0016432465054094791,0.6075087189674377,0.396323561668396,-0.018950985744595528,0.6009836792945862,0.39470723271369934,-0.016885824501514435,0.5954619646072388,0.39211615920066833,-0.01361506525427103,0.5916468501091003,0.3901125192642212,-0.008633298799395561,0.6146993637084961,0.3754218518733978,-0.021392134949564934,0.6218510270118713,0.37195566296577454,-0.020081624388694763,0.6281998157501221,0.37438714504241943,-0.01610397733747959,0.6327071189880371,0.3773882985115051,-0.01166439801454544,0.6361944675445557,0.37980470061302185,-0.006605879403650761,0.5954704880714417,0.38100749254226685,-0.013497340492904186,0.6072993278503418,0.37311139702796936,-0.020733531564474106,0.6004650592803955,0.37678903341293335,-0.017400315031409264,0.5954704880714417,0.38100749254226685,-0.013497340492904186,0.5915998816490173,0.38462358713150024,-0.008899153210222721,0.5888036489486694,0.3879415988922119,-0.004204545635730028,0.5909698009490967,0.3870922923088074,-0.006199992727488279,0.5945461392402649,0.3855942189693451,-0.008736218325793743,0.5981810688972473,0.3843904733657837,-0.01186965312808752,0.6084337830543518,0.3830285370349884,-0.016357649117708206,0.6144826412200928,0.3830493092536926,-0.016796797513961792,0.6203199028968811,0.3818846642971039,-0.01574612781405449,0.6254459619522095,0.3810512125492096,-0.013252301141619682,0.633188009262085,0.38139086961746216,-0.0068360865116119385,0.6367144584655762,0.3819698691368103,-0.0039955126121640205,0.5982364416122437,0.38425442576408386,-0.010781350545585155,0.60295569896698,0.3830941319465637,-0.012982107698917389,0.608434796333313,0.38279005885124207,-0.014811918139457703,0.6145079135894775,0.38291484117507935,-0.015222055837512016,0.6203585863113403,0.3817269206047058,-0.014216167852282524,0.6254919171333313,0.38098347187042236,-0.011911869049072266,0.6308607459068298,0.38270819187164307,-0.011576179414987564,0.6367144584655762,0.3819698691368103,-0.0039955126121640205,0.683324933052063,0.28968438506126404,0.07675734162330627,0.5370499491691589,0.30259421467781067,0.07030131667852402,0.6162599325180054,0.42712244391441345,-0.013727393001317978,0.565998375415802,0.3939637243747711,0.006607671268284321,0.5606390237808228,0.3241816759109497,0.0032702782191336155
ssirt0486.mp4,230,,,,,,,,,,,,,,,,,,,,,,,,,,,,,,,,,,,,,,,,,,,,,,,,,,,,,,,,,,,,,,,,0.6147418022155762,0.3958200216293335,-0.018751822412014008,0.6216626763343811,0.39454904198646545,-0.01799614168703556,0.6278453469276428,0.39167317748069763,-0.015282878652215004,0.6327417492866516,0.3879888355731964,-0.011557654477655888,0.6361842155456543,0.38513511419296265,-0.006135791074484587,0.6387650370597839,0.382375568151474,-0.0012963596964254975,0.6076577305793762,0.3958866596221924,-0.018660837784409523,0.6011082530021667,0.3943496346473694,-0.01657651923596859,0.5955026745796204,0.3918546736240387,-0.013293903321027756,0.5916098356246948,0.38990357518196106,-0.008307569660246372,0.6149011254310608,0.37539029121398926,-0.021199047565460205,0.6220410466194153,0.371921181678772,-0.01988881081342697,0.6283178329467773,0.3743096590042114,-0.015881020575761795,0.6327730417251587,0.3773326873779297,-0.011407972313463688,0.6362087726593018,0.37980809807777405,-0.0063049630261957645,0.5955098867416382,0.3808417320251465,-0.013271976262331009,0.6075010895729065,0.37303346395492554,-0.020552724599838257,0.600596010684967,0.37664130330085754,-0.017202656716108322,0.5955098867416382,0.3808417320251465,-0.013271976262331009,0.5915610790252686,0.38444411754608154,-0.008642238564789295,0.5887032151222229,0.3877671957015991,-0.0038971994072198868,0.5908769369125366,0.3868713080883026,-0.005894612520933151,0.5944327712059021,0.3853447437286377,-0.008445746265351772,0.598131000995636,0.38410431146621704,-0.011606757529079914,0.6085428595542908,0.38271626830101013,-0.0161284189671278,0.6146212816238403,0.38277605175971985,-0.016563916578888893,0.6204310655593872,0.381631463766098,-0.015503650531172752,0.6255434155464172,0.3808242678642273,-0.012991144321858883,0.6332436800003052,0.3812978267669678,-0.006521360483020544,0.6367021203041077,0.38197770714759827,-0.0036614721175283194,0.598175585269928,0.3839784264564514,-0.010510727763175964,0.6029718518257141,0.3828182518482208,-0.012728194706141949,0.6085224151611328,0.3825623691082001,-0.014568733982741833,0.6146364808082581,0.3827369511127472,-0.01497729029506445,0.6204575896263123,0.38154804706573486,-0.013961252756416798,0.6255665421485901,0.3807918131351471,-0.011639869771897793,0.630930483341217,0.38255730271339417,-0.011281650513410568,0.6367021203041077,0.38197770714759827,-0.0036614721175283194,0.6833479404449463,0.2895916998386383,0.07681784778833389,0.5369164943695068,0.3023013770580292,0.07024191319942474,0.6163421273231506,0.42690977454185486,-0.013302392326295376,0.5659448504447937,0.3937494456768036,0.006898027379065752,0.5606870651245117,0.3240557312965393,0.0032405145466327667
ssirt0486.mp4,231,,,,,,,,,,,,,,,,,,,,,,,,,,,,,,,,,,,,,,,,,,,,,,,,,,,,,,,,,,,,,,,,0.6155411005020142,0.395774781703949,-0.01878078654408455,0.6222623586654663,0.3946584463119507,-0.018054788932204247,0.6282356381416321,0.3919282555580139,-0.015384448692202568,0.6329142451286316,0.3883502185344696,-0.01169598288834095,0.6361878514289856,0.3855642080307007,-0.006321209482848644,0.6386785507202148,0.3828301727771759,-0.001486285706050694,0.6085177659988403,0.3957017660140991,-0.018674254417419434,0.602042019367218,0.3940408229827881,-0.01659497246146202,0.5965268611907959,0.39148208498954773,-0.013322836719453335,0.5926458835601807,0.3895619511604309,-0.008354084566235542,0.6155492663383484,0.3754182755947113,-0.02135409601032734,0.6224629878997803,0.37207651138305664,-0.020056959241628647,0.6285998821258545,0.3747125267982483,-0.01606476679444313,0.6328824758529663,0.37783682346343994,-0.011598723940551281,0.636198878288269,0.38033196330070496,-0.006506446283310652,0.5963336825370789,0.38078802824020386,-0.013340299017727375,0.6082078218460083,0.37297672033309937,-0.020676633343100548,0.601327121257782,0.3766525983810425,-0.017296187579631805,0.5963336825370789,0.38078802824020386,-0.013340299017727375,0.5924804210662842,0.3842826783657074,-0.008692196570336819,0.5897510647773743,0.3875042200088501,-0.003921630326658487,0.5918574929237366,0.3866523802280426,-0.005946934223175049,0.5954315066337585,0.38515326380729675,-0.008498857729136944,0.5990650653839111,0.38397547602653503,-0.011646389029920101,0.6092985272407532,0.3827937841415405,-0.016160329803824425,0.6152899861335754,0.38293182849884033,-0.016617320477962494,0.6209127902984619,0.38189542293548584,-0.015580748207867146,0.6258268356323242,0.3811758756637573,-0.013097977265715599,0.6331564784049988,0.3817194104194641,-0.006693671457469463,0.6365856528282166,0.38244593143463135,-0.0038503266405314207,0.599124550819397,0.38390523195266724,-0.010565428994596004,0.6038699746131897,0.3828166425228119,-0.012782279402017593,0.6093458533287048,0.38261914253234863,-0.014628243632614613,0.6153461337089539,0.38284918665885925,-0.015055817551910877,0.6209486722946167,0.38180309534072876,-0.01406242698431015,0.6258487701416016,0.38116806745529175,-0.011765208095312119,0.6310286521911621,0.38293787837028503,-0.011399776674807072,0.6365856528282166,0.38244593143463135,-0.0038503266405314207,0.6837900280952454,0.28950315713882446,0.07675497233867645,0.5370870232582092,0.30152931809425354,0.07055199146270752,0.6160017251968384,0.4282762110233307,-0.01326707936823368,0.5656762719154358,0.3941327631473541,0.007010580040514469,0.560522198677063,0.32406681776046753,0.0033554229885339737
ssirt0486.mp4,232,,,,,,,,,,,,,,,,,,,,,,,,,,,,,,,,,,,,,,,,,,,,,,,,,,,,,,,,,,,,,,,,0.6156364679336548,0.39555031061172485,-0.018318593502044678,0.6223692297935486,0.39433199167251587,-0.017545804381370544,0.628391683101654,0.39153778553009033,-0.014778361655771732,0.6331526041030884,0.38786786794662476,-0.011016324162483215,0.6365290284156799,0.38493356108665466,-0.0055681392550468445,0.6391140222549438,0.3820094168186188,-0.0007707331678830087,0.6085096597671509,0.395574152469635,-0.01821223273873329,0.6019074320793152,0.3940248191356659,-0.016069423407316208,0.5962393879890442,0.3915306329727173,-0.012752869166433811,0.5922297835350037,0.38958829641342163,-0.007748931180685759,0.6157441735267639,0.37614205479621887,-0.021033117547631264,0.6227629780769348,0.372585654258728,-0.01972806453704834,0.6288360357284546,0.3748340606689453,-0.01566454954445362,0.6331443786621094,0.3776095509529114,-0.011079073883593082,0.6365078687667847,0.37980222702026367,-0.005861281882971525,0.5961546897888184,0.38127267360687256,-0.012966222129762173,0.6082822680473328,0.3737654685974121,-0.02040250413119793,0.6013128757476807,0.37735140323638916,-0.017010649666190147,0.5961546897888184,0.38127267360687256,-0.012966222129762173,0.5921390056610107,0.3845221698284149,-0.008223463781177998,0.5891878604888916,0.3874525725841522,-0.0033790688030421734,0.5913020968437195,0.38669440150260925,-0.005375993438065052,0.5949789881706238,0.3853830397129059,-0.007927370257675648,0.5987546443939209,0.38431471586227417,-0.011129898950457573,0.6093173027038574,0.38313156366348267,-0.01572532020509243,0.6154828071594238,0.3832164406776428,-0.016175800934433937,0.6211756467819214,0.3820539712905884,-0.015096992254257202,0.626150369644165,0.3811710774898529,-0.01254642941057682,0.6336400508880615,0.38130348920822144,-0.005989305675029755,0.6370952129364014,0.38173913955688477,-0.003130362369120121,0.5987599492073059,0.3843144178390503,-0.010162974707782269,0.603657603263855,0.38331276178359985,-0.012454702518880367,0.6092761158943176,0.38313907384872437,-0.014339292421936989,0.615451455116272,0.3833324611186981,-0.01475861668586731,0.62115079164505,0.38209864497184753,-0.013722286559641361,0.6261274218559265,0.38122233748435974,-0.011347971856594086,0.6313952803611755,0.38267236948013306,-0.010769521817564964,0.6370952129364014,0.38173913955688477,-0.003130362369120121,0.6836939454078674,0.29017579555511475,0.0768493041396141,0.5372761487960815,0.3021520674228668,0.07016324251890182,0.6165558099746704,0.42790693044662476,-0.01275177113711834,0.5659134984016418,0.39386484026908875,0.007349396124482155,0.560637354850769,0.32404419779777527,0.0032143325079232454
ssirt0486.mp4,233,,,,,,,,,,,,,,,,,,,,,,,,,,,,,,,,,,,,,,,,,,,,,,,,,,,,,,,,,,,,,,,,0.6153321862220764,0.3955575227737427,-0.01843365468084812,0.6219725608825684,0.39446398615837097,-0.017651043832302094,0.6279449462890625,0.39184021949768066,-0.014883256517350674,0.63270503282547,0.38840213418006897,-0.011108783073723316,0.6360756158828735,0.3857300877571106,-0.005624065641313791,0.6386364698410034,0.38305792212486267,-0.0007835039868950844,0.608293890953064,0.3955201804637909,-0.018346548080444336,0.6017650365829468,0.3939366340637207,-0.016232501715421677,0.5961441397666931,0.39145827293395996,-0.01291570533066988,0.5921749472618103,0.38958096504211426,-0.007890790700912476,0.615547776222229,0.37579160928726196,-0.020956743508577347,0.6225040555000305,0.37229543924331665,-0.019646286964416504,0.6285490989685059,0.37485963106155396,-0.015585470013320446,0.6328064799308777,0.3779928684234619,-0.01103166863322258,0.636124312877655,0.3805125951766968,-0.005847860127687454,0.5961037874221802,0.381102979183197,-0.012993644922971725,0.6081615686416626,0.37330538034439087,-0.020348191261291504,0.6012391448020935,0.37703144550323486,-0.016986681148409843,0.5961037874221802,0.381102979183197,-0.012993644922971725,0.592090368270874,0.3844749927520752,-0.008290821686387062,0.5891521573066711,0.38755160570144653,-0.0034893848933279514,0.5913012623786926,0.38673466444015503,-0.005481576547026634,0.5949224233627319,0.3852769732475281,-0.008055145852267742,0.5986748933792114,0.38409313559532166,-0.011242062784731388,0.6091492176055908,0.3828483819961548,-0.01578824408352375,0.6152346134185791,0.38299569487571716,-0.016213133931159973,0.6208471655845642,0.3819752037525177,-0.015127980150282383,0.6257824301719666,0.38130655884742737,-0.012582008726894855,0.6332085728645325,0.3819347620010376,-0.006037851329892874,0.6365723013877869,0.38264673948287964,-0.003150887554511428,0.5986743569374084,0.38411492109298706,-0.010167829692363739,0.6035262942314148,0.3830608129501343,-0.012408699840307236,0.60909503698349,0.38288307189941406,-0.014258340932428837,0.6151987314224243,0.38311368227005005,-0.014656806364655495,0.6208187937736511,0.3820192813873291,-0.013612311333417892,0.6257538795471191,0.3813325762748718,-0.011252510361373425,0.6309719085693359,0.38309893012046814,-0.01082451082766056,0.6365723013877869,0.38264673948287964,-0.003150887554511428,0.6835830211639404,0.28995248675346375,0.07702076435089111,0.5368726253509521,0.30189159512519836,0.07010210305452347,0.6162217259407043,0.42743831872940063,-0.012954561039805412,0.5656169056892395,0.39377543330192566,0.0072288597002625465,0.5604008436203003,0.32404160499572754,0.0031626976560801268
ssirt0486.mp4,234,,,,,,,,,,,,,,,,,,,,,,,,,,,,,,,,,,,,,,,,,,,,,,,,,,,,,,,,,,,,,,,,0.6149712800979614,0.3961953818798065,-0.018487751483917236,0.6216794848442078,0.3950587511062622,-0.017678849399089813,0.6277008056640625,0.3922819495201111,-0.01488441787660122,0.6324886083602905,0.3886309862136841,-0.011089405044913292,0.6358504295349121,0.38578662276268005,-0.005577154457569122,0.6383934020996094,0.3830287754535675,-0.0007076298934407532,0.6079168915748596,0.3961191177368164,-0.018423262983560562,0.6014367938041687,0.3943815231323242,-0.016321884468197823,0.5959140062332153,0.39171284437179565,-0.013008221983909607,0.5920605063438416,0.3896964490413666,-0.007982724346220493,0.6151974201202393,0.3757830858230591,-0.020900338888168335,0.6221614480018616,0.37224674224853516,-0.019571997225284576,0.6282453536987305,0.37483447790145874,-0.015496451407670975,0.6325253844261169,0.3779694437980652,-0.01093892753124237,0.6358610391616821,0.3804778754711151,-0.005758558865636587,0.5959455370903015,0.3811199963092804,-0.013024713844060898,0.6078471541404724,0.3732720911502838,-0.020320598036050797,0.600999116897583,0.37702876329421997,-0.01698889024555683,0.5959455370903015,0.3811199963092804,-0.013024713844060898,0.5920174717903137,0.3845002353191376,-0.008352281525731087,0.5891313552856445,0.3875960111618042,-0.0035772689152508974,0.5912882685661316,0.38678935170173645,-0.00555880181491375,0.594876766204834,0.38532766699790955,-0.00813725683838129,0.5985509157180786,0.384147584438324,-0.011310389265418053,0.6088579893112183,0.3829318881034851,-0.015820061787962914,0.6148917078971863,0.38311100006103516,-0.01622077077627182,0.6205111742019653,0.38204628229141235,-0.015113419853150845,0.6254547238349915,0.381337434053421,-0.012554996646940708,0.6329052448272705,0.38192838430404663,-0.005994295701384544,0.6363153457641602,0.38263800740242004,-0.0030859550461173058,0.5985672473907471,0.3841394782066345,-0.010179239325225353,0.6033318042755127,0.38308823108673096,-0.01239005383104086,0.6088228821754456,0.38292473554611206,-0.014214026741683483,0.6148746013641357,0.3831823468208313,-0.014588872902095318,0.6204959750175476,0.38205093145370483,-0.013523725792765617,0.6254382729530334,0.38133367896080017,-0.011157640255987644,0.6306946277618408,0.3831747770309448,-0.010791992768645287,0.6363153457641602,0.38263800740242004,-0.0030859550461173058,0.6832605600357056,0.28975632786750793,0.07713797688484192,0.5365424156188965,0.3013935387134552,0.06983018666505814,0.6158984899520874,0.4274163842201233,-0.013063477352261543,0.5653323531150818,0.39366209506988525,0.00707078306004405,0.5602369904518127,0.32392844557762146,0.0030285469256341457
ssirt0486.mp4,235,,,,,,,,,,,,,,,,,,,,,,,,,,,,,,,,,,,,,,,,,,,,,,,,,,,,,,,,,,,,,,,,0.615199089050293,0.3963191509246826,-0.01837330125272274,0.6218612790107727,0.3951890468597412,-0.01759018748998642,0.6278151869773865,0.3923889100551605,-0.014838815666735172,0.6325176358222961,0.3886767327785492,-0.011088080704212189,0.6358098387718201,0.38576194643974304,-0.005643731448799372,0.6383079290390015,0.3829387426376343,-0.0008065432193689048,0.6081262230873108,0.39622849225997925,-0.01830371282994747,0.6016083359718323,0.3944767713546753,-0.01622488908469677,0.5960513949394226,0.3917957544326782,-0.012944207526743412,0.592156171798706,0.3897847533226013,-0.007967757061123848,0.6153059601783752,0.37572383880615234,-0.0210275799036026,0.6222280263900757,0.37223970890045166,-0.019698595628142357,0.6282756328582764,0.374834269285202,-0.015627071261405945,0.6325109601020813,0.37795618176460266,-0.011071228422224522,0.6358084678649902,0.3804280161857605,-0.005888712126761675,0.5959786176681519,0.38111719489097595,-0.01308212149888277,0.6079391837120056,0.3732318878173828,-0.02041761763393879,0.6010454297065735,0.37699368596076965,-0.017061488702893257,0.5959786176681519,0.38111719489097595,-0.01308212149888277,0.5920560359954834,0.38454151153564453,-0.008395037613809109,0.5892177820205688,0.387694388628006,-0.003586897859349847,0.5913529992103577,0.3868519067764282,-0.0055811433121562,0.5949410200119019,0.38535451889038086,-0.008139385841786861,0.5986237525939941,0.38417044281959534,-0.01130316499620676,0.6089699864387512,0.382990300655365,-0.01581515371799469,0.6150267124176025,0.38316717743873596,-0.01623125746846199,0.6206116080284119,0.38209065794944763,-0.015141025185585022,0.6254985332489014,0.3813346028327942,-0.012599723413586617,0.6328267455101013,0.3818379044532776,-0.006071180570870638,0.6362254619598389,0.38254180550575256,-0.003189248265698552,0.5986451506614685,0.3841738700866699,-0.010243506170809269,0.6034385561943054,0.3831142783164978,-0.012471234425902367,0.6089527606964111,0.3829444646835327,-0.014306849800050259,0.6150171756744385,0.38319718837738037,-0.014693343080580235,0.6205939650535583,0.38207387924194336,-0.013645006343722343,0.6254748702049255,0.381344735622406,-0.011287998408079147,0.6306808590888977,0.38313424587249756,-0.010833739303052425,0.6362254619598389,0.38254180550575256,-0.003189248265698552,0.6831228733062744,0.2896595597267151,0.07711651921272278,0.5365073680877686,0.3012688159942627,0.0699881762266159,0.6157782673835754,0.427956223487854,-0.012801053002476692,0.5652883648872375,0.39376184344291687,0.007173630874603987,0.5601950883865356,0.32391270995140076,0.0030738275963813066
ssirt0486.mp4,236,,,,,,,,,,,,,,,,,,,,,,,,,,,,,,,,,,,,,,,,,,,,,,,,,,,,,,,,,,,,,,,,0.614404559135437,0.39616620540618896,-0.018482698127627373,0.6211478114128113,0.39501717686653137,-0.017661113291978836,0.6272059679031372,0.3922450840473175,-0.014849006198346615,0.6320310831069946,0.3886052370071411,-0.011043027974665165,0.6354160308837891,0.3857666850090027,-0.00552109582349658,0.637974202632904,0.3830186128616333,-0.0006498267757706344,0.6073427796363831,0.3961147665977478,-0.01842593029141426,0.6008754968643188,0.394424706697464,-0.016319306567311287,0.595385730266571,0.39182257652282715,-0.012995543889701366,0.5915710926055908,0.389878511428833,-0.00796088483184576,0.6145929098129272,0.37580838799476624,-0.0209221001714468,0.6215769648551941,0.37226220965385437,-0.019584810361266136,0.6277122497558594,0.3748615086078644,-0.015493445098400116,0.6320324540138245,0.37799161672592163,-0.010917384177446365,0.6354032158851624,0.3804941177368164,-0.005718044470995665,0.5953934788703918,0.3813116252422333,-0.01303511019796133,0.6072402596473694,0.37335115671157837,-0.020346231758594513,0.600408673286438,0.3771766722202301,-0.017011312767863274,0.5953934788703918,0.3813116252422333,-0.01303511019796133,0.5915088057518005,0.38472670316696167,-0.008344931527972221,0.5886778831481934,0.3878476023674011,-0.0035526114515960217,0.5908371210098267,0.38703206181526184,-0.005539082922041416,0.5944138765335083,0.3855433166027069,-0.008120999671518803,0.5980616807937622,0.38434672355651855,-0.011302445083856583,0.6083093881607056,0.38305503129959106,-0.01582115702331066,0.6143296360969543,0.3831942081451416,-0.016212651506066322,0.6199685335159302,0.38212648034095764,-0.015093903057277203,0.6249393224716187,0.3814249336719513,-0.01252520177513361,0.6324586272239685,0.3819987177848816,-0.005943827331066132,0.6358948349952698,0.3826609253883362,-0.003032705280929804,0.5980708599090576,0.3843396306037903,-0.01018933393061161,0.6028010845184326,0.3832705020904541,-0.012410664930939674,0.60826575756073,0.38306888937950134,-0.014238467440009117,0.6143006682395935,0.3832828998565674,-0.014607744291424751,0.6199459433555603,0.3821412920951843,-0.013531690463423729,0.624921977519989,0.38142114877700806,-0.011151416227221489,0.6302214860916138,0.38323232531547546,-0.010754112154245377,0.6358948349952698,0.3826609253883362,-0.003032705280929804,0.6828107833862305,0.29014843702316284,0.07717835158109665,0.5360719561576843,0.3017180562019348,0.06987476348876953,0.6155267953872681,0.4274097681045532,-0.013046860694885254,0.5648500323295593,0.39378634095191956,0.0071029383689165115,0.5597966909408569,0.32412245869636536,0.0030262840446084738
ssirt0486.mp4,237,,,,,,,,,,,,,,,,,,,,,,,,,,,,,,,,,,,,,,,,,,,,,,,,,,,,,,,,,,,,,,,,0.6140302419662476,0.39687615633010864,-0.01849750243127346,0.6208413243293762,0.39576056599617004,-0.017712920904159546,0.6269457340240479,0.39295893907546997,-0.014961160719394684,0.6317925453186035,0.389242023229599,-0.01119825430214405,0.6351646184921265,0.3863202631473541,-0.0057218316942453384,0.6376863718032837,0.3835182189941406,-0.0008605262846685946,0.6069408655166626,0.39681750535964966,-0.018428010866045952,0.6004635095596313,0.3950570523738861,-0.01634926162660122,0.5949870347976685,0.39232301712036133,-0.013058573938906193,0.5912104249000549,0.39026618003845215,-0.008057286031544209,0.6142030954360962,0.37606650590896606,-0.020938701927661896,0.6212239861488342,0.37250882387161255,-0.019617289304733276,0.6274092197418213,0.3751235008239746,-0.015565461479127407,0.6317571401596069,0.37831658124923706,-0.011043418198823929,0.6351425051689148,0.38090604543685913,-0.005898287985473871,0.5950249433517456,0.3814506530761719,-0.013067769818007946,0.6068301796913147,0.37352192401885986,-0.020342513918876648,0.6000082492828369,0.3772863745689392,-0.0170121006667614,0.5950249433517456,0.3814506530761719,-0.013067769818007946,0.5911628007888794,0.3849479556083679,-0.00841345265507698,0.5883826017379761,0.38815978169441223,-0.0036478510592132807,0.5905241370201111,0.3873257040977478,-0.005635332781821489,0.5940941572189331,0.38577330112457275,-0.008208898827433586,0.5977179408073425,0.3845433294773102,-0.011365460231900215,0.6079185009002686,0.38326844573020935,-0.015854522585868835,0.6139248609542847,0.38344743847846985,-0.016263185068964958,0.6195924282073975,0.3823866844177246,-0.015177194960415363,0.6245855093002319,0.38170111179351807,-0.012642073445022106,0.6321254968643188,0.3823797106742859,-0.0061319987289607525,0.6355925798416138,0.38312652707099915,-0.0032379457261413336,0.597750186920166,0.38449960947036743,-0.010233432985842228,0.6024589538574219,0.38338738679885864,-0.01243077963590622,0.607903003692627,0.3831941485404968,-0.014249510131776333,0.6139217615127563,0.3834531903266907,-0.014630068093538284,0.619597852230072,0.38233041763305664,-0.013583770021796227,0.6245962977409363,0.3816543221473694,-0.011240508407354355,0.629907488822937,0.3836372196674347,-0.010899923741817474,0.6355925798416138,0.38312652707099915,-0.0032379457261413336,0.6824399828910828,0.29055094718933105,0.0770820826292038,0.53562331199646,0.3020896315574646,0.06993168592453003,0.6149066090583801,0.4277261793613434,-0.01305188238620758,0.5644873976707458,0.3941068649291992,0.0070587326772511005,0.5593892931938171,0.32444727420806885,0.003080617403611541
ssirt0486.mp4,238,,,,,,,,,,,,,,,,,,,,,,,,,,,,,,,,,,,,,,,,,,,,,,,,,,,,,,,,,,,,,,,,0.6134619116783142,0.397799015045166,-0.018869005143642426,0.6202645301818848,0.396541029214859,-0.018088361248373985,0.6263424158096313,0.39351698756217957,-0.015339012257754803,0.6311553716659546,0.3895641267299652,-0.011570257134735584,0.6344988942146301,0.38644808530807495,-0.006078305654227734,0.6370181441307068,0.38349393010139465,-0.0012083071051165462,0.6063604950904846,0.39779236912727356,-0.018780887126922607,0.5998656153678894,0.3959888219833374,-0.01668861135840416,0.594391405582428,0.3931810259819031,-0.013380213640630245,0.590629518032074,0.39104217290878296,-0.008347554132342339,0.613599419593811,0.37647005915641785,-0.02112177386879921,0.6205962300300598,0.3728570342063904,-0.01980745792388916,0.6267400979995728,0.37538155913352966,-0.015783783048391342,0.6310649514198303,0.3784773051738739,-0.011297215707600117,0.6344419121742249,0.3809618353843689,-0.0061882371082901955,0.5944669842720032,0.3821250796318054,-0.013261115178465843,0.6062451004981995,0.37405335903167725,-0.020509105175733566,0.5994426608085632,0.37791943550109863,-0.017186064273118973,0.5944669842720032,0.3821250796318054,-0.013261115178465843,0.5906063318252563,0.3856334984302521,-0.008628756739199162,0.5877991914749146,0.3888615071773529,-0.0039131902158260345,0.5899607539176941,0.38801559805870056,-0.005899650044739246,0.5935516357421875,0.38648396730422974,-0.00846686027944088,0.5971625447273254,0.3852689266204834,-0.011625922285020351,0.6073400974273682,0.3839341700077057,-0.01612556166946888,0.6133424639701843,0.3840354382991791,-0.016545187681913376,0.6189918518066406,0.3828759789466858,-0.015469851903617382,0.6239518523216248,0.3820788264274597,-0.012941207736730576,0.631443440914154,0.3825252652168274,-0.006449270527809858,0.6349259614944458,0.3831579387187958,-0.00357021763920784,0.5971876978874207,0.3852081000804901,-0.010489488020539284,0.601875364780426,0.3840821385383606,-0.012689781375229359,0.6073065996170044,0.3838314414024353,-0.014514799229800701,0.6133269667625427,0.38401925563812256,-0.014907250180840492,0.6189900040626526,0.3828001618385315,-0.013871937990188599,0.6239543557167053,0.382024884223938,-0.011537282727658749,0.6292507648468018,0.3839107155799866,-0.011234292760491371,0.6349259614944458,0.3831579387187958,-0.00357021763920784,0.6818110346794128,0.29139983654022217,0.0769030973315239,0.5350990891456604,0.3034168481826782,0.06990499794483185,0.6144381165504456,0.4282435476779938,-0.01355722825974226,0.5640108585357666,0.39494258165359497,0.006766749545931816,0.5587444305419922,0.3252682089805603,0.0031510447151958942
ssirt0486.mp4,239,,,,,,,,,,,,,,,,,,,,,,,,,,,,,,,,,,,,,,,,,,,,,,,,,,,,,,,,,,,,,,,,0.6138026118278503,0.3977532684803009,-0.018158862367272377,0.6205339431762695,0.39651304483413696,-0.01738785021007061,0.6265201568603516,0.39347249269485474,-0.014651032164692879,0.6311773657798767,0.38946256041526794,-0.010919070802628994,0.6343964338302612,0.38630157709121704,-0.0055078486911952496,0.6368358731269836,0.3833061456680298,-0.0007226800080388784,0.6066056489944458,0.39771464467048645,-0.018080128356814384,0.5999974608421326,0.39584633708000183,-0.015988584607839584,0.5944162607192993,0.3929761052131653,-0.012712310068309307,0.5905455350875854,0.3908175826072693,-0.007757897023111582,0.6139436364173889,0.3771158456802368,-0.020962456241250038,0.6208521723747253,0.37343594431877136,-0.019649049267172813,0.6267641186714172,0.37575045228004456,-0.015590797178447247,0.6309477686882019,0.3786281943321228,-0.011020979844033718,0.6342447400093079,0.38093137741088867,-0.005820163991302252,0.5945740938186646,0.382284939289093,-0.012955415062606335,0.6065313220024109,0.37460532784461975,-0.020339010283350945,0.5996590256690979,0.3782985508441925,-0.016964400187134743,0.5945740938186646,0.382284939289093,-0.012955415062606335,0.5905889868736267,0.3855922520160675,-0.008244131691753864,0.5876468420028687,0.38864821195602417,-0.003413342870771885,0.5897522568702698,0.387807697057724,-0.005401237867772579,0.5933758020401001,0.3863013982772827,-0.007938578724861145,0.597071647644043,0.385093092918396,-0.0111088827252388,0.6074897050857544,0.3838465213775635,-0.015647120773792267,0.6136014461517334,0.38401928544044495,-0.01607612892985344,0.6191853284835815,0.38280540704727173,-0.01499556377530098,0.6240575909614563,0.3819373846054077,-0.012459255754947662,0.6313394904136658,0.3823089599609375,-0.0059380424208939075,0.6347849369049072,0.3829551935195923,-0.003086029551923275,0.5971080660820007,0.38505977392196655,-0.01014561578631401,0.601934552192688,0.38396164774894714,-0.01240642461925745,0.6074867248535156,0.38377276062965393,-0.014267897233366966,0.613605260848999,0.3840380907058716,-0.014669232070446014,0.6191818714141846,0.3827718496322632,-0.013631978072226048,0.6240448951721191,0.38192737102508545,-0.011268625035881996,0.6292719841003418,0.38375282287597656,-0.010687367990612984,0.6347849369049072,0.3829551935195923,-0.003086029551923275,0.681640625,0.2907024323940277,0.07685661315917969,0.5349363684654236,0.30295148491859436,0.07002156227827072,0.61407870054245,0.4285584092140198,-0.01254629623144865,0.5637653470039368,0.39464884996414185,0.007335474248975515,0.5584962964057922,0.32506266236305237,0.003127409378066659
ssirt0486.mp4,240,,,,,,,,,,,,,,,,,,,,,,,,,,,,,,,,,,,,,,,,,,,,,,,,,,,,,,,,,,,,,,,,0.6131996512413025,0.3976209759712219,-0.018448151648044586,0.6199519038200378,0.3963490128517151,-0.017664514482021332,0.6259745359420776,0.39323967695236206,-0.014905797317624092,0.6307024359703064,0.3891591429710388,-0.011133681051433086,0.6339806318283081,0.3859419524669647,-0.005648998077958822,0.6364613771438599,0.38290780782699585,-0.0008034220663830638,0.606066882610321,0.3975876271724701,-0.0183657668530941,0.5995460152626038,0.39570125937461853,-0.01626257225871086,0.5940631031990051,0.3928036391735077,-0.012955248355865479,0.5902952551841736,0.39061862230300903,-0.007939759641885757,0.6133435368537903,0.3765644133090973,-0.0209509264677763,0.620302677154541,0.3729395568370819,-0.01963619329035282,0.6263247728347778,0.37532463669776917,-0.015576288104057312,0.6305543184280396,0.3782424032688141,-0.011027783155441284,0.633870005607605,0.38054633140563965,-0.005851350724697113,0.5941774845123291,0.3819582164287567,-0.01301009114831686,0.6059733629226685,0.3741355538368225,-0.02034522034227848,0.5991650819778442,0.37790268659591675,-0.016988543793559074,0.5941774845123291,0.3819582164287567,-0.01301009114831686,0.5903098583221436,0.38531777262687683,-0.008326228708028793,0.5874667763710022,0.38842394948005676,-0.003548242151737213,0.5895954370498657,0.38759857416152954,-0.005532009992748499,0.5931663513183594,0.38613131642341614,-0.008101329207420349,0.5967844724655151,0.3849632143974304,-0.011280570179224014,0.6070234179496765,0.3837360739707947,-0.01581125520169735,0.6130592226982117,0.383871853351593,-0.016233323141932487,0.6186647415161133,0.3826743960380554,-0.015149170532822609,0.6235727071762085,0.3817964196205139,-0.012605294585227966,0.6309452652931213,0.38204845786094666,-0.006065779365599155,0.6343989968299866,0.38259854912757874,-0.003175529185682535,0.5967918634414673,0.3848991394042969,-0.01018771342933178,0.6015153527259827,0.38383936882019043,-0.01241814810782671,0.6069839000701904,0.3836490511894226,-0.01426152978092432,0.6130388975143433,0.3838706910610199,-0.014655924402177334,0.6186609268188477,0.38261595368385315,-0.013611895963549614,0.6235759258270264,0.38175368309020996,-0.011254668235778809,0.6288203001022339,0.38352280855178833,-0.010848348960280418,0.6343989968299866,0.38259854912757874,-0.003175529185682535,0.6810962557792664,0.2910505533218384,0.07694098353385925,0.5347108840942383,0.3033689856529236,0.06992543488740921,0.6138874888420105,0.4282054603099823,-0.013009420596063137,0.5635210871696472,0.3947124779224396,0.007130395155400038,0.5582605004310608,0.32521700859069824,0.0031237490475177765
ssirt0486.mp4,241,,,,,,,,,,,,,,,,,,,,,,,,,,,,,,,,,,,,,,,,,,,,,,,,,,,,,,,,,,,,,,,,0.6125003099441528,0.39633768796920776,-0.018676860257983208,0.6192864179611206,0.3950943946838379,-0.01791754551231861,0.6253883838653564,0.39219531416893005,-0.015183203853666782,0.6302240490913391,0.3884172737598419,-0.01142870169132948,0.6336167454719543,0.38543474674224854,-0.005964139476418495,0.6361762285232544,0.38254570960998535,-0.0011265127686783671,0.6054407358169556,0.3963508605957031,-0.018570363521575928,0.5989776849746704,0.39467334747314453,-0.016451016068458557,0.5934985280036926,0.3920721411705017,-0.013135609216988087,0.5896930694580078,0.39012330770492554,-0.008107027038931847,0.6125172972679138,0.37633180618286133,-0.02107405476272106,0.619486927986145,0.3727065920829773,-0.01977427676320076,0.6256570219993591,0.37501245737075806,-0.01575614884495735,0.6300525665283203,0.3778662085533142,-0.011255195364356041,0.633512556552887,0.38017672300338745,-0.006127193104475737,0.5934666991233826,0.38165730237960815,-0.013112402521073818,0.6051629781723022,0.3739628791809082,-0.020439276471734047,0.5984100103378296,0.37764793634414673,-0.017079414799809456,0.5934666991233826,0.38165730237960815,-0.013112402521073818,0.5896108150482178,0.38500234484672546,-0.008444350212812424,0.5868051648139954,0.38807132840156555,-0.003692353842779994,0.5888980627059937,0.3872501254081726,-0.005683394614607096,0.5924636721611023,0.38576963543891907,-0.00824935082346201,0.596080482006073,0.3845908045768738,-0.01143442653119564,0.6062898635864258,0.38328617811203003,-0.01598762348294258,0.6123226284980774,0.3833790421485901,-0.016432108357548714,0.6180166602134705,0.38219135999679565,-0.015368867665529251,0.6230460405349731,0.3813501000404358,-0.012843899428844452,0.630660355091095,0.38168683648109436,-0.006345369853079319,0.6341455578804016,0.38225826621055603,-0.0034782944712787867,0.5961219668388367,0.3845452666282654,-0.010344232432544231,0.6008305549621582,0.3834775686264038,-0.012583085335791111,0.6062833666801453,0.3832716941833496,-0.014439227990806103,0.6123230457305908,0.38346701860427856,-0.014853800646960735,0.6180112361907959,0.38221192359924316,-0.013830412179231644,0.6230353713035583,0.3813682794570923,-0.011492975987493992,0.6283895373344421,0.3830275535583496,-0.011122682131826878,0.6341455578804016,0.38225826621055603,-0.0034782944712787867,0.6805964708328247,0.2910412847995758,0.07661556452512741,0.5342873334884644,0.3041335940361023,0.07012947648763657,0.6137391924858093,0.42748910188674927,-0.013331962749361992,0.5633194446563721,0.39475107192993164,0.00702047860249877,0.5578285455703735,0.3252764642238617,0.0032908369321376085
ssirt0486.mp4,242,,,,,,,,,,,,,,,,,,,,,,,,,,,,,,,,,,,,,,,,,,,,,,,,,,,,,,,,,,,,,,,,0.6126192212104797,0.3970426023006439,-0.01871972717344761,0.6193299293518066,0.395805686712265,-0.017959505319595337,0.6252938508987427,0.3928109109401703,-0.015248041599988937,0.6299400329589844,0.3888840079307556,-0.01152735948562622,0.633168637752533,0.38579219579696655,-0.006115242373198271,0.6355962157249451,0.3828296959400177,-0.0012696662452071905,0.6055696606636047,0.39702466130256653,-0.018639663234353065,0.5990965366363525,0.39523983001708984,-0.016572419553995132,0.5936104655265808,0.3924955129623413,-0.013307658024132252,0.5897981524467468,0.39045900106430054,-0.008342907764017582,0.6125951409339905,0.37615543603897095,-0.021191159263253212,0.6195032596588135,0.3725999593734741,-0.019872931763529778,0.6255580186843872,0.3750053942203522,-0.015857383608818054,0.6298107504844666,0.37797701358795166,-0.011376939713954926,0.6331048607826233,0.380372554063797,-0.006275848485529423,0.5935158729553223,0.3815937042236328,-0.013294532895088196,0.6052582263946533,0.37374159693717957,-0.02055572345852852,0.598466157913208,0.3774521052837372,-0.017217569053173065,0.5935158729553223,0.3815937042236328,-0.013294532895088196,0.5896799564361572,0.38510435819625854,-0.008673146367073059,0.5869291424751282,0.3883461356163025,-0.00393768260255456,0.5889958143234253,0.3874738812446594,-0.005930658895522356,0.5925354957580566,0.3859133720397949,-0.008476750925183296,0.5961548686027527,0.3846737742424011,-0.011617247946560383,0.6063615679740906,0.3833683729171753,-0.01610179804265499,0.6123645901679993,0.38349223136901855,-0.016527488827705383,0.6179653406143188,0.38231903314590454,-0.015460883267223835,0.6228650808334351,0.38147640228271484,-0.01294939685612917,0.6301932334899902,0.38186168670654297,-0.006496887654066086,0.6335791349411011,0.3824845254421234,-0.003638674272224307,0.5961716175079346,0.3846091628074646,-0.0105131259188056,0.6008874177932739,0.3834798336029053,-0.01271261740475893,0.6063438653945923,0.3832630515098572,-0.014540355652570724,0.6123704314231873,0.38348132371902466,-0.014937876723706722,0.6179794073104858,0.38225680589675903,-0.013913636095821857,0.6228834986686707,0.3814469277858734,-0.011590404435992241,0.6280685067176819,0.38325533270835876,-0.011232730932533741,0.6335791349411011,0.3824845254421234,-0.003638674272224307,0.6804707646369934,0.29028627276420593,0.07681377977132797,0.5341892242431641,0.303076833486557,0.0700683444738388,0.6133316159248352,0.42805367708206177,-0.013285619206726551,0.5631651878356934,0.39461785554885864,0.0068503255024552345,0.5578200817108154,0.32496559619903564,0.0031766558531671762
ssirt0486.mp4,243,,,,,,,,,,,,,,,,,,,,,,,,,,,,,,,,,,,,,,,,,,,,,,,,,,,,,,,,,,,,,,,,0.6121017932891846,0.3964464068412781,-0.018874919041991234,0.6189178824424744,0.3950817286968231,-0.01808902993798256,0.6250057816505432,0.3920292854309082,-0.015344872139394283,0.629797637462616,0.38811928033828735,-0.011590629816055298,0.633159339427948,0.38506120443344116,-0.006119365803897381,0.6356906294822693,0.3821257948875427,-0.0012510735541582108,0.6050165295600891,0.3965393006801605,-0.018796944990754128,0.5985008478164673,0.39489996433258057,-0.01673324964940548,0.5929723978042603,0.3923005759716034,-0.013448513112962246,0.5891230702400208,0.39032992720603943,-0.008441346697509289,0.6119366884231567,0.3759313225746155,-0.021130405366420746,0.6189616918563843,0.37232598662376404,-0.019804544746875763,0.6251910328865051,0.3745886981487274,-0.015785174444317818,0.6296017169952393,0.37743380665779114,-0.01131246704608202,0.6330497860908508,0.3797318637371063,-0.006222161464393139,0.5928322076797485,0.38165804743766785,-0.01332162693142891,0.6045761704444885,0.37375882267951965,-0.02052179165184498,0.5977838039398193,0.37753722071647644,-0.017220184206962585,0.5928322076797485,0.38165804743766785,-0.01332162693142891,0.5889921188354492,0.3850927948951721,-0.00871755089610815,0.586195170879364,0.388247549533844,-0.0040151746943593025,0.5883328318595886,0.3873758912086487,-0.005999727640300989,0.5919100642204285,0.3858979046344757,-0.008558526635169983,0.5955480337142944,0.384714275598526,-0.01170568261295557,0.6058101058006287,0.38333845138549805,-0.016182323917746544,0.6118586659431458,0.3833339810371399,-0.016594966873526573,0.6175536513328552,0.3820894658565521,-0.015514461323618889,0.6225805282592773,0.3811527490615845,-0.01298359502106905,0.6301820278167725,0.3813084065914154,-0.006498017348349094,0.6336578130722046,0.38181620836257935,-0.0036192750558257103,0.5955342054367065,0.38467127084732056,-0.010545437224209309,0.6002547144889832,0.3835771381855011,-0.012728607282042503,0.6057345867156982,0.38329648971557617,-0.014538424089550972,0.611801028251648,0.38338103890419006,-0.014920885674655437,0.6175121665000916,0.3820701837539673,-0.013883508741855621,0.6225414276123047,0.3811478018760681,-0.011551516130566597,0.6279171109199524,0.3827334940433502,-0.011269010603427887,0.6336578130722046,0.38181620836257935,-0.0036192750558257103,0.6798787117004395,0.2904856204986572,0.0768657922744751,0.5337598919868469,0.30401286482810974,0.06989912688732147,0.6135324239730835,0.42743682861328125,-0.013531931675970554,0.5628683567047119,0.39492666721343994,0.006684894673526287,0.5572996139526367,0.3255325257778168,0.0031182875391095877
ssirt0486.mp4,244,,,,,,,,,,,,,,,,,,,,,,,,,,,,,,,,,,,,,,,,,,,,,,,,,,,,,,,,,,,,,,,,0.6115393042564392,0.39702650904655457,-0.019400563091039658,0.6183739900588989,0.39562875032424927,-0.018621711060404778,0.6244645714759827,0.3925359845161438,-0.015882883220911026,0.6292518377304077,0.38858503103256226,-0.012118007987737656,0.6325829029083252,0.3854931890964508,-0.006617235019803047,0.6350642442703247,0.3825693726539612,-0.0016812963876873255,0.604448676109314,0.39715608954429626,-0.01931389793753624,0.5979568958282471,0.39552897214889526,-0.0172328669577837,0.5924710631370544,0.3929329216480255,-0.013926883228123188,0.5886982083320618,0.39094746112823486,-0.008879666216671467,0.6115003228187561,0.3758894205093384,-0.02127491496503353,0.618543803691864,0.3722338378429413,-0.01995869167149067,0.6247908473014832,0.374527245759964,-0.015986083075404167,0.6291775703430176,0.3775065541267395,-0.011586051434278488,0.6325538158416748,0.3799726963043213,-0.006571126636117697,0.59238201379776,0.3818972110748291,-0.01353320199996233,0.6041505932807922,0.37371668219566345,-0.02065468579530716,0.5973337292671204,0.37760886549949646,-0.01737207919359207,0.59238201379776,0.3818972110748291,-0.01353320199996233,0.5885695815086365,0.3855232000350952,-0.008999912068247795,0.5858325362205505,0.3888682425022125,-0.004381157923489809,0.5880006551742554,0.3879547119140625,-0.006371952593326569,0.5915423035621643,0.38638561964035034,-0.008960968814790249,0.5951522588729858,0.3851111829280853,-0.012096415273845196,0.6053407788276672,0.38355088233947754,-0.016551582142710686,0.6113475561141968,0.383522629737854,-0.016969110816717148,0.6170195937156677,0.38227635622024536,-0.015901528298854828,0.6220190525054932,0.38137930631637573,-0.01339232362806797,0.6295672655105591,0.3816603422164917,-0.006952548399567604,0.6330133080482483,0.3822239935398102,-0.004047630820423365,0.5951463580131531,0.3850270211696625,-0.01077547762542963,0.5998130440711975,0.3838338851928711,-0.01290707103908062,0.6052611470222473,0.3834875822067261,-0.014695961959660053,0.6112958192825317,0.38354820013046265,-0.015081451274454594,0.6169949769973755,0.3822225332260132,-0.014059258624911308,0.6220053434371948,0.3813197910785675,-0.011765791103243828,0.6273427605628967,0.3830927610397339,-0.011725571006536484,0.6330133080482483,0.3822239935398102,-0.004047630820423365,0.6794450879096985,0.2907653748989105,0.07675548642873764,0.5335851311683655,0.3045642375946045,0.07002147287130356,0.6128042936325073,0.4271867275238037,-0.014279238879680634,0.5623993277549744,0.39526498317718506,0.006330604199320078,0.5570130348205566,0.32573220133781433,0.0032257759012281895
ssirt0486.mp4,245,,,,,,,,,,,,,,,,,,,,,,,,,,,,,,,,,,,,,,,,,,,,,,,,,,,,,,,,,,,,,,,,0.6118015646934509,0.39652809500694275,-0.019161058589816093,0.6185738444328308,0.39514830708503723,-0.018398648127913475,0.6246082782745361,0.3921239972114563,-0.015671834349632263,0.6293482780456543,0.38824307918548584,-0.01192768570035696,0.6326612234115601,0.38520488142967224,-0.006473489571362734,0.635124921798706,0.3823058605194092,-0.0015763979172334075,0.6047317385673523,0.39667463302612305,-0.019065825268626213,0.5982231497764587,0.3951382040977478,-0.016979092732071877,0.5926790237426758,0.3926628530025482,-0.01368458941578865,0.588832437992096,0.3907848298549652,-0.008670097216963768,0.6116141080856323,0.37569159269332886,-0.021330585703253746,0.6186009049415588,0.3720666766166687,-0.020017758011817932,0.6248222589492798,0.37440571188926697,-0.01602967269718647,0.6292052268981934,0.37737253308296204,-0.011590316891670227,0.632590651512146,0.37978899478912354,-0.006531641352921724,0.5925015211105347,0.38180476427078247,-0.013474026694893837,0.6042596697807312,0.3735445439815521,-0.020687270909547806,0.5974549651145935,0.3774878680706024,-0.017364606261253357,0.5925015211105347,0.38180476427078247,-0.013474026694893837,0.5886772871017456,0.3854387104511261,-0.008890455588698387,0.5859185457229614,0.3887612223625183,-0.004206414800137281,0.5880498886108398,0.38783758878707886,-0.006205149460583925,0.5915869474411011,0.386241614818573,-0.008776926435530186,0.5952185988426208,0.3849445581436157,-0.011923820711672306,0.6054689288139343,0.3833582103252411,-0.016414396464824677,0.6115002632141113,0.38330236077308655,-0.01684923656284809,0.6171554327011108,0.38204652070999146,-0.01578941009938717,0.6221461296081543,0.38112127780914307,-0.013281735591590405,0.6296725869178772,0.3813686966896057,-0.006829040590673685,0.633089005947113,0.3819531798362732,-0.003945263102650642,0.5952371954917908,0.38487720489501953,-0.010707608424127102,0.59995037317276,0.383648157119751,-0.01288284920156002,0.6054283380508423,0.3832758665084839,-0.014701282605528831,0.6114801168441772,0.38330817222595215,-0.015103857032954693,0.6171404123306274,0.3819938004016876,-0.014088563621044159,0.6221309900283813,0.3810899555683136,-0.01178304199129343,0.627447783946991,0.3827739655971527,-0.011590255424380302,0.633089005947113,0.3819531798362732,-0.003945263102650642,0.6796553134918213,0.29009613394737244,0.07687610387802124,0.533524215221405,0.3044668436050415,0.0702420324087143,0.6129075884819031,0.42749226093292236,-0.01386132650077343,0.5625078678131104,0.39529678225517273,0.006581359542906284,0.5570316910743713,0.32573041319847107,0.0032384968362748623
ssirt0486.mp4,246,,,,,,,,,,,,,,,,,,,,,,,,,,,,,,,,,,,,,,,,,,,,,,,,,,,,,,,,,,,,,,,,0.6116635799407959,0.39721640944480896,-0.019134599715471268,0.6185190677642822,0.39574241638183594,-0.018350228667259216,0.624614417552948,0.3925026059150696,-0.015552821569144726,0.629372239112854,0.38833847641944885,-0.011754547245800495,0.6326582431793213,0.3850455582141876,-0.006240129936486483,0.6351118087768555,0.38194525241851807,-0.00135056022554636,0.6044774651527405,0.3973821699619293,-0.019021209329366684,0.5978811979293823,0.39573392271995544,-0.016861295327544212,0.592302143573761,0.39306074380874634,-0.013508882373571396,0.5884689688682556,0.3910031318664551,-0.0084307249635458,0.6115942597389221,0.3756404221057892,-0.02126241847872734,0.6186286211013794,0.371936559677124,-0.019960124045610428,0.624829888343811,0.37422382831573486,-0.01594703458249569,0.6291826367378235,0.3771284818649292,-0.011445657350122929,0.6325476765632629,0.3794777989387512,-0.006328690331429243,0.5922732353210449,0.38191479444503784,-0.013328318484127522,0.6041855216026306,0.3735431134700775,-0.020630817860364914,0.5973005890846252,0.37758076190948486,-0.017284968867897987,0.5922732353210449,0.38191479444503784,-0.013328318484127522,0.5883892774581909,0.3855341970920563,-0.008676789700984955,0.5855737924575806,0.3888590633869171,-0.0039614783599972725,0.5877421498298645,0.38796988129615784,-0.005958425346761942,0.5913360714912415,0.3863905966281891,-0.008540556766092777,0.5949980616569519,0.3851070702075958,-0.011733336374163628,0.6053348779678345,0.38345015048980713,-0.01630205288529396,0.6114278435707092,0.3833656907081604,-0.01674603298306465,0.6171101927757263,0.3820592164993286,-0.015670210123062134,0.6220967769622803,0.3811068534851074,-0.01312748808413744,0.629601776599884,0.3812193274497986,-0.00659539457410574,0.6330561637878418,0.3816854953765869,-0.003707676660269499,0.5950033664703369,0.38503098487854004,-0.010576809756457806,0.5997493267059326,0.38379576802253723,-0.012808014638721943,0.6052635908126831,0.38338738679885864,-0.014665480703115463,0.6113820672035217,0.3833913505077362,-0.015080667100846767,0.6170849800109863,0.3820042908191681,-0.014050289988517761,0.6220737099647522,0.38104838132858276,-0.011706061661243439,0.6274270415306091,0.38275325298309326,-0.011413202621042728,0.6330561637878418,0.3816854953765869,-0.003707676660269499,0.6796437501907349,0.2901325821876526,0.07688616216182709,0.533281683921814,0.3047178089618683,0.07033228129148483,0.6129364371299744,0.42777594923973083,-0.013891770504415035,0.5622524619102478,0.39542853832244873,0.0067244963720440865,0.5566409826278687,0.32575350999832153,0.0032602755818516016
ssirt0486.mp4,247,,,,,,,,,,,,,,,,,,,,,,,,,,,,,,,,,,,,,,,,,,,,,,,,,,,,,,,,,,,,,,,,0.611634373664856,0.3982790410518646,-0.019143417477607727,0.6185623407363892,0.39685356616973877,-0.018369661644101143,0.6247004866600037,0.39364510774612427,-0.015587887726724148,0.6295178532600403,0.3895037770271301,-0.011803911998867989,0.6328575611114502,0.38623058795928955,-0.006309812888503075,0.6353418827056885,0.38316163420677185,-0.0014176612021401525,0.6044206619262695,0.3983701169490814,-0.019030308350920677,0.5978536605834961,0.3966350257396698,-0.016872357577085495,0.5923404693603516,0.39388954639434814,-0.013524890877306461,0.5885609984397888,0.39177578687667847,-0.00845663994550705,0.6114875674247742,0.376407265663147,-0.021335510537028313,0.6185857057571411,0.37279433012008667,-0.02003413997590542,0.6249396204948425,0.37519943714141846,-0.016024723649024963,0.6293720006942749,0.37820881605148315,-0.01152956485748291,0.6327899694442749,0.38063114881515503,-0.0064132618717849255,0.5922284722328186,0.38257908821105957,-0.013365587219595909,0.6040534377098083,0.37425199151039124,-0.02068902552127838,0.5971736311912537,0.37824589014053345,-0.017325522378087044,0.5922284722328186,0.38257908821105957,-0.013365587219595909,0.5884358286857605,0.3862335979938507,-0.008714093826711178,0.5857236981391907,0.3896067440509796,-0.003978244960308075,0.5879059433937073,0.38873451948165894,-0.005987152457237244,0.5915063619613647,0.38717061281204224,-0.008578155189752579,0.5951045155525208,0.385935515165329,-0.011770809069275856,0.6053028702735901,0.3844735622406006,-0.016343003138899803,0.6113730669021606,0.3844398260116577,-0.01679440587759018,0.6171045899391174,0.3831753432750702,-0.015726363286376,0.622128963470459,0.3822304606437683,-0.013194931671023369,0.6296942234039307,0.38236311078071594,-0.006675485987216234,0.6332241296768188,0.38288384675979614,-0.0037811794318258762,0.5951371788978577,0.3858346939086914,-0.010593299753963947,0.5998172760009766,0.38464874029159546,-0.012819133698940277,0.6052759289741516,0.38429349660873413,-0.01467502024024725,0.6113542318344116,0.3843369483947754,-0.015095770359039307,0.6170915365219116,0.3830275535583496,-0.01407577469944954,0.62211674451828,0.382129043340683,-0.011744827963411808,0.6274993419647217,0.3838905692100525,-0.011478633619844913,0.6332241296768188,0.38288384675979614,-0.0037811794318258762,0.6795831918716431,0.29059770703315735,0.07699382305145264,0.533111035823822,0.3046448528766632,0.07051297277212143,0.6126946806907654,0.4286039471626282,-0.01381730381399393,0.562145471572876,0.39593127369880676,0.006788602098822594,0.5566778779029846,0.3263091444969177,0.003295276779681444
ssirt0486.mp4,248,,,,,,,,,,,,,,,,,,,,,,,,,,,,,,,,,,,,,,,,,,,,,,,,,,,,,,,,,,,,,,,,0.6118724346160889,0.39799565076828003,-0.018701937049627304,0.6187140345573425,0.3965589702129364,-0.0179196298122406,0.6247754693031311,0.3933418095111847,-0.015148735605180264,0.6295007467269897,0.38919854164123535,-0.01138318981975317,0.6327821016311646,0.38593587279319763,-0.005921220872551203,0.6352480053901672,0.38284218311309814,-0.001063073519617319,0.6047216653823853,0.3981092870235443,-0.018615126609802246,0.5981594920158386,0.3964177668094635,-0.016499798744916916,0.5926134586334229,0.39372119307518005,-0.013193461112678051,0.5887755155563354,0.3916727900505066,-0.0081841591745615,0.6116476058959961,0.37661224603652954,-0.0211462564766407,0.6186638474464417,0.3729567527770996,-0.019831078127026558,0.6249011158943176,0.37528249621391296,-0.015787795186042786,0.6292775869369507,0.3781687319278717,-0.011256648227572441,0.6326678395271301,0.38046032190322876,-0.006103286985307932,0.5924386382102966,0.3826562762260437,-0.01319499034434557,0.6042472124099731,0.37444794178009033,-0.020521417260169983,0.5973986387252808,0.37838229537010193,-0.017164280638098717,0.5924386382102966,0.3826562762260437,-0.01319499034434557,0.588627815246582,0.38623446226119995,-0.00853057112544775,0.5858858227729797,0.3895263969898224,-0.003762565553188324,0.5880194306373596,0.3886461853981018,-0.005759323947131634,0.5915942192077637,0.3871224522590637,-0.008331743068993092,0.5952213406562805,0.38590899109840393,-0.011503421701490879,0.6054893136024475,0.3844679594039917,-0.01603674329817295,0.6115573048591614,0.3844267725944519,-0.016468090936541557,0.6172482967376709,0.383119136095047,-0.015386919490993023,0.6222323775291443,0.3821130096912384,-0.0128498375415802,0.62972092628479,0.3821284770965576,-0.0063252835534513,0.6331911683082581,0.3825785219669342,-0.0034356825053691864,0.5952375531196594,0.38584089279174805,-0.010380762629210949,0.5999628901481628,0.3846935033798218,-0.01260453648865223,0.6054514646530151,0.38436630368232727,-0.014448851346969604,0.6115280985832214,0.3844112157821655,-0.014851297251880169,0.6172254085540771,0.38305535912513733,-0.013814408332109451,0.6222085952758789,0.3820872902870178,-0.011468352749943733,0.6275517344474792,0.38366231322288513,-0.011099452152848244,0.6331911683082581,0.3825785219669342,-0.0034356825053691864,0.679474413394928,0.29003527760505676,0.07696130126714706,0.5331740975379944,0.30462411046028137,0.0701347067952156,0.6129650473594666,0.42860737442970276,-0.01325288787484169,0.5623031854629517,0.39594513177871704,0.0069798752665519714,0.5568365454673767,0.326337993144989,0.0031479813624173403
ssirt0486.mp4,249,,,,,,,,,,,,,,,,,,,,,,,,,,,,,,,,,,,,,,,,,,,,,,,,,,,,,,,,,,,,,,,,0.6117473840713501,0.3981355130672455,-0.018955426290631294,0.6186375021934509,0.3966788053512573,-0.01818031631410122,0.6247251629829407,0.3934369683265686,-0.015413343906402588,0.6294774413108826,0.38929030299186707,-0.01164352335035801,0.6327714920043945,0.38603758811950684,-0.0061684888787567616,0.6352398991584778,0.3829787075519562,-0.0012813553912565112,0.6045562028884888,0.39824962615966797,-0.018859807401895523,0.5979729890823364,0.3965412676334381,-0.01673642173409462,0.5924241542816162,0.39381396770477295,-0.013417389243841171,0.588604748249054,0.3917194604873657,-0.008384401910007,0.6115977764129639,0.37646302580833435,-0.021263975650072098,0.6186476349830627,0.37284550070762634,-0.019952306523919106,0.6249086856842041,0.3752419352531433,-0.015924645587801933,0.6292896270751953,0.3781978487968445,-0.011419945396482944,0.6326767802238464,0.38054609298706055,-0.006295577622950077,0.5923306345939636,0.3826356530189514,-0.013317606411874294,0.6041935682296753,0.3743214011192322,-0.020627861842513084,0.5973140001296997,0.3783162832260132,-0.01727156713604927,0.5923306345939636,0.3826356530189514,-0.013317606411874294,0.5885018110275269,0.38624370098114014,-0.008670537732541561,0.5857341885566711,0.3895511031150818,-0.003926510456949472,0.5879045128822327,0.3886811137199402,-0.005932270549237728,0.5915016531944275,0.3871576189994812,-0.008517144247889519,0.5951330661773682,0.38594985008239746,-0.011691260151565075,0.605402410030365,0.38451242446899414,-0.01622740924358368,0.6114778518676758,0.3844696283340454,-0.016665074974298477,0.617182195186615,0.3831762969493866,-0.015592548064887524,0.6221692562103271,0.38218674063682556,-0.013062745332717896,0.6296690106391907,0.38222771883010864,-0.006553031504154205,0.6331620216369629,0.3827061653137207,-0.0036556425038725138,0.5951592326164246,0.38587480783462524,-0.01051376387476921,0.5998839735984802,0.38470911979675293,-0.01272589061409235,0.6053683757781982,0.3843589425086975,-0.014567719772458076,0.6114457845687866,0.38439303636550903,-0.014976264908909798,0.6171514987945557,0.3830620348453522,-0.013947759754955769,0.6221365928649902,0.3821336627006531,-0.01161491684615612,0.6274992227554321,0.3837570548057556,-0.01133301667869091,0.6331620216369629,0.3827061653137207,-0.0036556425038725138,0.6795927286148071,0.29001978039741516,0.0770236924290657,0.5332878828048706,0.3045772612094879,0.07033641636371613,0.6129312515258789,0.42859402298927307,-0.013574380427598953,0.5623000860214233,0.39599207043647766,0.006851861719042063,0.556851327419281,0.3263033926486969,0.003211222356185317
ssirt0486.mp4,250,,,,,,,,,,,,,,,,,,,,,,,,,,,,,,,,,,,,,,,,,,,,,,,,,,,,,,,,,,,,,,,,0.6122111678123474,0.3995261788368225,-0.018624121323227882,0.6191781759262085,0.39817434549331665,-0.01785673201084137,0.6253858804702759,0.395016074180603,-0.015198019333183765,0.6302632093429565,0.3909095227718353,-0.011520358733832836,0.6336414217948914,0.38765597343444824,-0.006157595198601484,0.6361775398254395,0.3845895528793335,-0.0013529052957892418,0.6051422953605652,0.3995131552219391,-0.018537258729338646,0.5987091064453125,0.3976532816886902,-0.01651719957590103,0.5933119058609009,0.39475616812705994,-0.01330864243209362,0.5895782709121704,0.3925330638885498,-0.008422738872468472,0.611711323261261,0.3777696490287781,-0.020893234759569168,0.618757963180542,0.3743024170398712,-0.01958819478750229,0.6253378391265869,0.3767186403274536,-0.01561788097023964,0.6299604773521423,0.3797037601470947,-0.011213365010917187,0.6335394978523254,0.3821259140968323,-0.006197975017130375,0.5929268002510071,0.3834681510925293,-0.0131515609100461,0.6043616533279419,0.37559574842453003,-0.020276032388210297,0.5976547002792358,0.37930402159690857,-0.01700562797486782,0.5929268002510071,0.3834681510925293,-0.0131515609100461,0.5893000960350037,0.38701367378234863,-0.008653275668621063,0.5867879986763,0.39027470350265503,-0.004070835188031197,0.58888179063797,0.3894277811050415,-0.006028092000633478,0.5924275517463684,0.38794565200805664,-0.008524474687874317,0.5958814024925232,0.3868333697319031,-0.011585671454668045,0.6057977676391602,0.385743111371994,-0.015986232087016106,0.6117453575134277,0.3857789635658264,-0.016410715878009796,0.6175541877746582,0.3845502436161041,-0.015351847745478153,0.6226913928985596,0.38360267877578735,-0.012870050966739655,0.6304075717926025,0.383755087852478,-0.006522212643176317,0.6340293288230896,0.38432687520980835,-0.003709859447553754,0.5959846377372742,0.38675493001937866,-0.010450731962919235,0.6005508899688721,0.38570648431777954,-0.012596813030540943,0.6058866381645203,0.38548144698143005,-0.014381499961018562,0.6118338704109192,0.3856046199798584,-0.014776875264942646,0.6176122426986694,0.3843866288661957,-0.013762685470283031,0.6227203011512756,0.38356268405914307,-0.01147802546620369,0.6281693577766418,0.385222464799881,-0.011201566085219383,0.6340293288230896,0.38432687520980835,-0.003709859447553754,0.6792133450508118,0.29298916459083557,0.07528695464134216,0.5333362221717834,0.30768346786499023,0.06811260432004929,0.6135066747665405,0.4306394159793854,-0.013398582115769386,0.5630562901496887,0.3981914222240448,0.006429770961403847,0.5574959516525269,0.32870179414749146,0.003028026083484292
ssirt0486.mp4,251,,,,,,,,,,,,,,,,,,,,,,,,,,,,,,,,,,,,,,,,,,,,,,,,,,,,,,,,,,,,,,,,0.6124107837677002,0.3990919291973114,-0.017554208636283875,0.619358479976654,0.3977450728416443,-0.01675272360444069,0.6256016492843628,0.39476799964904785,-0.014072460122406483,0.6306044459342957,0.39088302850723267,-0.010386953130364418,0.6341601610183716,0.3877607583999634,-0.005023987032473087,0.6368436813354492,0.38470765948295593,-0.00028513127472251654,0.6053359508514404,0.39918017387390137,-0.017512379214167595,0.5988602638244629,0.39760854840278625,-0.015527550131082535,0.5933439135551453,0.3950927257537842,-0.012337978929281235,0.5894554257392883,0.393193781375885,-0.007477750536054373,0.6117738485336304,0.37772178649902344,-0.020343270152807236,0.6189276576042175,0.37422269582748413,-0.019025633111596107,0.6257575750350952,0.37663862109184265,-0.014962551183998585,0.6305199265480042,0.37967967987060547,-0.01043735258281231,0.6341960430145264,0.3821822702884674,-0.005284509155899286,0.5926258563995361,0.3840988874435425,-0.012546690180897713,0.6043075919151306,0.37576979398727417,-0.019779065623879433,0.597428023815155,0.3797590136528015,-0.016475701704621315,0.5926258563995361,0.3840988874435425,-0.012546690180897713,0.5889791250228882,0.3877788186073303,-0.007938814349472523,0.5864794850349426,0.3911225199699402,-0.0032178889960050583,0.5886079668998718,0.39027339220046997,-0.005169666837900877,0.5922525525093079,0.38882511854171753,-0.007676515728235245,0.5957964062690735,0.3876582384109497,-0.01077110506594181,0.6058993935585022,0.3862314224243164,-0.015182874165475368,0.6119047403335571,0.3860975205898285,-0.015570452436804771,0.617764413356781,0.3848855793476105,-0.01446928083896637,0.622992753982544,0.38394883275032043,-0.011948050931096077,0.6309627890586853,0.3840230107307434,-0.005498296581208706,0.6347014904022217,0.38444578647613525,-0.002658823039382696,0.5958412289619446,0.3876347541809082,-0.009720913134515285,0.6005057692527771,0.3865492343902588,-0.011901434510946274,0.6059530973434448,0.3862030506134033,-0.013691242784261703,0.611976683139801,0.3861473500728607,-0.014053723774850368,0.6178388595581055,0.384906530380249,-0.013000386767089367,0.6230533719062805,0.38399720191955566,-0.010665429756045341,0.6285606026649475,0.3854598104953766,-0.010178341530263424,0.6347014904022217,0.38444578647613525,-0.002658823039382696,0.6796746850013733,0.2924303114414215,0.07551836967468262,0.5341169834136963,0.3067193031311035,0.06800147145986557,0.6139158606529236,0.4310625195503235,-0.011990060098469257,0.5634469985961914,0.39824971556663513,0.0072885663248598576,0.5579819083213806,0.3289634883403778,0.0028907060623168945
ssirt0486.mp4,252,,,,,,,,,,,,,,,,,,,,,,,,,,,,,,,,,,,,,,,,,,,,,,,,,,,,,,,,,,,,,,,,0.6126754879951477,0.3990662395954132,-0.017672939226031303,0.6195781230926514,0.3977094888687134,-0.016904085874557495,0.6257734894752502,0.3946970999240875,-0.014283251017332077,0.6307224631309509,0.39073044061660767,-0.010638806037604809,0.6342361569404602,0.3875073790550232,-0.005317243281751871,0.6368923187255859,0.3843702971935272,-0.000591064861509949,0.6056219339370728,0.39918822050094604,-0.01763675920665264,0.5991465449333191,0.397636353969574,-0.01568344421684742,0.5936204791069031,0.395071417093277,-0.0125226229429245,0.5897354483604431,0.39306536316871643,-0.00770198181271553,0.6121605634689331,0.37794893980026245,-0.020600227639079094,0.6192536950111389,0.37434273958206177,-0.019274018704891205,0.6259022951126099,0.3766267001628876,-0.015233417972922325,0.6305861473083496,0.3795485496520996,-0.010729468427598476,0.6342184543609619,0.38193848729133606,-0.005593572277575731,0.5930389165878296,0.3839205503463745,-0.012783261947333813,0.6047230958938599,0.3758294880390167,-0.020010117441415787,0.5978771448135376,0.37965714931488037,-0.016705039888620377,0.5930389165878296,0.3839205503463745,-0.012783261947333813,0.5893462896347046,0.38756078481674194,-0.008183560334146023,0.5867729783058167,0.3908819556236267,-0.0034506157971918583,0.5888780951499939,0.39004403352737427,-0.005402772221714258,0.5925302505493164,0.3885793685913086,-0.007884379476308823,0.5960906147956848,0.38741129636764526,-0.010963001288473606,0.6062189340591431,0.3860017657279968,-0.0153550049290061,0.6122238636016846,0.3859051465988159,-0.01574733853340149,0.6180545687675476,0.3846389651298523,-0.014662172645330429,0.6232314109802246,0.38365283608436584,-0.012165495194494724,0.6311061978340149,0.38370993733406067,-0.005766129121184349,0.6347853541374207,0.3841378092765808,-0.002956717275083065,0.5961434841156006,0.3873797059059143,-0.009995336644351482,0.60081547498703,0.3862820267677307,-0.012186110951006413,0.606258749961853,0.38598066568374634,-0.013981247320771217,0.6122819185256958,0.38599786162376404,-0.014349912293255329,0.6181130409240723,0.3846898674964905,-0.013308239169418812,0.6232773661613464,0.38372787833213806,-0.010982521809637547,0.6287345290184021,0.3851889371871948,-0.010415971279144287,0.6347853541374207,0.3841378092765808,-0.002956717275083065,0.6798639297485352,0.2935251295566559,0.07584397494792938,0.5344952940940857,0.30811384320259094,0.06847430020570755,0.6141855120658875,0.43074890971183777,-0.01210785936564207,0.5639485716819763,0.39825761318206787,0.0071731312200427055,0.5582586526870728,0.3294052481651306,0.0029922991525381804
ssirt0486.mp4,253,,,,,,,,,,,,,,,,,,,,,,,,,,,,,,,,,,,,,,,,,,,,,,,,,,,,,,,,,,,,,,,,0.6133196949958801,0.3983350396156311,-0.017886709421873093,0.6202771663665771,0.39709025621414185,-0.017055325210094452,0.6265244483947754,0.394237756729126,-0.01430575642734766,0.6314864754676819,0.3904975652694702,-0.010589626617729664,0.6349969506263733,0.3874933421611786,-0.005210845731198788,0.6376470327377319,0.38450711965560913,-0.0004628686001524329,0.6062515377998352,0.3983519375324249,-0.017878884449601173,0.5997364521026611,0.39677006006240845,-0.01590714044868946,0.5941675305366516,0.394297331571579,-0.012734027579426765,0.5902223587036133,0.3924579322338104,-0.007908564060926437,0.612562358379364,0.3773774206638336,-0.020691007375717163,0.6196726560592651,0.3741348087787628,-0.019315920770168304,0.6264519691467285,0.3766500949859619,-0.015223879367113113,0.6312282681465149,0.3796578347682953,-0.010660063475370407,0.6349422931671143,0.3820812404155731,-0.0054783895611763,0.5934730768203735,0.38357651233673096,-0.01299379114061594,0.6051512360572815,0.3754768371582031,-0.020149946212768555,0.5983125567436218,0.3793470561504364,-0.01689930260181427,0.5934730768203735,0.38357651233673096,-0.01299379114061594,0.5897620320320129,0.38715285062789917,-0.00839892216026783,0.5872060060501099,0.39039409160614014,-0.00369300227612257,0.5893262624740601,0.3895653188228607,-0.005598633550107479,0.5929557085037231,0.3881787061691284,-0.008054389618337154,0.5965372323989868,0.38705554604530334,-0.011134017258882523,0.6067116260528564,0.38566845655441284,-0.015523032285273075,0.6127279996871948,0.3855626881122589,-0.01588442176580429,0.6185981035232544,0.38446271419525146,-0.014749477617442608,0.6238336563110352,0.38364410400390625,-0.01218460500240326,0.6318008899688721,0.38378697633743286,-0.0056558409705758095,0.6355202794075012,0.3842294216156006,-0.0028314387891441584,0.5965879559516907,0.3870256841182709,-0.010212209075689316,0.6012874841690063,0.3859580159187317,-0.012412943877279758,0.6067625284194946,0.3856058716773987,-0.014196903444826603,0.6127957701683044,0.38558703660964966,-0.014525162056088448,0.6186609864234924,0.3844606578350067,-0.01343175582587719,0.6238731145858765,0.38369661569595337,-0.011043562553822994,0.6294166445732117,0.3851644694805145,-0.010389966890215874,0.6355202794075012,0.3842294216156006,-0.0028314387891441584,0.6796647906303406,0.29422727227211,0.07617396116256714,0.534728467464447,0.30736255645751953,0.06795573234558105,0.6147791743278503,0.430536150932312,-0.012447468936443329,0.5642641186714172,0.397975355386734,0.006700584199279547,0.5588345527648926,0.3286983370780945,0.0026550530456006527
ssirt0486.mp4,254,,,,,,,,,,,,,,,,,,,,,,,,,,,,,,,,,,,,,,,,,,,,,,,,,,,,,,,,,,,,,,,,0.6133230924606323,0.39792972803115845,-0.017867671325802803,0.620162844657898,0.39671167731285095,-0.017051883041858673,0.626314103603363,0.39392364025115967,-0.014337752014398575,0.6312105655670166,0.39028090238571167,-0.010643819347023964,0.634676456451416,0.38738813996315,-0.005283966660499573,0.6372908353805542,0.3845006823539734,-0.0005123999435454607,0.6063359379768372,0.3979456424713135,-0.017870694398880005,0.5998857021331787,0.39638006687164307,-0.01592423766851425,0.5943658947944641,0.39392706751823425,-0.01277021411806345,0.5904573798179626,0.39210712909698486,-0.007959259673953056,0.6127921938896179,0.3771747946739197,-0.020611988380551338,0.6198243498802185,0.3738679885864258,-0.019244564697146416,0.6264458298683167,0.3764183819293976,-0.015170731581747532,0.631084680557251,0.37949639558792114,-0.010653606615960598,0.6346862316131592,0.3819977641105652,-0.00551536725834012,0.5937628149986267,0.3832530975341797,-0.012959768064320087,0.60542893409729,0.37515270709991455,-0.020067870616912842,0.5986007452011108,0.3790142834186554,-0.01682468131184578,0.5937628149986267,0.3832530975341797,-0.012959768064320087,0.59004807472229,0.3868299722671509,-0.008405560627579689,0.587483286857605,0.3900776505470276,-0.0037152389995753765,0.5895894169807434,0.38922959566116333,-0.005635344889014959,0.5931761264801025,0.3878021240234375,-0.008111469447612762,0.5967360734939575,0.3866713345050812,-0.01117249671369791,0.6068668365478516,0.3853815793991089,-0.015517953783273697,0.6128436923027039,0.3853234648704529,-0.015870964154601097,0.6186246275901794,0.38423261046409607,-0.01474909856915474,0.6237689852714539,0.383414626121521,-0.01220967248082161,0.6315571069717407,0.38365545868873596,-0.005734112113714218,0.6351797580718994,0.38418567180633545,-0.0028911351691931486,0.5968050360679626,0.3866381347179413,-0.010141152888536453,0.6014872193336487,0.38558512926101685,-0.012293159030377865,0.606931746006012,0.3852900266647339,-0.014049593359231949,0.6129215359687805,0.38531583547592163,-0.014373493380844593,0.6186912059783936,0.3842043876647949,-0.01329303439706564,0.623809814453125,0.3834488093852997,-0.010938538238406181,0.6292230486869812,0.3849583864212036,-0.010432269424200058,0.6351797580718994,0.38418567180633545,-0.0028911351691931486,0.679891049861908,0.29348382353782654,0.07622136175632477,0.5347382426261902,0.30700427293777466,0.06805042922496796,0.614695131778717,0.4301687777042389,-0.01241418905556202,0.5642787218093872,0.3978235721588135,0.006758220959454775,0.5589739680290222,0.3286082148551941,0.0026836737524718046
ssirt0486.mp4,255,,,,,,,,,,,,,,,,,,,,,,,,,,,,,,,,,,,,,,,,,,,,,,,,,,,,,,,,,,,,,,,,0.6132401823997498,0.39803409576416016,-0.017888646572828293,0.6200460195541382,0.39680391550064087,-0.017084458842873573,0.6261641383171082,0.39398878812789917,-0.014398468658328056,0.6310324668884277,0.3903268277645111,-0.010722360573709011,0.6344858407974243,0.38744056224823,-0.0053748441860079765,0.6370949149131775,0.3845667243003845,-0.0006039648433215916,0.6062811017036438,0.398065984249115,-0.017890339717268944,0.5998554229736328,0.3964961767196655,-0.015957513824105263,0.5943576097488403,0.3940342664718628,-0.012815362773835659,0.5904719233512878,0.392218679189682,-0.008013296872377396,0.6127745509147644,0.3773241639137268,-0.02058250643312931,0.6197677254676819,0.3739769458770752,-0.019221419468522072,0.6263214945793152,0.3765002489089966,-0.015172574669122696,0.6309247612953186,0.37956756353378296,-0.01068893726915121,0.6345003843307495,0.3820655941963196,-0.0055810450576245785,0.5938073396682739,0.3833563029766083,-0.01296547707170248,0.6054457426071167,0.37525948882102966,-0.020035358145833015,0.5986421704292297,0.379111111164093,-0.016804659739136696,0.5938073396682739,0.3833563029766083,-0.01296547707170248,0.590089738368988,0.38694512844085693,-0.008438012562692165,0.5875102281570435,0.39019936323165894,-0.0037652242463082075,0.589604377746582,0.38934552669525146,-0.005685047246515751,0.5931745767593384,0.3878867030143738,-0.008159573189914227,0.5967318415641785,0.3867333233356476,-0.011207696981728077,0.6068422198295593,0.3854166567325592,-0.015531045384705067,0.6127976775169373,0.3853648602962494,-0.015884628519415855,0.6185492277145386,0.3842557370662689,-0.014773632399737835,0.6236682534217834,0.38342738151550293,-0.012250984087586403,0.6314259767532349,0.3836994171142578,-0.005814237054437399,0.6350095868110657,0.3842509984970093,-0.0029771234840154648,0.5967968702316284,0.3867141902446747,-0.010156788863241673,0.6014702320098877,0.3856470584869385,-0.012291780672967434,0.6069000959396362,0.3853551149368286,-0.014037875458598137,0.6128685474395752,0.3853936791419983,-0.014361206442117691,0.6186099052429199,0.38425979018211365,-0.013290859758853912,0.6237083077430725,0.38348662853240967,-0.010954624973237514,0.6290896534919739,0.3849913477897644,-0.01049468107521534,0.6350095868110657,0.3842509984970093,-0.0029771234840154648,0.6799164414405823,0.2938086688518524,0.07613824307918549,0.5348190665245056,0.3070807456970215,0.06806197762489319,0.6146400570869446,0.43004313111305237,-0.012463479302823544,0.5643796324729919,0.3977298140525818,0.00672216946259141,0.5590479969978333,0.32860267162323,0.002730587963014841
ssirt0486.mp4,256,,,,,,,,,,,,,,,,,,,,,,,,,,,,,,,,,,,,,,,,,,,,,,,,,,,,,,,,,,,,,,,,0.6143859028816223,0.3981895446777344,-0.018102359026670456,0.6211450695991516,0.396953284740448,-0.017345251515507698,0.6271781921386719,0.3940652012825012,-0.014637895859777927,0.6319054365158081,0.3903568387031555,-0.010954730212688446,0.6352348327636719,0.3874902129173279,-0.005627346225082874,0.6377929449081421,0.38462698459625244,-0.0009026505285874009,0.6073766350746155,0.398191899061203,-0.01802241988480091,0.6008779406547546,0.3965638279914856,-0.01595228724181652,0.5953328013420105,0.3940384089946747,-0.012715169228613377,0.5914117097854614,0.3921988606452942,-0.007832330651581287,0.614052414894104,0.37762945890426636,-0.0210727509111166,0.6209966540336609,0.37420570850372314,-0.01975402981042862,0.6273024678230286,0.3767547607421875,-0.01571870595216751,0.6317436099052429,0.3798004686832428,-0.011159871704876423,0.6351963877677917,0.38222211599349976,-0.005975533742457628,0.5949810743331909,0.38351455330848694,-0.013039938174188137,0.606706976890564,0.3754321336746216,-0.020422102883458138,0.5999082922935486,0.37930864095687866,-0.017046259716153145,0.5949810743331909,0.38351455330848694,-0.013039938174188137,0.5911657810211182,0.387002557516098,-0.008347686380147934,0.5884482264518738,0.39016032218933105,-0.0035512708127498627,0.5905230045318604,0.3893187940120697,-0.005516034550964832,0.5940535068511963,0.3878808319568634,-0.007999426685273647,0.5976673364639282,0.38671162724494934,-0.011151902377605438,0.6079292893409729,0.38537436723709106,-0.015697095543146133,0.6139473915100098,0.3853853642940521,-0.016140656545758247,0.6196480989456177,0.3842470347881317,-0.015068852342665195,0.6246699094772339,0.3834179937839508,-0.012542042881250381,0.6321976184844971,0.38370561599731445,-0.006047551520168781,0.6357371211051941,0.3842872083187103,-0.0032490293961018324,0.5977506637573242,0.38666999340057373,-0.010298519395291805,0.602509617805481,0.38555702567100525,-0.012584885582327843,0.6080058217048645,0.3852626383304596,-0.014459964819252491,0.6140232086181641,0.38536059856414795,-0.014872174710035324,0.6197037100791931,0.3842085897922516,-0.013847661204636097,0.6247005462646484,0.3834635019302368,-0.011487036943435669,0.6299962997436523,0.38499176502227783,-0.010770123451948166,0.6357371211051941,0.3842872083187103,-0.0032490293961018324,0.6814863681793213,0.29237082600593567,0.07627934217453003,0.5355764627456665,0.30621957778930664,0.06963153928518295,0.6151405572891235,0.4302663207054138,-0.012566675432026386,0.564806342124939,0.39727073907852173,0.007135561667382717,0.5593967437744141,0.3275732100009918,0.0031314643565565348
ssirt0486.mp4,257,,,,,,,,,,,,,,,,,,,,,,,,,,,,,,,,,,,,,,,,,,,,,,,,,,,,,,,,,,,,,,,,0.614415168762207,0.3983573913574219,-0.018508311361074448,0.6210882663726807,0.39709556102752686,-0.01772678829729557,0.6270101070404053,0.39413219690322876,-0.015015093609690666,0.6316397190093994,0.39030200242996216,-0.011303829960525036,0.6348784565925598,0.3873331844806671,-0.00590038625523448,0.6373117566108704,0.38444334268569946,-0.0010485840030014515,0.6073721647262573,0.3983932137489319,-0.018476782366633415,0.6008525490760803,0.3966856896877289,-0.016488248482346535,0.5952657461166382,0.394018292427063,-0.01328408345580101,0.5913403034210205,0.3920234739780426,-0.008388481102883816,0.6143245100975037,0.3771345317363739,-0.020923776552081108,0.6212135553359985,0.37371107935905457,-0.019570695236325264,0.6273596286773682,0.37622734904289246,-0.015545937232673168,0.6316251158714294,0.37935346364974976,-0.011096869595348835,0.6349000334739685,0.38188669085502625,-0.006026905961334705,0.5950527787208557,0.38309940695762634,-0.013264951296150684,0.6069791316986084,0.3749362826347351,-0.020346857607364655,0.6000635027885437,0.37884455919265747,-0.017102565616369247,0.5950527787208557,0.38309940695762634,-0.013264951296150684,0.5911629796028137,0.3866623640060425,-0.008720188401639462,0.5883996486663818,0.38990500569343567,-0.004022911656647921,0.5905053615570068,0.3890814185142517,-0.005983217153698206,0.5940742492675781,0.38760116696357727,-0.008509145118296146,0.5977368354797363,0.3864287734031677,-0.011596622876822948,0.6080721020698547,0.385101854801178,-0.01596839912235737,0.6141002774238586,0.38510388135910034,-0.01634739339351654,0.6196765303611755,0.38398489356040955,-0.015258504077792168,0.6245661973953247,0.3831643760204315,-0.012739818543195724,0.631868302822113,0.38349324464797974,-0.006298447493463755,0.6352570056915283,0.38410645723342896,-0.0034291702322661877,0.5977935791015625,0.3863806128501892,-0.010455542244017124,0.6025786399841309,0.3852710723876953,-0.01259143091738224,0.6080970168113708,0.3849720358848572,-0.014351285062730312,0.6141331791877747,0.38505324721336365,-0.014695870690047741,0.6197081208229065,0.3839109539985657,-0.013644837774336338,0.6245953440666199,0.383147656917572,-0.011323089711368084,0.6297575235366821,0.38484013080596924,-0.0110233249142766,0.6352570056915283,0.38410645723342896,-0.0034291702322661877,0.681029736995697,0.292875736951828,0.07695446908473969,0.5350563526153564,0.3055435121059418,0.06932394951581955,0.6150210499763489,0.4291824996471405,-0.013122309930622578,0.5646048784255981,0.39676231145858765,0.006625850219279528,0.5592138171195984,0.3274969160556793,0.0029033056925982237
ssirt0486.mp4,258,,,,,,,,,,,,,,,,,,,,,,,,,,,,,,,,,,,,,,,,,,,,,,,,,,,,,,,,,,,,,,,,0.614802896976471,0.39846378564834595,-0.01910456083714962,0.6215348243713379,0.3972119688987732,-0.018357543274760246,0.6274899244308472,0.3942601680755615,-0.015664812177419662,0.6321008801460266,0.39048469066619873,-0.011968027800321579,0.635307788848877,0.38758695125579834,-0.006586022209376097,0.6377352476119995,0.384748250246048,-0.0017529590986669064,0.6077402234077454,0.3984707295894623,-0.019007530063390732,0.6011976599693298,0.39677175879478455,-0.016939746215939522,0.5956181883811951,0.394157737493515,-0.01368426252156496,0.5917133688926697,0.3922290802001953,-0.008743925020098686,0.6146283149719238,0.3771797716617584,-0.021543730050325394,0.6215122938156128,0.3738305866718292,-0.02021535113453865,0.6277251839637756,0.3764157295227051,-0.016230907291173935,0.6320346593856812,0.3795839846134186,-0.011785274371504784,0.6353287696838379,0.3821527361869812,-0.0067166611552238464,0.5953738689422607,0.38321197032928467,-0.013639683835208416,0.607276976108551,0.3749958276748657,-0.020872434601187706,0.6003671884536743,0.378916472196579,-0.017543118447065353,0.5953738689422607,0.38321197032928467,-0.013639683835208416,0.591509997844696,0.38682663440704346,-0.009047002531588078,0.5887913107872009,0.3901468515396118,-0.004351931158453226,0.5908785462379456,0.3892662525177002,-0.006332299206405878,0.594429075717926,0.3877173662185669,-0.008839155547320843,0.5980580449104309,0.38649988174438477,-0.011977928690612316,0.6083558797836304,0.38516223430633545,-0.01648886129260063,0.6143845915794373,0.3851895034313202,-0.016934549435973167,0.6200191378593445,0.3840397596359253,-0.01588081568479538,0.624932050704956,0.38320016860961914,-0.0133737251162529,0.6322255730628967,0.38361480832099915,-0.006929563824087381,0.6356611251831055,0.3843516707420349,-0.004112387076020241,0.5981906652450562,0.3864208459854126,-0.010948766022920609,0.6029747724533081,0.38525789976119995,-0.013173104263842106,0.6084890365600586,0.38495004177093506,-0.015017288736999035,0.6145122051239014,0.38506966829299927,-0.015428111888468266,0.6201056241989136,0.3839372992515564,-0.014419063925743103,0.624987781047821,0.38321197032928467,-0.012098071165382862,0.6301511526107788,0.384918212890625,-0.011682583950459957,0.6356611251831055,0.3843516707420349,-0.004112387076020241,0.6818610429763794,0.292839914560318,0.0766945630311966,0.5356981754302979,0.30658888816833496,0.07009211927652359,0.6151293516159058,0.4301357865333557,-0.01377703994512558,0.5650384426116943,0.39756089448928833,0.006411899346858263,0.559549868106842,0.3277885615825653,0.00320102134719491
ssirt0486.mp4,259,,,,,,,,,,,,,,,,,,,,,,,,,,,,,,,,,,,,,,,,,,,,,,,,,,,,,,,,,,,,,,,,0.6144847869873047,0.3992614150047302,-0.01929750293493271,0.6212946772575378,0.39799362421035767,-0.018547438085079193,0.6273181438446045,0.39498773217201233,-0.015914663672447205,0.6320164203643799,0.3911280930042267,-0.012261653319001198,0.6352883577346802,0.38815075159072876,-0.006919593084603548,0.637733519077301,0.3852933347225189,-0.0020456837955862284,0.6074411869049072,0.39925822615623474,-0.01924860291182995,0.6009759902954102,0.3975244164466858,-0.017286742106080055,0.5955038070678711,0.39484813809394836,-0.014095510356128216,0.5917119383811951,0.3928421139717102,-0.009206132963299751,0.6144481301307678,0.37776464223861694,-0.021668219938874245,0.6213715672492981,0.37437760829925537,-0.02030482515692711,0.6276182532310486,0.3769296705722809,-0.016336102038621902,0.6319707036018372,0.3800935745239258,-0.011960585601627827,0.6353026628494263,0.38267335295677185,-0.006969651207327843,0.5953890681266785,0.3836103081703186,-0.01393822580575943,0.6071569323539734,0.3754812180995941,-0.021011387929320335,0.6003192067146301,0.3792967200279236,-0.017745666205883026,0.5953890681266785,0.3836103081703186,-0.01393822580575943,0.5915836095809937,0.38730335235595703,-0.009432554244995117,0.5889014005661011,0.390708327293396,-0.004781876225024462,0.5910120010375977,0.38984689116477966,-0.00677745696157217,0.5945339202880859,0.3882603645324707,-0.009280267171561718,0.598099946975708,0.3870491683483124,-0.01235185656696558,0.6082302331924438,0.38575777411460876,-0.016731280833482742,0.6141956448554993,0.3858036994934082,-0.01713227666914463,0.6198651194572449,0.3846592307090759,-0.016068749129772186,0.6248213648796082,0.3838157653808594,-0.01359054259955883,0.6322094798088074,0.384208083152771,-0.0072491951286792755,0.6356475949287415,0.38494008779525757,-0.004428918939083815,0.5982495546340942,0.38693341612815857,-0.011238842271268368,0.602933943271637,0.3857645094394684,-0.013376682996749878,0.6083583831787109,0.3854674696922302,-0.015150817111134529,0.6143105030059814,0.38560348749160767,-0.015522605739533901,0.6199367046356201,0.38447707891464233,-0.01450579334050417,0.6248692870140076,0.3837639093399048,-0.012219377793371677,0.6300796270370483,0.3855382800102234,-0.011942332610487938,0.6356475949287415,0.38494008779525757,-0.004428918939083815,0.6822186708450317,0.2938503324985504,0.07697582244873047,0.5357493162155151,0.30603504180908203,0.0700889304280281,0.6151291728019714,0.4304249882698059,-0.013952783308923244,0.565017580986023,0.39741361141204834,0.006108352914452553,0.5597612857818604,0.3277759253978729,0.0031111547723412514
ssirt0486.mp4,260,,,,,,,,,,,,,,,,,,,,,,,,,,,,,,,,,,,,,,,,,,,,,,,,,,,,,,,,,,,,,,,,0.6149424314498901,0.39844369888305664,-0.018894268199801445,0.6216863393783569,0.3972109854221344,-0.018131006509065628,0.6276698112487793,0.39436793327331543,-0.01543978787958622,0.632312536239624,0.39073365926742554,-0.011725258082151413,0.6355376243591309,0.3879203796386719,-0.006304587237536907,0.6379503011703491,0.38513022661209106,-0.0014394369209185243,0.6078106164932251,0.39851275086402893,-0.018827952444553375,0.6011963486671448,0.39692172408103943,-0.01681417226791382,0.5955219268798828,0.3943921625614166,-0.01357866171747446,0.5915411114692688,0.3924737274646759,-0.008636042475700378,0.6148971915245056,0.3777751624584198,-0.021253779530525208,0.6218328475952148,0.37436768412590027,-0.019914502277970314,0.6280121207237244,0.3767668306827545,-0.015912016853690147,0.6323055624961853,0.37986308336257935,-0.011473482474684715,0.6355845332145691,0.38247132301330566,-0.0064072697423398495,0.595339298248291,0.38355737924575806,-0.013485013507306576,0.6074779033660889,0.37558597326278687,-0.020628556609153748,0.6004444360733032,0.37936973571777344,-0.017343467101454735,0.595339298248291,0.38355737924575806,-0.013485013507306576,0.5913598537445068,0.38711997866630554,-0.008924123831093311,0.5885807871818542,0.3903963565826416,-0.004234775435179472,0.5906900763511658,0.3895263671875,-0.0062115807086229324,0.594280481338501,0.3880096673965454,-0.00874156504869461,0.598003625869751,0.3868105411529541,-0.01185279805213213,0.6085095405578613,0.3854554295539856,-0.01628129370510578,0.6146260499954224,0.3854624927043915,-0.01668943651020527,0.6202672719955444,0.3843451142311096,-0.015621786937117577,0.6252011060714722,0.3835465908050537,-0.01311264093965292,0.6325176358222961,0.3840045630931854,-0.006673911120742559,0.6358988881111145,0.38472628593444824,-0.0038154267240315676,0.5980968475341797,0.3867540955543518,-0.010731074027717113,0.6029649376869202,0.3856237828731537,-0.012898742221295834,0.6085720062255859,0.3853278160095215,-0.0146937882527709,0.6146851181983948,0.38543009757995605,-0.015070511028170586,0.620305597782135,0.3842926323413849,-0.014041108079254627,0.6252177953720093,0.38355553150177,-0.011724662035703659,0.6304094195365906,0.38528770208358765,-0.011419237591326237,0.6358988881111145,0.38472628593444824,-0.0038154267240315676,0.6819576621055603,0.29337814450263977,0.07698837667703629,0.535862922668457,0.3065344989299774,0.06989618390798569,0.6154841780662537,0.4296668767929077,-0.01353755034506321,0.5651102066040039,0.3972426950931549,0.006526172161102295,0.5596699714660645,0.32795238494873047,0.003100276691839099
ssirt0486.mp4,261,,,,,,,,,,,,,,,,,,,,,,,,,,,,,,,,,,,,,,,,,,,,,,,,,,,,,,,,,,,,,,,,0.6147159337997437,0.4001955986022949,-0.01901250146329403,0.6215014457702637,0.3989369869232178,-0.018306240439414978,0.6275051832199097,0.39592111110687256,-0.015741830691695213,0.6321853995323181,0.39203667640686035,-0.012147258967161179,0.6354422569274902,0.389034628868103,-0.006880805362015963,0.6378729939460754,0.38615837693214417,-0.0020623747259378433,0.6076931357383728,0.4001862704753876,-0.018941083922982216,0.6012422442436218,0.39841052889823914,-0.016985701397061348,0.5957902073860168,0.3956640958786011,-0.013817674480378628,0.5920116901397705,0.3935995399951935,-0.008965239860117435,0.6145347952842712,0.37845587730407715,-0.021535951644182205,0.6214279532432556,0.3750971555709839,-0.02020745724439621,0.6276958584785461,0.3776661157608032,-0.016280706971883774,0.6320701241493225,0.38086798787117004,-0.011941290460526943,0.6354279518127441,0.3834972381591797,-0.006980593781918287,0.595615029335022,0.38431134819984436,-0.013730548322200775,0.6072642803192139,0.3762034475803375,-0.020844116806983948,0.6004812717437744,0.3800070285797119,-0.017547309398651123,0.595615029335022,0.38431134819984436,-0.013730548322200775,0.5918497443199158,0.38801121711730957,-0.009223470464348793,0.5892171859741211,0.39142906665802,-0.004563449416309595,0.5913044214248657,0.3905417025089264,-0.006572111509740353,0.5948274731636047,0.388934850692749,-0.009068821556866169,0.5983598232269287,0.38771459460258484,-0.0121362479403615,0.6084157228469849,0.3864421546459198,-0.01652534492313862,0.6143437623977661,0.3864847421646118,-0.01695583574473858,0.6199907064437866,0.38534271717071533,-0.015932077541947365,0.6249378323554993,0.3845129609107971,-0.013493935577571392,0.6323211789131165,0.38498353958129883,-0.0072204554453492165,0.6357752680778503,0.38576966524124146,-0.0044275266118347645,0.5984947681427002,0.3876033127307892,-0.011039253324270248,0.6031501293182373,0.38642898201942444,-0.013184604234993458,0.6085415482521057,0.38613057136535645,-0.014972846955060959,0.6144664287567139,0.3862713575363159,-0.015372460708022118,0.6200823187828064,0.3851543068885803,-0.014393379911780357,0.6250073909759521,0.38446229696273804,-0.01214410550892353,0.630199670791626,0.38631874322891235,-0.01185450330376625,0.6357752680778503,0.38576966524124146,-0.0044275266118347645,0.6823427677154541,0.2936460077762604,0.07639557123184204,0.5360763072967529,0.30665910243988037,0.07010872662067413,0.6152634620666504,0.43116307258605957,-0.013581330887973309,0.5653680562973022,0.39828717708587646,0.006399971898645163,0.5600404143333435,0.3286106586456299,0.0032761506736278534
ssirt0486.mp4,262,,,,,,,,,,,,,,,,,,,,,,,,,,,,,,,,,,,,,,,,,,,,,,,,,,,,,,,,,,,,,,,,0.6149561405181885,0.39899492263793945,-0.018845314159989357,0.6216210126876831,0.39778485894203186,-0.018108194693922997,0.6275361776351929,0.3949679434299469,-0.015464008785784245,0.6321333050727844,0.3913699984550476,-0.011791869066655636,0.6353364586830139,0.3886050581932068,-0.006428331136703491,0.6377396583557129,0.3858671486377716,-0.001593122840858996,0.6079134345054626,0.3990486264228821,-0.018767422065138817,0.6013689041137695,0.39746999740600586,-0.016759110614657402,0.5957491993904114,0.39497077465057373,-0.013539218343794346,0.5918009877204895,0.39309972524642944,-0.008624332956969738,0.6148991584777832,0.37865006923675537,-0.021256666630506516,0.6217753291130066,0.37520071864128113,-0.01993502490222454,0.6278607249259949,0.37757110595703125,-0.015971047803759575,0.6321169137954712,0.3806460499763489,-0.011572474613785744,0.6353747844696045,0.3832227885723114,-0.006543271709233522,0.5955840349197388,0.38425177335739136,-0.013459211215376854,0.607573390007019,0.37637513875961304,-0.020604904741048813,0.6006502509117126,0.380092978477478,-0.017309201881289482,0.5955840349197388,0.38425177335739136,-0.013459211215376854,0.5916271209716797,0.3877992033958435,-0.008914458565413952,0.5888369083404541,0.39107245206832886,-0.00422945711761713,0.5909270644187927,0.3901768624782562,-0.006218481808900833,0.5944709181785583,0.3886062502861023,-0.008738444186747074,0.5981776714324951,0.3873622417449951,-0.011842179112136364,0.6086007356643677,0.3860172629356384,-0.016271725296974182,0.6146575212478638,0.3860786557197571,-0.016693728044629097,0.6202547550201416,0.3849519193172455,-0.015648089349269867,0.625145435333252,0.3841467797756195,-0.013169439509510994,0.6324093341827393,0.384666383266449,-0.006791210733354092,0.635720431804657,0.38542336225509644,-0.003959572408348322,0.5982420444488525,0.3873254656791687,-0.0107295922935009,0.6030676364898682,0.386172890663147,-0.012895614840090275,0.608618438243866,0.38589656352996826,-0.014695514924824238,0.6146716475486755,0.38604453206062317,-0.01508849672973156,0.6202574968338013,0.3848872482776642,-0.014083396643400192,0.6251349449157715,0.38413935899734497,-0.011796684935688972,0.630291223526001,0.3859136998653412,-0.0114973783493042,0.635720431804657,0.38542336225509644,-0.003959572408348322,0.682357668876648,0.29349520802497864,0.07656636089086533,0.5363446474075317,0.30667629837989807,0.06992509961128235,0.6155672073364258,0.4302360415458679,-0.013441014103591442,0.5655001401901245,0.3976307511329651,0.00659270491451025,0.5600482821464539,0.32836025953292847,0.003210405819118023
ssirt0486.mp4,263,,,,,,,,,,,,,,,,,,,,,,,,,,,,,,,,,,,,,,,,,,,,,,,,,,,,,,,,,,,,,,,,0.6147540807723999,0.3994027376174927,-0.01912407949566841,0.6214459538459778,0.39814889430999756,-0.01838790811598301,0.6273818016052246,0.39524027705192566,-0.015755528584122658,0.6320104598999023,0.39152395725250244,-0.012079602107405663,0.6352324485778809,0.38866153359413147,-0.006692156661301851,0.6376314163208008,0.38586410880088806,-0.0018150785472244024,0.607695996761322,0.3994728922843933,-0.01904713362455368,0.6011545062065125,0.3978571891784668,-0.017046190798282623,0.5955489277839661,0.39527878165245056,-0.013816742226481438,0.5916346907615662,0.39332881569862366,-0.008872181177139282,0.6147549152374268,0.3785833716392517,-0.0212946105748415,0.621681809425354,0.37512171268463135,-0.019976170733571053,0.6278116703033447,0.37748152017593384,-0.01603766530752182,0.632067084312439,0.3805882930755615,-0.011690729297697544,0.6353000998497009,0.38319388031959534,-0.006714509800076485,0.5954278111457825,0.3843157887458801,-0.013568691909313202,0.6074157953262329,0.37633562088012695,-0.02064504846930504,0.6004806756973267,0.3801039457321167,-0.017371825873851776,0.5954278111457825,0.3843157887458801,-0.013568691909313202,0.5914873480796814,0.38791924715042114,-0.009067310020327568,0.5887093544006348,0.3912413716316223,-0.00443219393491745,0.5908259749412537,0.39038097858428955,-0.006425853352993727,0.5943744778633118,0.38881635665893555,-0.008968289010226727,0.5980650186538696,0.38758549094200134,-0.012064017355442047,0.6084520220756531,0.3862153887748718,-0.016467148438096046,0.6144996285438538,0.38624411821365356,-0.01688295602798462,0.6201059222221375,0.38511186838150024,-0.01584259606897831,0.6250050663948059,0.3842906355857849,-0.013376560062170029,0.6322817802429199,0.38474300503730774,-0.007032038643956184,0.6355937123298645,0.3854605257511139,-0.004182067699730396,0.5981265902519226,0.3875323534011841,-0.01084129884839058,0.6029245257377625,0.38637858629226685,-0.012965716421604156,0.6084575057029724,0.3860829174518585,-0.014740989543497562,0.6145071387290955,0.38619646430015564,-0.015126705169677734,0.6201170086860657,0.3850294351577759,-0.014128538779914379,0.6250138282775879,0.38425707817077637,-0.011868484318256378,0.6301620602607727,0.3860435485839844,-0.011736484244465828,0.6355937123298645,0.3854605257511139,-0.004182067699730396,0.6823728680610657,0.2938229739665985,0.07657638937234879,0.5363154411315918,0.30670151114463806,0.06996278464794159,0.6153962016105652,0.43007224798202515,-0.013835972175002098,0.5653690695762634,0.39772090315818787,0.006399332080036402,0.5600125789642334,0.32838454842567444,0.0032520615495741367
ssirt0486.mp4,264,,,,,,,,,,,,,,,,,,,,,,,,,,,,,,,,,,,,,,,,,,,,,,,,,,,,,,,,,,,,,,,,0.6156908273696899,0.3999330401420593,-0.018640849739313126,0.622410237789154,0.39871060848236084,-0.01793736033141613,0.628342866897583,0.39573413133621216,-0.015336173586547375,0.6329514384269714,0.39194396138191223,-0.011723234318196774,0.6361674070358276,0.38905656337738037,-0.0064576477743685246,0.638598620891571,0.38624873757362366,-0.001671232283115387,0.6086422204971313,0.3998865485191345,-0.01855824515223503,0.6021389365196228,0.3980847895145416,-0.01655258610844612,0.5966165065765381,0.39535287022590637,-0.013365145772695541,0.5927734971046448,0.39332887530326843,-0.008515475317835808,0.6156976819038391,0.3781715929508209,-0.02137656882405281,0.6225608587265015,0.37488237023353577,-0.020060349255800247,0.6287415623664856,0.3775367736816406,-0.016103478148579597,0.633012592792511,0.38082998991012573,-0.011698304675519466,0.636267900466919,0.38353145122528076,-0.006663522217422724,0.5964901447296143,0.38414132595062256,-0.013464413583278656,0.608397364616394,0.37591448426246643,-0.020686909556388855,0.6014829277992249,0.379815012216568,-0.017351487651467323,0.5964901447296143,0.38414132595062256,-0.013464413583278656,0.592624843120575,0.38781577348709106,-0.008884995244443417,0.5899240970611572,0.3911941647529602,-0.004152772482484579,0.5920185446739197,0.3903200030326843,-0.0061543663032352924,0.5955482125282288,0.3887386620044708,-0.00864428747445345,0.599143922328949,0.3875220715999603,-0.011739078909158707,0.6093736290931702,0.386273592710495,-0.0161850918084383,0.6153595447540283,0.38635560870170593,-0.016628708690404892,0.6209620237350464,0.3852424621582031,-0.015603827312588692,0.6258378028869629,0.3844268321990967,-0.01314893364906311,0.6330726146697998,0.38495758175849915,-0.006821969989687204,0.6365174055099487,0.38580602407455444,-0.004036827478557825,0.5993043780326843,0.38742774724960327,-0.010744345374405384,0.6040610671043396,0.3862510621547699,-0.012942365370690823,0.6095381379127502,0.38596853613853455,-0.014769109897315502,0.6155161261558533,0.3861440122127533,-0.01518472284078598,0.6210801601409912,0.3850668668746948,-0.014200123958289623,0.6259258985519409,0.3844069838523865,-0.01192181371152401,0.6310093998908997,0.38624095916748047,-0.011478024534881115,0.6365174055099487,0.38580602407455444,-0.004036827478557825,0.6830315589904785,0.2936508059501648,0.0764349102973938,0.5368830561637878,0.306287944316864,0.07008323818445206,0.6158255934715271,0.43123161792755127,-0.013127564452588558,0.5660941004753113,0.39791154861450195,0.006750846281647682,0.5608643889427185,0.32808899879455566,0.0032370761036872864
ssirt0486.mp4,265,,,,,,,,,,,,,,,,,,,,,,,,,,,,,,,,,,,,,,,,,,,,,,,,,,,,,,,,,,,,,,,,0.6160005331039429,0.3998464345932007,-0.01850053109228611,0.6227704286575317,0.3986318111419678,-0.017734305933117867,0.628764808177948,0.39563146233558655,-0.015048935078084469,0.6334058046340942,0.3917691111564636,-0.011382541619241238,0.6366450786590576,0.3888035714626312,-0.0060652014799416065,0.6391010284423828,0.3858965039253235,-0.0012541442411020398,0.6089056730270386,0.39977073669433594,-0.018473496660590172,0.6023629903793335,0.3979039192199707,-0.016503408551216125,0.596817672252655,0.3950868248939514,-0.013333815149962902,0.5929409265518188,0.393017441034317,-0.008510167710483074,0.6159942746162415,0.378154456615448,-0.021388711407780647,0.6229153275489807,0.37478694319725037,-0.020009594038128853,0.6291074156761169,0.37737345695495605,-0.015956690534949303,0.6334154009819031,0.380587637424469,-0.011449755169451237,0.636711835861206,0.3832350969314575,-0.006323774345219135,0.5966548919677734,0.38391172885894775,-0.01356545090675354,0.6086410880088806,0.3758380115032196,-0.02076210081577301,0.601688027381897,0.3796493113040924,-0.01746400259435177,0.5966548919677734,0.38391172885894775,-0.01356545090675354,0.5927675366401672,0.3875206410884857,-0.008962603285908699,0.5900478363037109,0.39083290100097656,-0.004187442362308502,0.5921245813369751,0.3899585008621216,-0.006165006197988987,0.5956814289093018,0.3884442150592804,-0.008639824576675892,0.5993282794952393,0.38727444410324097,-0.01172467228025198,0.6096632480621338,0.386071115732193,-0.01613316498696804,0.61570143699646,0.38617461919784546,-0.01652340777218342,0.6213482022285461,0.38506144285202026,-0.01543350052088499,0.6262814998626709,0.38425031304359436,-0.012914687395095825,0.6336222887039185,0.3847249150276184,-0.006471753586083651,0.63706374168396,0.38547539710998535,-0.0036539281718432903,0.5994265675544739,0.3872286379337311,-0.010782451368868351,0.6042312383651733,0.386140912771225,-0.012984133325517178,0.6097638010978699,0.3859253227710724,-0.014788765460252762,0.6158058643341064,0.38613301515579224,-0.015152783133089542,0.6214337944984436,0.385008305311203,-0.014101644977927208,0.6263470649719238,0.3842909336090088,-0.011752072721719742,0.6315110325813293,0.3860655128955841,-0.011175157502293587,0.63706374168396,0.38547539710998535,-0.0036539281718432903,0.6832784414291382,0.29372912645339966,0.0772448405623436,0.5371174812316895,0.3058260977268219,0.06980811059474945,0.6165464520454407,0.43096861243247986,-0.01288739312440157,0.5663270354270935,0.3972722291946411,0.006645966786891222,0.5611303448677063,0.3276730179786682,0.0028932534623891115
ssirt0486.mp4,266,,,,,,,,,,,,,,,,,,,,,,,,,,,,,,,,,,,,,,,,,,,,,,,,,,,,,,,,,,,,,,,,0.6162111759185791,0.3991748094558716,-0.01863560639321804,0.6229590177536011,0.39795243740081787,-0.0178633201867342,0.6289361715316772,0.39503419399261475,-0.015185147523880005,0.6335668563842773,0.3913014829158783,-0.0115041583776474,0.6367932558059692,0.3884369134902954,-0.006147043779492378,0.6392256021499634,0.38560226559638977,-0.0013176529901102185,0.6090948581695557,0.3991616368293762,-0.01861267350614071,0.6025068759918213,0.3974217176437378,-0.016653873026371002,0.59688800573349,0.3947335183620453,-0.013473577797412872,0.5929498672485352,0.3927244246006012,-0.00861983560025692,0.6162672638893127,0.37794962525367737,-0.02133289910852909,0.6232037544250488,0.3745856285095215,-0.019954128190875053,0.629340648651123,0.3771083950996399,-0.015915805473923683,0.6336072683334351,0.3802822530269623,-0.011438312940299511,0.6368661522865295,0.38293272256851196,-0.006338178645819426,0.5967578887939453,0.3837147355079651,-0.01358298771083355,0.6088871359825134,0.37569013237953186,-0.020719381049275398,0.6018621921539307,0.3794904351234436,-0.017446810379624367,0.5967578887939453,0.3837147355079651,-0.01358298771083355,0.5927945375442505,0.3872930705547333,-0.00901123322546482,0.5900149941444397,0.39056921005249023,-0.004286253824830055,0.5921152234077454,0.38970789313316345,-0.006247837096452713,0.5957055687904358,0.38822120428085327,-0.008731728419661522,0.5994170308113098,0.38705873489379883,-0.011812213808298111,0.6098819971084595,0.38579124212265015,-0.01619882509112358,0.6159691214561462,0.3858501613140106,-0.016577331349253654,0.6216017007827759,0.3847576975822449,-0.015486562624573708,0.6265181303024292,0.38397690653800964,-0.012969427742064,0.6338223814964294,0.3844689130783081,-0.00653480039909482,0.6372075080871582,0.3851885199546814,-0.003707153256982565,0.5994833111763,0.3870205283164978,-0.010818654671311378,0.6043366193771362,0.38593167066574097,-0.012996131554245949,0.6099210977554321,0.3856871724128723,-0.014782465063035488,0.6160144805908203,0.3858504295349121,-0.01513457391411066,0.6216434240341187,0.3847268521785736,-0.014082163572311401,0.6265477538108826,0.3840087950229645,-0.011741642840206623,0.6317093372344971,0.38576677441596985,-0.011251123622059822,0.6372075080871582,0.3851885199546814,-0.003707153256982565,0.6833028793334961,0.2941184341907501,0.07720236480236053,0.537404477596283,0.3066626191139221,0.06959059089422226,0.6168888211250305,0.43020662665367126,-0.013199549168348312,0.5666733980178833,0.3973832428455353,0.006468995474278927,0.5614225268363953,0.3279094994068146,0.002904728055000305
ssirt0486.mp4,267,,,,,,,,,,,,,,,,,,,,,,,,,,,,,,,,,,,,,,,,,,,,,,,,,,,,,,,,,,,,,,,,0.616356372833252,0.39935851097106934,-0.018742427229881287,0.6231025457382202,0.398147851228714,-0.017983634024858475,0.6290829181671143,0.39519551396369934,-0.015317723155021667,0.6337331533432007,0.391418993473053,-0.011653297580778599,0.6369947195053101,0.3885338604450226,-0.006322319153696299,0.6394616365432739,0.3857065439224243,-0.00149525236338377,0.6092604994773865,0.39930301904678345,-0.018711786717176437,0.6027019023895264,0.3974863886833191,-0.016747860237956047,0.5971184372901917,0.39474478363990784,-0.013570078648626804,0.5932010412216187,0.39272060990333557,-0.008724992163479328,0.6163434386253357,0.3781760334968567,-0.02144821174442768,0.6232771873474121,0.3748398721218109,-0.020074309781193733,0.6294301748275757,0.3773272633552551,-0.016052840277552605,0.6337383985519409,0.3804626166820526,-0.011591408401727676,0.6370524764060974,0.38305604457855225,-0.006512398831546307,0.5969539284706116,0.3837134838104248,-0.013674492947757244,0.6089736223220825,0.3758575916290283,-0.020817961543798447,0.6020141839981079,0.3795405626296997,-0.017538202926516533,0.5969539284706116,0.3837134838104248,-0.013674492947757244,0.5930241942405701,0.3872804045677185,-0.009105196222662926,0.5902754664421082,0.39058080315589905,-0.0043779946863651276,0.5923780202865601,0.38969916105270386,-0.006349512841552496,0.5959455370903015,0.3881688117980957,-0.00882930587977171,0.5996199250221252,0.38698625564575195,-0.01190408319234848,0.6100048422813416,0.3857932388782501,-0.016290821135044098,0.6160650849342346,0.3858996033668518,-0.01667867600917816,0.6217031478881836,0.38479992747306824,-0.015598457306623459,0.6266319155693054,0.38400107622146606,-0.013094829395413399,0.6339735984802246,0.3845045566558838,-0.006695234216749668,0.6374061107635498,0.38527655601501465,-0.00388044654391706,0.5997018218040466,0.38692599534988403,-0.01092253066599369,0.604513943195343,0.38582339882850647,-0.01310073584318161,0.6100638508796692,0.38559624552726746,-0.014891613274812698,0.6161300539970398,0.3858034610748291,-0.015253906138241291,0.6217588186264038,0.3846997916698456,-0.014212345704436302,0.6266722083091736,0.3840055465698242,-0.011883228085935116,0.6318421363830566,0.3858034014701843,-0.011393195949494839,0.6374061107635498,0.38527655601501465,-0.00388044654391706,0.683362603187561,0.2940575182437897,0.07717476040124893,0.537501335144043,0.3065665066242218,0.06975685805082321,0.6168444156646729,0.4303293824195862,-0.013279365375638008,0.5667068958282471,0.39732450246810913,0.006436921190470457,0.5614418387413025,0.32780909538269043,0.002952057868242264
ssirt0486.mp4,268,,,,,,,,,,,,,,,,,,,,,,,,,,,,,,,,,,,,,,,,,,,,,,,,,,,,,,,,,,,,,,,,0.6166296005249023,0.39864206314086914,-0.018900904804468155,0.6233798265457153,0.3974647521972656,-0.018123609945178032,0.6294001340866089,0.3946247100830078,-0.015415321104228497,0.634109377861023,0.3909759819507599,-0.011711877770721912,0.6374234557151794,0.3881576359272003,-0.006333117838948965,0.639925479888916,0.38534098863601685,-0.001481217215768993,0.6095894575119019,0.3985994756221771,-0.018866151571273804,0.6030982136726379,0.3968754708766937,-0.016874223947525024,0.5975713729858398,0.39427125453948975,-0.013666090555489063,0.5936864018440247,0.392354279756546,-0.008777816779911518,0.6165344715118408,0.3777133822441101,-0.021511778235435486,0.6234741806983948,0.37437111139297485,-0.02013121172785759,0.6297358870506287,0.376904159784317,-0.016092495992779732,0.6341226100921631,0.38006189465522766,-0.011609754525125027,0.637492835521698,0.3826873302459717,-0.006504211574792862,0.5973081588745117,0.3834596574306488,-0.013725297525525093,0.6091948747634888,0.37548160552978516,-0.02088453806936741,0.6022970676422119,0.3792606592178345,-0.01759839802980423,0.5973081588745117,0.3834596574306488,-0.013725297525525093,0.5934534668922424,0.38701188564300537,-0.009143434464931488,0.5907688736915588,0.39026308059692383,-0.004416571464389563,0.5928375720977783,0.38940006494522095,-0.0063852183520793915,0.5963683128356934,0.387923002243042,-0.008877236396074295,0.5999962687492371,0.38675838708877563,-0.011977440677583218,0.6102917790412903,0.3854826092720032,-0.01639874279499054,0.6163250207901001,0.3855454921722412,-0.016788790002465248,0.6219934821128845,0.38445931673049927,-0.01569562591612339,0.6269804835319519,0.38368964195251465,-0.013168384321033955,0.6344404220581055,0.38419824838638306,-0.00670660799369216,0.6379005908966064,0.3849232792854309,-0.003872600616887212,0.6000851392745972,0.3867011070251465,-0.01097333524376154,0.6048537492752075,0.3856130838394165,-0.013162512332201004,0.6103647947311401,0.38537275791168213,-0.01496517937630415,0.6164020299911499,0.3855426013469696,-0.01532690692692995,0.6220574975013733,0.38442644476890564,-0.01427582185715437,0.6270254254341125,0.3837173879146576,-0.011927601881325245,0.6322436332702637,0.38546547293663025,-0.011451130732893944,0.6379005908966064,0.3849232792854309,-0.003872600616887212,0.6837822794914246,0.29420262575149536,0.07735908776521683,0.5379169583320618,0.3067806661128998,0.06983121484518051,0.6173503398895264,0.43013161420822144,-0.013478907756507397,0.5671064853668213,0.39735668897628784,0.006362549960613251,0.561901867389679,0.32773730158805847,0.002942691557109356
ssirt0486.mp4,269,,,,,,,,,,,,,,,,,,,,,,,,,,,,,,,,,,,,,,,,,,,,,,,,,,,,,,,,,,,,,,,,0.6168671250343323,0.39827170968055725,-0.018916785717010498,0.6235789060592651,0.39708584547042847,-0.01815425045788288,0.6295430064201355,0.39427587389945984,-0.015497881919145584,0.6342006921768188,0.39069780707359314,-0.011826124042272568,0.6374815106391907,0.38796207308769226,-0.006472846493124962,0.6399559378623962,0.38523098826408386,-0.0016109932912513614,0.609834611415863,0.3982621431350708,-0.01889779604971409,0.6033214330673218,0.3966117203235626,-0.016974013298749924,0.5977460741996765,0.39408978819847107,-0.01380859687924385,0.5938149690628052,0.39223581552505493,-0.008954803459346294,0.6167479753494263,0.37762051820755005,-0.021525507792830467,0.6236588358879089,0.3743113875389099,-0.02013617940247059,0.6298838257789612,0.37682628631591797,-0.01610729843378067,0.6342350840568542,0.379980206489563,-0.011668159626424313,0.6375682353973389,0.3825934827327728,-0.006607284769415855,0.5974669456481934,0.38337618112564087,-0.013824249617755413,0.6094122529029846,0.37540537118911743,-0.020902743563055992,0.6024892926216125,0.3791682720184326,-0.017646390944719315,0.5974669456481934,0.38337618112564087,-0.013824249617755413,0.5935759544372559,0.3869500160217285,-0.009286327287554741,0.5908648371696472,0.3902093172073364,-0.004586830269545317,0.5929437279701233,0.3893194794654846,-0.006560368463397026,0.5964797139167786,0.38780540227890015,-0.009045709855854511,0.6001377701759338,0.38661375641822815,-0.012104151770472527,0.6104908585548401,0.3853529691696167,-0.01645020768046379,0.6165254712104797,0.38541004061698914,-0.016824821010231972,0.6221626400947571,0.3843173086643219,-0.015742072835564613,0.6271094083786011,0.3835195302963257,-0.013237770646810532,0.6344966292381287,0.38401782512664795,-0.0068403431214392185,0.6379247903823853,0.38477760553359985,-0.004010073374956846,0.6002317667007446,0.3865845203399658,-0.011066412553191185,0.6050370931625366,0.38547617197036743,-0.01321040466427803,0.610571563243866,0.38522711396217346,-0.014976157806813717,0.6166038513183594,0.3853842616081238,-0.015323354862630367,0.6222212910652161,0.38428056240081787,-0.014276621863245964,0.6271464228630066,0.38357070088386536,-0.011952511966228485,0.6323258876800537,0.385253369808197,-0.011546815745532513,0.6379247903823853,0.38477760553359985,-0.004010073374956846,0.6837986707687378,0.294342964887619,0.0773906260728836,0.5377832651138306,0.3069409430027008,0.06974605470895767,0.6175189018249512,0.4301415979862213,-0.013489441014826298,0.5671983361244202,0.3975328207015991,0.006258123554289341,0.5618470311164856,0.3279086649417877,0.002925888868048787
ssirt0486.mp4,270,,,,,,,,,,,,,,,,,,,,,,,,,,,,,,,,,,,,,,,,,,,,,,,,,,,,,,,,,,,,,,,,0.6167334318161011,0.39868223667144775,-0.018874498084187508,0.6235356330871582,0.39745190739631653,-0.01809557154774666,0.6295921802520752,0.39456304907798767,-0.015397267416119576,0.6343560218811035,0.3908730745315552,-0.011697488836944103,0.6377149820327759,0.38802671432495117,-0.006316795479506254,0.6402472257614136,0.38521021604537964,-0.001461891457438469,0.6096647381782532,0.398690402507782,-0.018844135105609894,0.6031608581542969,0.3970145881175995,-0.016868457198143005,0.5976258516311646,0.39441004395484924,-0.013668837025761604,0.5937645435333252,0.3924499750137329,-0.008786172606050968,0.6167079210281372,0.37749072909355164,-0.021458309143781662,0.6237058639526367,0.37409111857414246,-0.020075814798474312,0.6300085783004761,0.3766680657863617,-0.016038041561841965,0.6344141960144043,0.3798739016056061,-0.011566363275051117,0.6378006935119629,0.3825305700302124,-0.006471975706517696,0.597442626953125,0.3834618926048279,-0.013709495775401592,0.6093676090240479,0.375271201133728,-0.02083895355463028,0.6024502515792847,0.3791729807853699,-0.017566902562975883,0.597442626953125,0.3834618926048279,-0.013709495775401592,0.5935890674591064,0.3870657980442047,-0.009142366237938404,0.5908625721931458,0.3903346061706543,-0.004430604167282581,0.5929715633392334,0.389474481344223,-0.006394060794264078,0.5965042114257812,0.38800811767578125,-0.008884444832801819,0.6001420021057129,0.38681843876838684,-0.01197712030261755,0.610459566116333,0.3854679465293884,-0.016382724046707153,0.6164985299110413,0.3855080306529999,-0.016767140477895737,0.6221868395805359,0.38439956307411194,-0.015672724694013596,0.6271970272064209,0.38360318541526794,-0.013146379962563515,0.6347326636314392,0.3840813636779785,-0.006691814865916967,0.6382282376289368,0.3847813904285431,-0.003855460789054632,0.6002002358436584,0.38676202297210693,-0.010958652012050152,0.6049711108207703,0.3856447637081146,-0.01313561201095581,0.610490620136261,0.3853827118873596,-0.014926830306649208,0.6165400743484497,0.3855213224887848,-0.015281980857253075,0.6222339272499084,0.3843735456466675,-0.01422937773168087,0.6272343397140503,0.38363125920295715,-0.011884937062859535,0.6324937343597412,0.3853713274002075,-0.011436535976827145,0.6382282376289368,0.3847813904285431,-0.003855460789054632,0.6840633153915405,0.29420188069343567,0.07734740525484085,0.5381180644035339,0.3073157072067261,0.06964509934186935,0.6178138256072998,0.430105984210968,-0.013464936055243015,0.5675232410430908,0.3976396322250366,0.0063163843005895615,0.562168538570404,0.3280559778213501,0.002901980187743902
ssirt0486.mp4,271,,,,,,,,,,,,,,,,,,,,,,,,,,,,,,,,,,,,,,,,,,,,,,,,,,,,,,,,,,,,,,,,0.6169443726539612,0.3988473415374756,-0.018632981926202774,0.6238029599189758,0.397598534822464,-0.017850780859589577,0.6298606395721436,0.39465758204460144,-0.015201950445771217,0.6345697641372681,0.3908925950527191,-0.011556798592209816,0.637831449508667,0.38800954818725586,-0.006249222904443741,0.6402467489242554,0.3852243721485138,-0.0014227494830265641,0.6098565459251404,0.39884576201438904,-0.01865513250231743,0.6033403277397156,0.3971456289291382,-0.016779566183686256,0.5978221893310547,0.39447784423828125,-0.01366189680993557,0.5940138697624207,0.39247795939445496,-0.008880743756890297,0.6168268322944641,0.37728941440582275,-0.021511003375053406,0.6238195300102234,0.37388354539871216,-0.020090797916054726,0.630127489566803,0.37648841738700867,-0.016029957681894302,0.6345016956329346,0.37975233793258667,-0.011552613228559494,0.6378483772277832,0.3824675381183624,-0.006458621937781572,0.5976821780204773,0.38323330879211426,-0.01384070422500372,0.6095063090324402,0.37501344084739685,-0.020905734971165657,0.6026325225830078,0.3788732588291168,-0.01766887679696083,0.5976821780204773,0.38323330879211426,-0.01384070422500372,0.593877375125885,0.38695409893989563,-0.009296959266066551,0.5911957621574402,0.3903636336326599,-0.0045691560953855515,0.5933184027671814,0.3894386291503906,-0.006529470440000296,0.5968248844146729,0.38787055015563965,-0.008982277475297451,0.6004287600517273,0.3866468667984009,-0.012016456574201584,0.6106534600257874,0.3853752613067627,-0.01632511429488659,0.6166439056396484,0.3854414224624634,-0.016670851036906242,0.6223204135894775,0.38431742787361145,-0.01555981021374464,0.6272991895675659,0.3834834694862366,-0.01304403506219387,0.6347460746765137,0.3839567303657532,-0.006641382351517677,0.6381960511207581,0.38474300503730774,-0.0038285127375274897,0.600511908531189,0.3865993916988373,-0.011071903631091118,0.6052486896514893,0.3854808211326599,-0.013221276924014091,0.6107196807861328,0.38524913787841797,-0.014974742196500301,0.6167044043540955,0.38540947437286377,-0.015295270830392838,0.622361958026886,0.3842664659023285,-0.014224695973098278,0.6273189187049866,0.3835165500640869,-0.011877243407070637,0.6325955390930176,0.38528597354888916,-0.01132178120315075,0.6381960511207581,0.38474300503730774,-0.0038285127375274897,0.6841297745704651,0.2939381003379822,0.07752034068107605,0.5381705164909363,0.3070121705532074,0.06946089118719101,0.6182354092597961,0.43029677867889404,-0.013121535070240498,0.5678035616874695,0.3976576328277588,0.0062619904056191444,0.5624005198478699,0.3280550539493561,0.00276102963835001
ssirt0486.mp4,272,,,,,,,,,,,,,,,,,,,,,,,,,,,,,,,,,,,,,,,,,,,,,,,,,,,,,,,,,,,,,,,,0.6168506145477295,0.3989471197128296,-0.018685538321733475,0.6237425804138184,0.39769330620765686,-0.017901910468935966,0.6298272013664246,0.3947371542453766,-0.015249338932335377,0.6345598101615906,0.3909391760826111,-0.011600116267800331,0.6378376483917236,0.3880220651626587,-0.006288524717092514,0.6402596235275269,0.3852154612541199,-0.0014607650227844715,0.609743058681488,0.39895179867744446,-0.018702631816267967,0.6032165288925171,0.39725083112716675,-0.016822680830955505,0.597696840763092,0.3945700526237488,-0.013700179755687714,0.5938940048217773,0.3925555944442749,-0.008911007083952427,0.6167038083076477,0.377282977104187,-0.021496308967471123,0.6237253546714783,0.3738599121570587,-0.020079009234905243,0.6300698518753052,0.376461386680603,-0.016025206074118614,0.6344726085662842,0.37972843647003174,-0.011558441445231438,0.6378418803215027,0.38244473934173584,-0.006478712894022465,0.5975512266159058,0.3832404911518097,-0.013843060471117496,0.6093744039535522,0.3749971389770508,-0.020893357694149017,0.6024977564811707,0.3788600265979767,-0.017663298174738884,0.5975512266159058,0.3832404911518097,-0.013843060471117496,0.5937522649765015,0.38699066638946533,-0.0093071972951293,0.5910733938217163,0.3904373049736023,-0.004597695078700781,0.5932084918022156,0.3895045518875122,-0.006554018706083298,0.5967308878898621,0.38791346549987793,-0.009007244370877743,0.6003407835960388,0.38667038083076477,-0.012041238136589527,0.6105635762214661,0.3853646516799927,-0.016348153352737427,0.6165564060211182,0.38543063402175903,-0.016694538295269012,0.6222526431083679,0.38430482149124146,-0.015584388747811317,0.6272523999214172,0.38347434997558594,-0.013069621287286282,0.6347475647926331,0.38395392894744873,-0.0066728307865560055,0.6382055878639221,0.38473373651504517,-0.0038618450053036213,0.6004040837287903,0.3866267204284668,-0.011085840873420238,0.6051355004310608,0.3854995369911194,-0.013231552205979824,0.6106029748916626,0.38526660203933716,-0.014982713386416435,0.6165923476219177,0.38542792201042175,-0.015303444117307663,0.6222758889198303,0.38427138328552246,-0.01423349604010582,0.6272584199905396,0.3835059404373169,-0.011889307759702206,0.6325751543045044,0.38530391454696655,-0.011354759335517883,0.6382055878639221,0.38473373651504517,-0.0038618450053036213,0.6841873526573181,0.2942095398902893,0.07747243344783783,0.5382458567619324,0.3069927990436554,0.06936586648225784,0.618202805519104,0.43033722043037415,-0.013205857947468758,0.5677786469459534,0.39763057231903076,0.006199095863848925,0.5624483227729797,0.32800373435020447,0.00274549494497478
ssirt0486.mp4,273,,,,,,,,,,,,,,,,,,,,,,,,,,,,,,,,,,,,,,,,,,,,,,,,,,,,,,,,,,,,,,,,0.617034912109375,0.39825400710105896,-0.018790405243635178,0.6238795518875122,0.39703798294067383,-0.017995117232203484,0.6299209594726562,0.39421388506889343,-0.01532019954174757,0.6346182823181152,0.39061498641967773,-0.01165356021374464,0.6378815174102783,0.38785699009895325,-0.006324890535324812,0.6403172612190247,0.3851422071456909,-0.0014937794767320156,0.6099648475646973,0.39824169874191284,-0.01880980096757412,0.6034582853317261,0.3966141939163208,-0.01691562496125698,0.5979333519935608,0.3940635323524475,-0.013782791793346405,0.59409499168396,0.3921303153038025,-0.008989489637315273,0.6169810891151428,0.3770787715911865,-0.021583905443549156,0.6239534616470337,0.3737591505050659,-0.02015545964241028,0.6302357316017151,0.376434326171875,-0.016094671562314034,0.6345940828323364,0.3797105848789215,-0.011610306799411774,0.6379235982894897,0.3824254870414734,-0.0065134004689753056,0.5977874398231506,0.38303351402282715,-0.013933472335338593,0.6096823215484619,0.37483543157577515,-0.020984545350074768,0.6027737855911255,0.3787025213241577,-0.017761394381523132,0.5977874398231506,0.38303351402282715,-0.013933472335338593,0.5939563512802124,0.38669994473457336,-0.009391754865646362,0.5912430286407471,0.3900308609008789,-0.004681924358010292,0.5933629870414734,0.38914620876312256,-0.006630830932408571,0.596895158290863,0.38766345381736755,-0.009073150344192982,0.6005162596702576,0.3864962160587311,-0.012111008167266846,0.6107717752456665,0.38524720072746277,-0.016429346054792404,0.6167703866958618,0.3853030204772949,-0.01677263341844082,0.622447669506073,0.38422858715057373,-0.01565185748040676,0.6274175643920898,0.38344475626945496,-0.013123399578034878,0.6348374485969543,0.3839261531829834,-0.006701030768454075,0.6382821202278137,0.3846815228462219,-0.0038952038157731295,0.600607693195343,0.38643762469291687,-0.011197431944310665,0.6053600311279297,0.38533860445022583,-0.013358904048800468,0.6108444929122925,0.38509565591812134,-0.01511836051940918,0.6168328523635864,0.3852424621582031,-0.015436052344739437,0.622482180595398,0.38415610790252686,-0.014355153776705265,0.6274270415306091,0.3834713101387024,-0.01199218351393938,0.6326861381530762,0.38518863916397095,-0.011404992081224918,0.6382821202278137,0.3846815228462219,-0.0038952038157731295,0.6841371655464172,0.2945478856563568,0.07754481583833694,0.5382959842681885,0.3073120713233948,0.06926584243774414,0.6183711290359497,0.4303809106349945,-0.01335728820413351,0.5678898692131042,0.3976457417011261,0.00606436375528574,0.5625479817390442,0.32792818546295166,0.0027022783178836107
ssirt0486.mp4,274,,,,,,,,,,,,,,,,,,,,,,,,,,,,,,,,,,,,,,,,,,,,,,,,,,,,,,,,,,,,,,,,0.6170929670333862,0.39824673533439636,-0.018833357840776443,0.6239335536956787,0.3970581591129303,-0.01802108623087406,0.6299927830696106,0.39427393674850464,-0.015331254340708256,0.6347224116325378,0.39070597290992737,-0.011653827503323555,0.6380171179771423,0.3879522383213043,-0.006310704164206982,0.6404737830162048,0.3852264881134033,-0.001460422296077013,0.6100506782531738,0.3982381522655487,-0.01886746846139431,0.6035727858543396,0.3966336250305176,-0.01698734052479267,0.5980648398399353,0.39410948753356934,-0.013860255479812622,0.5942329168319702,0.39220547676086426,-0.009070005267858505,0.6169195175170898,0.37707504630088806,-0.021597599610686302,0.6238827705383301,0.37376150488853455,-0.020155759528279305,0.6302441954612732,0.3764851689338684,-0.01607687771320343,0.6346635222434998,0.37978407740592957,-0.01158459298312664,0.6380502581596375,0.3825171887874603,-0.006480860058218241,0.597823441028595,0.3830932676792145,-0.01399148441851139,0.609621524810791,0.37483900785446167,-0.021015208214521408,0.6027510762214661,0.3787459135055542,-0.01780504174530506,0.597823441028595,0.3830932676792145,-0.01399148441851139,0.5940340757369995,0.3867877125740051,-0.009461501613259315,0.5913794636726379,0.39013195037841797,-0.004761079326272011,0.59348064661026,0.3892436623573303,-0.006705565378069878,0.5970182418823242,0.3877268135547638,-0.009150012396275997,0.6006163358688354,0.3865337371826172,-0.01217851135879755,0.6107980608940125,0.3852401077747345,-0.016474535688757896,0.6167659163475037,0.3852877616882324,-0.016801998019218445,0.6224538087844849,0.3842278718948364,-0.01566658355295658,0.6274510622024536,0.3834693729877472,-0.013127300888299942,0.6349446177482605,0.38400137424468994,-0.006690592505037785,0.6384284496307373,0.38476869463920593,-0.0038723114412277937,0.6007059216499329,0.3864997327327728,-0.011237683705985546,0.6054286956787109,0.3853801488876343,-0.013381999917328358,0.6108810305595398,0.3851255774497986,-0.015125920064747334,0.6168424487113953,0.38527071475982666,-0.015428532846271992,0.622505784034729,0.38419225811958313,-0.014333071187138557,0.6274794340133667,0.38352158665657043,-0.011962675489485264,0.6327618360519409,0.385252445936203,-0.011401604861021042,0.6384284496307373,0.38476869463920593,-0.0038723114412277937,0.6840178966522217,0.2945745587348938,0.07764725387096405,0.5382571220397949,0.3074832558631897,0.0691668763756752,0.6184362173080444,0.4304882884025574,-0.01338906865566969,0.5678536891937256,0.3978165090084076,0.00598476966843009,0.5625185370445251,0.32803723216056824,0.0026361814234405756
ssirt0486.mp4,275,,,,,,,,,,,,,,,,,,,,,,,,,,,,,,,,,,,,,,,,,,,,,,,,,,,,,,,,,,,,,,,,0.6170576810836792,0.39803242683410645,-0.018822479993104935,0.6239060163497925,0.3968562185764313,-0.018002979457378387,0.6299893260002136,0.3941228985786438,-0.01529565267264843,0.6347566843032837,0.3906249403953552,-0.011603095568716526,0.6380877494812012,0.387918621301651,-0.006240481976419687,0.6405780911445618,0.38521185517311096,-0.0013844065833836794,0.6100288033485413,0.3980380892753601,-0.018853889778256416,0.6035581827163696,0.39648181200027466,-0.01695852540433407,0.5980430245399475,0.39401793479919434,-0.013817869126796722,0.5941942930221558,0.3921472430229187,-0.009011263959109783,0.616889476776123,0.3770962357521057,-0.02153324894607067,0.6238727569580078,0.37378525733947754,-0.020095285028219223,0.6302736401557922,0.37649253010749817,-0.016012849286198616,0.6347267031669617,0.3797793388366699,-0.011513812467455864,0.638137698173523,0.382512629032135,-0.006402910687029362,0.5977720022201538,0.3831021785736084,-0.01392938569188118,0.6095790863037109,0.37488245964050293,-0.02095774933695793,0.6027008891105652,0.3787783980369568,-0.017746878787875175,0.5977720022201538,0.3831021785736084,-0.01392938569188118,0.5939796566963196,0.3867698907852173,-0.009396814741194248,0.591321587562561,0.3900797367095947,-0.004698381759226322,0.5934198498725891,0.389209508895874,-0.006640296895056963,0.5969708561897278,0.3877269923686981,-0.00909396167844534,0.6005747318267822,0.38654783368110657,-0.012130615301430225,0.6107679605484009,0.38524067401885986,-0.016436446458101273,0.6167428493499756,0.3852713108062744,-0.016764184460043907,0.6224575638771057,0.3842211663722992,-0.015625549480319023,0.6274877190589905,0.3834790587425232,-0.01307959109544754,0.6350372433662415,0.3840223252773285,-0.006625356152653694,0.6385349631309509,0.38476860523223877,-0.003795888274908066,0.6006634831428528,0.38650986552238464,-0.01116622518748045,0.6053915619850159,0.38539907336235046,-0.01331027876585722,0.6108508706092834,0.38513806462287903,-0.015055322088301182,0.6168220639228821,0.38526660203933716,-0.01535801962018013,0.6225128769874573,0.38419556617736816,-0.014259754680097103,0.6275189518928528,0.3835327625274658,-0.011885845102369785,0.6328184008598328,0.38524243235588074,-0.011348411440849304,0.6385349631309509,0.38476860523223877,-0.003795888274908066,0.6840100288391113,0.29440611600875854,0.07759605348110199,0.5382933616638184,0.3073647618293762,0.0691019669175148,0.6185038089752197,0.43034303188323975,-0.013394745998084545,0.5678669810295105,0.3977370858192444,0.006013093516230583,0.5625520944595337,0.32799553871154785,0.0026315278373658657
ssirt0486.mp4,276,,,,,,,,,,,,,,,,,,,,,,,,,,,,,,,,,,,,,,,,,,,,,,,,,,,,,,,,,,,,,,,,0.6170902252197266,0.3982859253883362,-0.018770359456539154,0.6239413619041443,0.3970935344696045,-0.017954282462596893,0.6300132274627686,0.3942990303039551,-0.015252617187798023,0.6347553133964539,0.39071139693260193,-0.011566373519599438,0.6380553245544434,0.38793957233428955,-0.00621438305824995,0.6405155658721924,0.38520094752311707,-0.0013664414873346686,0.610039234161377,0.39828231930732727,-0.018801219761371613,0.6035540699958801,0.3966773748397827,-0.016908777877688408,0.5980429649353027,0.39414292573928833,-0.013772670179605484,0.5942103862762451,0.3922305107116699,-0.008973164483904839,0.6169214248657227,0.3770851194858551,-0.021524528041481972,0.6239036917686462,0.37375208735466003,-0.020087791606783867,0.6302897930145264,0.37645047903060913,-0.016005193814635277,0.6347164511680603,0.379743754863739,-0.011504171416163445,0.6381015777587891,0.38248002529144287,-0.006392387673258781,0.5977880954742432,0.3830873966217041,-0.013908576220273972,0.6096028089523315,0.37484487891197205,-0.02094632387161255,0.6027163863182068,0.3787425458431244,-0.017730912193655968,0.5977880954742432,0.3830873966217041,-0.013908576220273972,0.5940019488334656,0.38679039478302,-0.00937096681445837,0.5913596153259277,0.39015352725982666,-0.004666912369430065,0.5934628248214722,0.3892638385295868,-0.006610204000025988,0.5970044136047363,0.3877425491809845,-0.009060414507985115,0.6006017923355103,0.3865448236465454,-0.012096519581973553,0.6107906103134155,0.3852485120296478,-0.01640312373638153,0.6167653203010559,0.38529208302497864,-0.016732504591345787,0.6224666833877563,0.3842248320579529,-0.015595397911965847,0.627474844455719,0.3834601640701294,-0.01305202767252922,0.6349762082099915,0.3839869201183319,-0.00660135131329298,0.6384603381156921,0.38474762439727783,-0.0037769449409097433,0.6006919145584106,0.38650739192962646,-0.0111461840569973,0.6054182052612305,0.38539284467697144,-0.013293816708028316,0.6108760237693787,0.3851420283317566,-0.015041224658489227,0.6168455481529236,0.38528284430503845,-0.015345608815550804,0.6225240230560303,0.3841964602470398,-0.014248705469071865,0.6275087594985962,0.3835110366344452,-0.011875695548951626,0.6327922344207764,0.38524389266967773,-0.011318529956042767,0.6384603381156921,0.38474762439727783,-0.0037769449409097433,0.6840062737464905,0.2944241762161255,0.07757493853569031,0.5382729172706604,0.3074357807636261,0.06910936534404755,0.6184419989585876,0.4305446445941925,-0.013315049931406975,0.5678418874740601,0.3978368937969208,0.00605801260098815,0.5625247359275818,0.3280490040779114,0.002635467564687133
ssirt0486.mp4,277,,,,,,,,,,,,,,,,,,,,,,,,,,,,,,,,,,,,,,,,,,,,,,,,,,,,,,,,,,,,,,,,0.616661548614502,0.39928290247917175,-0.019499242305755615,0.6234750747680664,0.39804625511169434,-0.01872905157506466,0.6294604539871216,0.39522236585617065,-0.016052687540650368,0.6341084241867065,0.3916354775428772,-0.0123618608340621,0.6373204588890076,0.38893023133277893,-0.0069727045483887196,0.6396830677986145,0.38631007075309753,-0.002067727502435446,0.6095107197761536,0.39934241771698,-0.019461359828710556,0.6029150485992432,0.39780768752098083,-0.01748887449502945,0.5972978472709656,0.3953544497489929,-0.014278996735811234,0.5934146642684937,0.39350658655166626,-0.009361804462969303,0.6167002320289612,0.37834876775741577,-0.02168205752968788,0.6237370371818542,0.3749760091304779,-0.020306911319494247,0.6299436688423157,0.3775455951690674,-0.01632845774292946,0.6341949105262756,0.38081592321395874,-0.011948836036026478,0.6374022364616394,0.38352808356285095,-0.006965152453631163,0.597190797328949,0.3843291997909546,-0.014037084765732288,0.6092978119850159,0.3760886788368225,-0.021056003868579865,0.602271318435669,0.37995919585227966,-0.01782785728573799,0.597190797328949,0.3843291997909546,-0.014037084765732288,0.5932985544204712,0.38806918263435364,-0.009541584178805351,0.590557336807251,0.39151835441589355,-0.00492028659209609,0.5927350521087646,0.3905923366546631,-0.006901582237333059,0.5962594151496887,0.3889845013618469,-0.009410031139850616,0.599946916103363,0.38770791888237,-0.012472450733184814,0.6103618741035461,0.38635551929473877,-0.01682436279952526,0.6164407730102539,0.3864031434059143,-0.01720423437654972,0.6220841407775879,0.3853040337562561,-0.01612323895096779,0.6269861459732056,0.38449209928512573,-0.013630259782075882,0.6342555284500122,0.3850085735321045,-0.0072806584648787975,0.6376029849052429,0.3858127295970917,-0.004446308594197035,0.6000040769577026,0.3876165747642517,-0.01133690495043993,0.6048119068145752,0.3864385485649109,-0.01346020121127367,0.6103681921958923,0.38615715503692627,-0.01521910447627306,0.6164360642433167,0.3862757086753845,-0.015572460368275642,0.6220679879188538,0.3851674199104309,-0.014532187953591347,0.6269638538360596,0.38443735241889954,-0.012231344357132912,0.6321721076965332,0.386249840259552,-0.011992753483355045,0.6376029849052429,0.3858127295970917,-0.004446308594197035,0.6839191913604736,0.2964116930961609,0.07711224257946014,0.5379892587661743,0.308438241481781,0.06981149315834045,0.6173863410949707,0.4311404228210449,-0.014310593716800213,0.5670891404151917,0.3985760509967804,0.005871555767953396,0.5617914795875549,0.3289060592651367,0.00302734412252903
ssirt0486.mp4,278,,,,,,,,,,,,,,,,,,,,,,,,,,,,,,,,,,,,,,,,,,,,,,,,,,,,,,,,,,,,,,,,0.6166438460350037,0.3991544842720032,-0.018702520057559013,0.6235416531562805,0.3979707956314087,-0.01789657585322857,0.6296892762184143,0.395290732383728,-0.015207290649414062,0.6345475912094116,0.39184942841529846,-0.011547102592885494,0.6379618644714355,0.3891526460647583,-0.0062416791915893555,0.6405201554298401,0.3864280879497528,-0.0014324202202260494,0.6095978617668152,0.39920201897621155,-0.018735013902187347,0.6031239032745361,0.3977532386779785,-0.0168472733348608,0.5976194143295288,0.3953836262226105,-0.01372883003205061,0.5937851667404175,0.3935619592666626,-0.008964288979768753,0.6164212822914124,0.3783482611179352,-0.02166144922375679,0.6234259009361267,0.37499627470970154,-0.020216409116983414,0.6299099922180176,0.37776732444763184,-0.016130026429891586,0.634455680847168,0.38106516003608704,-0.011608405970036983,0.6379737854003906,0.38378405570983887,-0.006480388808995485,0.5973213911056519,0.38449040055274963,-0.013987121172249317,0.6091001629829407,0.3761305809020996,-0.021066954359412193,0.6022313237190247,0.38010597229003906,-0.017841128632426262,0.5973213911056519,0.38449040055274963,-0.013987121172249317,0.5935522317886353,0.388201504945755,-0.009419791400432587,0.5909250974655151,0.3915252089500427,-0.004679175093770027,0.5930303931236267,0.3906588554382324,-0.006627101916819811,0.5966033935546875,0.389159232378006,-0.00904776994138956,0.6001884341239929,0.3879721164703369,-0.012079324573278427,0.6103472113609314,0.3866208493709564,-0.016395974904298782,0.6163368821144104,0.3866138458251953,-0.016731811687350273,0.6221060156822205,0.3855643570423126,-0.015594319440424442,0.627190113067627,0.3848300576210022,-0.013054264709353447,0.6348754167556763,0.3853456377983093,-0.006622017826884985,0.6384555697441101,0.38604027032852173,-0.003834616160020232,0.6002911925315857,0.38795945048332214,-0.01125713437795639,0.604997992515564,0.3868236541748047,-0.013442650437355042,0.6104366183280945,0.3865213096141815,-0.01521067600697279,0.6164061427116394,0.38661208748817444,-0.015523973852396011,0.6221405267715454,0.38554465770721436,-0.01442597433924675,0.6271986961364746,0.3849070072174072,-0.012038652785122395,0.6325873732566833,0.38653868436813354,-0.01131909154355526,0.6384555697441101,0.38604027032852173,-0.003834616160020232,0.6837774515151978,0.2962624728679657,0.07755916565656662,0.5379972457885742,0.30945637822151184,0.06928031891584396,0.6182727217674255,0.4319472312927246,-0.0132069680839777,0.5676448345184326,0.3992302715778351,0.006088367663323879,0.5621901750564575,0.3295390009880066,0.0026583701837807894
ssirt0486.mp4,279,,,,,,,,,,,,,,,,,,,,,,,,,,,,,,,,,,,,,,,,,,,,,,,,,,,,,,,,,,,,,,,,0.6163522005081177,0.3987659811973572,-0.01896493509411812,0.6231467127799988,0.3975936770439148,-0.01818329095840454,0.6292046904563904,0.39500629901885986,-0.015499206259846687,0.6339782476425171,0.3916744589805603,-0.01181518193334341,0.6373106837272644,0.38906675577163696,-0.006458537187427282,0.6397898197174072,0.3864353597164154,-0.0016101287910714746,0.609330415725708,0.39890235662460327,-0.01895066350698471,0.6028523445129395,0.39759641885757446,-0.017009394243359566,0.5972899198532104,0.3953687846660614,-0.013832948170602322,0.593411386013031,0.39361175894737244,-0.00897638313472271,0.6163501739501953,0.3782726228237152,-0.021549059078097343,0.6232991814613342,0.37474682927131653,-0.020154505968093872,0.6296086311340332,0.3774918019771576,-0.016123740002512932,0.6339941024780273,0.3808526396751404,-0.011665062047541142,0.6373556852340698,0.3836623728275299,-0.006596257444471121,0.597108006477356,0.38450491428375244,-0.013852279633283615,0.6090205907821655,0.37597477436065674,-0.020934486761689186,0.6020946502685547,0.38005518913269043,-0.017689768224954605,0.597108006477356,0.38450491428375244,-0.013852279633283615,0.5932572484016418,0.38825279474258423,-0.00930734258145094,0.5905296802520752,0.3916284441947937,-0.004617210477590561,0.5926375389099121,0.39074453711509705,-0.006579256616532803,0.596222460269928,0.38915812969207764,-0.00905570574104786,0.5998668074607849,0.38784074783325195,-0.012114270590245724,0.6101323366165161,0.38622963428497314,-0.016468128189444542,0.6161408424377441,0.3862093389034271,-0.01683635078370571,0.6218244433403015,0.38513147830963135,-0.015736734494566917,0.6268143057823181,0.38444674015045166,-0.01322031207382679,0.6343140006065369,0.38520100712776184,-0.0068159340880811214,0.637754499912262,0.38600486516952515,-0.003995937295258045,0.5999473333358765,0.38779741525650024,-0.011125576682388783,0.604705274105072,0.3865548372268677,-0.013287254609167576,0.6101844906806946,0.38620996475219727,-0.015061777085065842,0.6161880493164062,0.3862893879413605,-0.015406053513288498,0.6218438148498535,0.38516509532928467,-0.014345230534672737,0.6268135905265808,0.38449883460998535,-0.012001332826912403,0.6320961117744446,0.38632407784461975,-0.011527174152433872,0.637754499912262,0.38600486516952515,-0.003995937295258045,0.6836792230606079,0.2961207628250122,0.07728167623281479,0.5379137992858887,0.3094515800476074,0.06955685466527939,0.6177974939346313,0.4314113259315491,-0.013606609776616096,0.5672492384910583,0.39911922812461853,0.00616099638864398,0.5618430972099304,0.32965442538261414,0.002893303520977497
ssirt0486.mp4,280,,,,,,,,,,,,,,,,,,,,,,,,,,,,,,,,,,,,,,,,,,,,,,,,,,,,,,,,,,,,,,,,0.6160454750061035,0.39882636070251465,-0.019090309739112854,0.6228824853897095,0.39759331941604614,-0.018292821943759918,0.6289988160133362,0.3948762118816376,-0.015565181151032448,0.6338436603546143,0.3913629949092865,-0.011846878565847874,0.6372420191764832,0.3885885775089264,-0.006453344132751226,0.6397747993469238,0.38582396507263184,-0.0015740174567326903,0.6090375185012817,0.3989582061767578,-0.019072236493229866,0.6025890707969666,0.3975865840911865,-0.0170982014387846,0.5970727205276489,0.3952615559101105,-0.013896872289478779,0.5932185649871826,0.393425315618515,-0.009011275134980679,0.6158686280250549,0.3779972195625305,-0.021614309400320053,0.6228927969932556,0.3744095265865326,-0.02021239697933197,0.6293521523475647,0.3770592212677002,-0.01615794748067856,0.6338528990745544,0.3803528845310211,-0.01166799757629633,0.6372857093811035,0.38310253620147705,-0.006572117563337088,0.5967667698860168,0.384246289730072,-0.013899295590817928,0.608522891998291,0.37574803829193115,-0.021009067073464394,0.601662814617157,0.37981554865837097,-0.017759131267666817,0.5967667698860168,0.384246289730072,-0.013899295590817928,0.5929999351501465,0.38798433542251587,-0.009334055706858635,0.5903357863426208,0.39136040210723877,-0.004636323545128107,0.5924530029296875,0.3904888927936554,-0.006600033957511187,0.5960474610328674,0.3889435827732086,-0.009088168852031231,0.5996462106704712,0.38766980171203613,-0.012160666286945343,0.6098062992095947,0.3860929608345032,-0.01653660647571087,0.6157872676849365,0.38603684306144714,-0.01690593734383583,0.621535062789917,0.3849017322063446,-0.01579214818775654,0.626603901386261,0.384135901927948,-0.013256289064884186,0.6342449188232422,0.3847257196903229,-0.006810392253100872,0.6377171874046326,0.38542765378952026,-0.003971514292061329,0.5996959209442139,0.38762757182121277,-0.011156735010445118,0.6043882369995117,0.3864264190196991,-0.013330670073628426,0.6098235249519348,0.3860868811607361,-0.015113371424376965,0.6158127784729004,0.38613325357437134,-0.015456841327250004,0.6215537786483765,0.38493913412094116,-0.014381813816726208,0.6266152262687683,0.38417261838912964,-0.012018798850476742,0.6319572925567627,0.3859516680240631,-0.011548304930329323,0.6377171874046326,0.38542765378952026,-0.003971514292061329,0.6834313869476318,0.29600608348846436,0.07740836590528488,0.5378618240356445,0.30928876996040344,0.06956857442855835,0.617675244808197,0.43131405115127563,-0.013775796629488468,0.5670623779296875,0.39882272481918335,0.006099475547671318,0.5617064237594604,0.3293100893497467,0.0028435061685740948
ssirt0486.mp4,281,,,,,,,,,,,,,,,,,,,,,,,,,,,,,,,,,,,,,,,,,,,,,,,,,,,,,,,,,,,,,,,,0.6161841750144958,0.3988698720932007,-0.018890254199504852,0.6230511665344238,0.3976336121559143,-0.01809840463101864,0.6291763186454773,0.3949196934700012,-0.015373519621789455,0.6340194940567017,0.3913993835449219,-0.011664303950965405,0.6374175548553467,0.388597309589386,-0.006291845813393593,0.6399539113044739,0.3858003318309784,-0.0014420776860788465,0.6091439723968506,0.3990042209625244,-0.018866006284952164,0.6026684045791626,0.3976507782936096,-0.016887303441762924,0.5971357226371765,0.39533644914627075,-0.013693002052605152,0.5932719111442566,0.39349687099456787,-0.008827513083815575,0.6158860325813293,0.37816542387008667,-0.021556567400693893,0.6229197382926941,0.37465211749076843,-0.020160885527729988,0.6294193267822266,0.377252459526062,-0.016099577769637108,0.6339602470397949,0.3804696500301361,-0.011587717570364475,0.6374329328536987,0.38314640522003174,-0.006467452272772789,0.5967790484428406,0.3843771815299988,-0.013793345540761948,0.6085272431373596,0.37598949670791626,-0.020945604890584946,0.6016691327095032,0.38000398874282837,-0.01767916791141033,0.5967790484428406,0.3843771815299988,-0.013793345540761948,0.593024492263794,0.38807347416877747,-0.009206417016685009,0.5903754830360413,0.3914214074611664,-0.004483321215957403,0.5924928784370422,0.3905630111694336,-0.006443649996072054,0.596101701259613,0.38905343413352966,-0.008921916596591473,0.5997037291526794,0.38780415058135986,-0.012000189162790775,0.6098660826683044,0.3862401843070984,-0.016394587233662605,0.615854024887085,0.3861674666404724,-0.016773683950304985,0.621619701385498,0.38504064083099365,-0.01566382683813572,0.6266998052597046,0.38426855206489563,-0.013126185163855553,0.6343715786933899,0.3847753703594208,-0.00666673481464386,0.6378876566886902,0.3854219913482666,-0.0038366117514669895,0.5997477173805237,0.38776895403862,-0.011044972576200962,0.604445219039917,0.38658657670021057,-0.01323835738003254,0.6098877191543579,0.38624000549316406,-0.015034371986985207,0.6158831715583801,0.3862711787223816,-0.015385039150714874,0.6216418743133545,0.3850909471511841,-0.014314700849354267,0.6267127990722656,0.3843252658843994,-0.011945851147174835,0.6320844888687134,0.3860310912132263,-0.011397880502045155,0.6378876566886902,0.3854219913482666,-0.0038366117514669895,0.6833155751228333,0.29559844732284546,0.07731875032186508,0.5379446744918823,0.30916279554367065,0.06953355669975281,0.6177470088005066,0.431572824716568,-0.013479175046086311,0.5671716332435608,0.3988797068595886,0.006251751445233822,0.5617049932479858,0.3294525444507599,0.00283492892049253
ssirt0486.mp4,282,,,,,,,,,,,,,,,,,,,,,,,,,,,,,,,,,,,,,,,,,,,,,,,,,,,,,,,,,,,,,,,,0.6161839962005615,0.3988555073738098,-0.018706535920500755,0.6230076551437378,0.3975425362586975,-0.017913086339831352,0.6290706396102905,0.39477214217185974,-0.015221738256514072,0.6338352560997009,0.3912809193134308,-0.011537502519786358,0.6371652483940125,0.38857758045196533,-0.006186101119965315,0.6396569013595581,0.3858758211135864,-0.0013587408466264606,0.6091156005859375,0.39906036853790283,-0.018706418573856354,0.6025769710540771,0.3977748453617096,-0.016786465421319008,0.5969699621200562,0.3955450654029846,-0.013632469810545444,0.5930489301681519,0.39377355575561523,-0.008806976489722729,0.6161599159240723,0.378132164478302,-0.021425075829029083,0.623150110244751,0.3745720386505127,-0.020020855590701103,0.6294718384742737,0.3771846294403076,-0.015967292711138725,0.6338726282119751,0.38044998049736023,-0.011474008671939373,0.6372220516204834,0.3831729292869568,-0.0063701714389026165,0.5967957973480225,0.38461434841156006,-0.013753216713666916,0.6088012456893921,0.3759746253490448,-0.02083149552345276,0.6018327474594116,0.38012468814849854,-0.01759997382760048,0.5967957973480225,0.38461434841156006,-0.013753216713666916,0.5929011106491089,0.3883749842643738,-0.009195567108690739,0.59013432264328,0.39174962043762207,-0.004492171574383974,0.5922694802284241,0.3908728361129761,-0.0064386120066046715,0.5958644151687622,0.3893257677555084,-0.008896304294466972,0.5995407700538635,0.38804173469543457,-0.011944993399083614,0.609900951385498,0.38637569546699524,-0.01628217101097107,0.6159589886665344,0.38626083731651306,-0.0166381374001503,0.621675968170166,0.38509899377822876,-0.015526078641414642,0.6266841292381287,0.3842995762825012,-0.012996445409953594,0.6341860890388489,0.3848041892051697,-0.006564926356077194,0.6376170516014099,0.38549283146858215,-0.003748237853869796,0.5996237397193909,0.3879840075969696,-0.011011309921741486,0.6044175028800964,0.386726051568985,-0.013180200941860676,0.6099423170089722,0.3863081932067871,-0.014951295219361782,0.6159917712211609,0.3862854242324829,-0.015280812047421932,0.621680736541748,0.3850909471511841,-0.014205753803253174,0.6266705393791199,0.38433676958084106,-0.011842654086649418,0.6319653987884521,0.38600561022758484,-0.011271782219409943,0.6376170516014099,0.38549283146858215,-0.003748237853869796,0.6830556392669678,0.2954743802547455,0.07729198038578033,0.5376096367835999,0.3092076778411865,0.0692615956068039,0.6176223158836365,0.4310084283351898,-0.013317462988197803,0.5670135021209717,0.39882129430770874,0.006218028720468283,0.5615178346633911,0.32939690351486206,0.0027723140083253384
ssirt0486.mp4,283,,,,,,,,,,,,,,,,,,,,,,,,,,,,,,,,,,,,,,,,,,,,,,,,,,,,,,,,,,,,,,,,0.6159561276435852,0.39967286586761475,-0.018766414374113083,0.622890293598175,0.39831477403640747,-0.017995551228523254,0.6290254592895508,0.39533156156539917,-0.01531440019607544,0.6338183879852295,0.391569048166275,-0.011645492166280746,0.6371482610702515,0.38869205117225647,-0.006318839266896248,0.6396222710609436,0.38591766357421875,-0.0014991239877417684,0.6088117361068726,0.3998103141784668,-0.01874546706676483,0.6022698283195496,0.39827752113342285,-0.016786592081189156,0.596750795841217,0.395757257938385,-0.013616221956908703,0.5929589867591858,0.39381617307662964,-0.008785220794379711,0.6160032153129578,0.37803715467453003,-0.021512901410460472,0.6230422258377075,0.374534547328949,-0.020128007978200912,0.6293891668319702,0.3771436810493469,-0.016095586121082306,0.6338084936141968,0.3804188072681427,-0.011615120805799961,0.6371837854385376,0.38315051794052124,-0.006520913448184729,0.5966799259185791,0.38446933031082153,-0.013750186190009117,0.6086463332176208,0.3758838176727295,-0.020886464044451714,0.6016901731491089,0.37995797395706177,-0.017618704587221146,0.5966799259185791,0.38446933031082153,-0.013750186190009117,0.5928545594215393,0.38827934861183167,-0.00917891412973404,0.5901533365249634,0.39173072576522827,-0.0044542718678712845,0.5922905802726746,0.3907919228076935,-0.006417732685804367,0.595829963684082,0.3891814351081848,-0.008881396614015102,0.5994529128074646,0.3878890872001648,-0.011949360370635986,0.609726071357727,0.38634124398231506,-0.0163319930434227,0.6157650351524353,0.38630062341690063,-0.01671433635056019,0.621494472026825,0.385104775428772,-0.015621650032699108,0.6265221834182739,0.3842533528804779,-0.01310797594487667,0.6340830326080322,0.3847395181655884,-0.006691891700029373,0.637573778629303,0.38548925518989563,-0.0038845937233418226,0.5995358824729919,0.3878104090690613,-0.011019176803529263,0.6042900681495667,0.38656285405158997,-0.01320731546729803,0.6097819805145264,0.38619139790534973,-0.015001019462943077,0.6158145070075989,0.3862428069114685,-0.015357818454504013,0.6215202808380127,0.38502973318099976,-0.014305253513157368,0.6265278458595276,0.3842628300189972,-0.01195729523897171,0.631874680519104,0.3860391676425934,-0.011394557543098927,0.637573778629303,0.38548925518989563,-0.0038845937233418226,0.68301922082901,0.2951771020889282,0.07714930176734924,0.537656843662262,0.30943745374679565,0.06961628794670105,0.6175005435943604,0.4312669038772583,-0.013319150544703007,0.567062497138977,0.39902862906455994,0.006334771402180195,0.5615426301956177,0.3295247256755829,0.002910030772909522
ssirt0486.mp4,284,,,,,,,,,,,,,,,,,,,,,,,,,,,,,,,,,,,,,,,,,,,,,,,,,,,,,,,,,,,,,,,,0.6162090301513672,0.3994932174682617,-0.018922200426459312,0.6229538917541504,0.3982175588607788,-0.018184151500463486,0.6289178133010864,0.3953656256198883,-0.015553970821201801,0.6335774660110474,0.3917625844478607,-0.011917020194232464,0.6368317008018494,0.38901287317276,-0.006615098100155592,0.6392555236816406,0.3862842321395874,-0.0017860097577795386,0.609126091003418,0.39962324500083923,-0.018881944939494133,0.6025921106338501,0.3981430232524872,-0.016918132081627846,0.5970334410667419,0.39570003747940063,-0.013743528164923191,0.5931755304336548,0.3938370645046234,-0.008903966285288334,0.6163183450698853,0.3783489763736725,-0.02159739099442959,0.6232771277427673,0.3748247027397156,-0.02023458294570446,0.6294686794281006,0.3773905634880066,-0.016245100647211075,0.63373863697052,0.38069459795951843,-0.011820806190371513,0.6369656324386597,0.38347479701042175,-0.006779347080737352,0.5968984365463257,0.38454774022102356,-0.013796241953969002,0.6089481115341187,0.37609148025512695,-0.020938241854310036,0.6019461154937744,0.3800981044769287,-0.017650267109274864,0.5968984365463257,0.38454774022102356,-0.013796241953969002,0.5930309891700745,0.3883395195007324,-0.009244115091860294,0.5903175473213196,0.3917894959449768,-0.004526509437710047,0.592403769493103,0.3908677101135254,-0.00651625357568264,0.5959311723709106,0.38928449153900146,-0.008994217030704021,0.5995902419090271,0.3880023956298828,-0.01205578912049532,0.609957218170166,0.3865460753440857,-0.016434337943792343,0.6160092353820801,0.38654327392578125,-0.016834789887070656,0.6216434836387634,0.38538309931755066,-0.01577250100672245,0.626554548740387,0.38454049825668335,-0.013296355493366718,0.6338646411895752,0.3850523829460144,-0.006962134037166834,0.6372393369674683,0.38580942153930664,-0.004164313897490501,0.5996755957603455,0.38792192935943604,-0.011073166504502296,0.6044847369194031,0.38670921325683594,-0.013244540430605412,0.6100168824195862,0.38639163970947266,-0.01503827515989542,0.6160600185394287,0.3864777386188507,-0.015416335314512253,0.6216815114021301,0.38530173897743225,-0.014393648132681847,0.6265778541564941,0.3845285475254059,-0.012086914852261543,0.6317289471626282,0.38630208373069763,-0.011629085056483746,0.6372393369674683,0.38580942153930664,-0.004164313897490501,0.6832510232925415,0.2952907681465149,0.07700485736131668,0.5376215577125549,0.30926018953323364,0.07005570083856583,0.6171444654464722,0.4314417243003845,-0.013468698598444462,0.5668900609016418,0.39899900555610657,0.00639685383066535,0.5614346861839294,0.32960277795791626,0.003106202930212021
ssirt0486.mp4,285,,,,,,,,,,,,,,,,,,,,,,,,,,,,,,,,,,,,,,,,,,,,,,,,,,,,,,,,,,,,,,,,0.6161826848983765,0.3993051052093506,-0.018792586401104927,0.6229200959205627,0.3980238735675812,-0.018025754019618034,0.6289310455322266,0.3951879143714905,-0.015409973450005054,0.6336811780929565,0.39157170057296753,-0.011785056442022324,0.6370179653167725,0.3887532353401184,-0.006491268984973431,0.6395246982574463,0.38594165444374084,-0.001662758062593639,0.6092110872268677,0.3994498550891876,-0.018801972270011902,0.6027573347091675,0.3980143368244171,-0.01692403480410576,0.5972282886505127,0.3955862820148468,-0.01380408089607954,0.5933598279953003,0.3936878442764282,-0.009017479605972767,0.6160916090011597,0.37838083505630493,-0.02148984931409359,0.6229953169822693,0.3748198449611664,-0.020090540871024132,0.6292644739151001,0.377411812543869,-0.016085822135210037,0.633666455745697,0.3806363642215729,-0.011670855805277824,0.6370499134063721,0.3833092451095581,-0.006637774873524904,0.5970330834388733,0.3845471143722534,-0.013856155797839165,0.6088044047355652,0.37612998485565186,-0.020869916304945946,0.6019712090492249,0.38015204668045044,-0.017648259177803993,0.5970330834388733,0.3845471143722534,-0.013856155797839165,0.5931981205940247,0.3882504105567932,-0.009360789321362972,0.5904772877693176,0.39156442880630493,-0.00468349177390337,0.5925522446632385,0.3907264471054077,-0.006647647358477116,0.5961059927940369,0.3892194330692291,-0.009097768925130367,0.5997177362442017,0.38799312710762024,-0.012116115540266037,0.6099299788475037,0.386491060256958,-0.01640506647527218,0.6159094572067261,0.386430948972702,-0.01675833761692047,0.6215795874595642,0.385271817445755,-0.015666700899600983,0.6265652775764465,0.3844572901725769,-0.013179917819797993,0.6340601444244385,0.38492506742477417,-0.006849840749055147,0.6375067234039307,0.385588675737381,-0.004052079748362303,0.5998249650001526,0.3879415690898895,-0.01113077625632286,0.6045543551445007,0.3867388963699341,-0.013257534243166447,0.610001802444458,0.38638338446617126,-0.0150043535977602,0.6159738898277283,0.38642919063568115,-0.015335088595747948,0.6216262578964233,0.3852425515651703,-0.014284106902778149,0.6265944242477417,0.3844941258430481,-0.01197018288075924,0.631829023361206,0.3861638009548187,-0.011502299457788467,0.6375067234039307,0.385588675737381,-0.004052079748362303,0.6830075979232788,0.2952664792537689,0.07711582630872726,0.537616491317749,0.3096976578235626,0.06945466995239258,0.617673933506012,0.43100351095199585,-0.013384110294282436,0.567270815372467,0.3991275429725647,0.006163217592984438,0.5617163777351379,0.3297182023525238,0.002899551996961236
ssirt0486.mp4,286,,,,,,,,,,,,,,,,,,,,,,,,,,,,,,,,,,,,,,,,,,,,,,,,,,,,,,,,,,,,,,,,0.6161234378814697,0.39933764934539795,-0.018816499039530754,0.6228131651878357,0.3980647921562195,-0.018089106306433678,0.6287209391593933,0.3952069878578186,-0.015534118749201298,0.633333683013916,0.3916051983833313,-0.011950577609241009,0.6365588307380676,0.38887298107147217,-0.006694932002574205,0.6389559507369995,0.3861812949180603,-0.0018654093146324158,0.609093189239502,0.3994545042514801,-0.018806008622050285,0.6026021838188171,0.39795157313346863,-0.016924558207392693,0.5970668196678162,0.3954963982105255,-0.013806406408548355,0.593214213848114,0.3936409652233124,-0.009017666801810265,0.6161638498306274,0.37844040989875793,-0.021462829783558846,0.6230725049972534,0.37494832277297974,-0.020094210281968117,0.6292112469673157,0.3774535059928894,-0.01613708771765232,0.6334506273269653,0.3806951642036438,-0.011788144707679749,0.6366670727729797,0.3834235668182373,-0.006814266555011272,0.5969114899635315,0.3844694495201111,-0.013793373480439186,0.6088482141494751,0.3761855959892273,-0.020810488611459732,0.6019123196601868,0.3800966143608093,-0.01756647229194641,0.5969114899635315,0.3844694495201111,-0.013793373480439186,0.5930598378181458,0.3882141411304474,-0.009317951276898384,0.5903480648994446,0.39161771535873413,-0.004647395107895136,0.5924285650253296,0.3907102942466736,-0.006635776720941067,0.5959525108337402,0.38913488388061523,-0.009105836972594261,0.5996018648147583,0.3878684341907501,-0.012124329805374146,0.6099002957344055,0.38647040724754333,-0.01641368493437767,0.615902304649353,0.3864805996417999,-0.01678830198943615,0.6214854121208191,0.38532936573028564,-0.015732189640402794,0.626353919506073,0.3844764232635498,-0.01328813936561346,0.6336154341697693,0.38496553897857666,-0.007039512041956186,0.6369580030441284,0.3857123851776123,-0.004246317315846682,0.5996589660644531,0.38781097531318665,-0.011063876561820507,0.6044327616691589,0.3866264224052429,-0.013168147765100002,0.6099238991737366,0.3863309621810913,-0.01491180807352066,0.6159225106239319,0.386430561542511,-0.015264973975718021,0.6215059757232666,0.3852577805519104,-0.0142502561211586,0.6263696551322937,0.38447171449661255,-0.011986364610493183,0.6314912438392639,0.38621237874031067,-0.01164964772760868,0.6369580030441284,0.3857123851776123,-0.004246317315846682,0.683164119720459,0.2950649857521057,0.07685095071792603,0.5376187562942505,0.3093564808368683,0.06982960551977158,0.6171578168869019,0.4310404062271118,-0.013382332399487495,0.567072868347168,0.3991302251815796,0.006326334085315466,0.5616515278816223,0.3296998143196106,0.0031054792925715446
ssirt0486.mp4,287,,,,,,,,,,,,,,,,,,,,,,,,,,,,,,,,,,,,,,,,,,,,,,,,,,,,,,,,,,,,,,,,0.6161909103393555,0.3994593620300293,-0.018689462915062904,0.6228999495506287,0.39819014072418213,-0.017948243767023087,0.6288308501243591,0.395321249961853,-0.015373220667243004,0.6334633827209473,0.39167702198028564,-0.011783983558416367,0.6366993188858032,0.3888859748840332,-0.006530917249619961,0.6391168236732483,0.38613200187683105,-0.0017193674575537443,0.6091570854187012,0.3995785713195801,-0.018687263131141663,0.6026527285575867,0.39807090163230896,-0.016806619241833687,0.5970970988273621,0.3955838084220886,-0.013693345710635185,0.5932251214981079,0.3936818838119507,-0.0089191272854805,0.616241455078125,0.37831583619117737,-0.021435588598251343,0.6231362223625183,0.3747939467430115,-0.020058056339621544,0.629281222820282,0.3773843050003052,-0.016081370413303375,0.6335391998291016,0.38066351413726807,-0.011697462759912014,0.6367812156677246,0.38339775800704956,-0.006691833026707172,0.5969690680503845,0.3844491243362427,-0.013759268447756767,0.6089227795600891,0.3760265111923218,-0.020794274285435677,0.6019843220710754,0.3800254464149475,-0.017552312463521957,0.5969690680503845,0.3844491243362427,-0.013759268447756767,0.5930927395820618,0.38820764422416687,-0.009265000931918621,0.5903480648994446,0.3916044235229492,-0.004576942417770624,0.5924243330955505,0.3907203674316406,-0.00655621150508523,0.5959771275520325,0.38915783166885376,-0.009012486785650253,0.599635124206543,0.38789236545562744,-0.012030377984046936,0.6099520325660706,0.38643917441368103,-0.01632337085902691,0.6159599423408508,0.38643673062324524,-0.016690567135810852,0.6215609908103943,0.3852860927581787,-0.015620854683220387,0.6264468431472778,0.38445624709129333,-0.013162607327103615,0.6337431073188782,0.3849645256996155,-0.0068880426697432995,0.6371160745620728,0.3856992721557617,-0.00410151993855834,0.5997167825698853,0.38782989978790283,-0.011028592474758625,0.6045066118240356,0.3866250514984131,-0.013150197453796864,0.6100053191184998,0.38631048798561096,-0.014900156296789646,0.6160072684288025,0.3864066004753113,-0.015247099101543427,0.6215972900390625,0.3852342367172241,-0.01421930268406868,0.6264711618423462,0.3844708800315857,-0.011934139765799046,0.6316128969192505,0.38622039556503296,-0.0115025220438838,0.6371160745620728,0.3856992721557617,-0.00410151993855834,0.6831167936325073,0.29505497217178345,0.0768754631280899,0.5376126766204834,0.30933326482772827,0.06967713683843613,0.6173028945922852,0.43106573820114136,-0.013225357048213482,0.5671153664588928,0.3990126848220825,0.006350118666887283,0.5616774559020996,0.3296315371990204,0.003021976677700877
ssirt0486.mp4,288,,,,,,,,,,,,,,,,,,,,,,,,,,,,,,,,,,,,,,,,,,,,,,,,,,,,,,,,,,,,,,,,0.6159107089042664,0.39949724078178406,-0.019022902473807335,0.622719407081604,0.39820146560668945,-0.018297068774700165,0.6287554502487183,0.39530500769615173,-0.015701109543442726,0.6334966421127319,0.3916383385658264,-0.012077093124389648,0.6368103623390198,0.3888379633426666,-0.006772836670279503,0.6392747759819031,0.386109322309494,-0.0019394649425521493,0.6088680028915405,0.3996151089668274,-0.018969237804412842,0.6023971438407898,0.3981015086174011,-0.017001589760184288,0.5969101190567017,0.3956148028373718,-0.01381766889244318,0.5931166410446167,0.3937279284000397,-0.008954321034252644,0.6159190535545349,0.3783763349056244,-0.021511472761631012,0.6228789687156677,0.3748580813407898,-0.02017015404999256,0.6291606426239014,0.3774433135986328,-0.016226554289460182,0.6335300207138062,0.38069573044776917,-0.01186183001846075,0.6368687152862549,0.38340744376182556,-0.00687131192535162,0.5967888236045837,0.3845294713973999,-0.013740597292780876,0.6085980534553528,0.3761262893676758,-0.020841682329773903,0.601722776889801,0.3801134526729584,-0.0175620149821043,0.5967888236045837,0.3845294713973999,-0.013740597292780876,0.5929873585700989,0.3882884383201599,-0.009226096794009209,0.5903017520904541,0.391679972410202,-0.004556185100227594,0.5923935174942017,0.39079082012176514,-0.00654809083789587,0.5959312319755554,0.38919928669929504,-0.009041190147399902,0.599526047706604,0.38793736696243286,-0.012107587419450283,0.609709620475769,0.3864997625350952,-0.01648787036538124,0.6156874299049377,0.3864884376525879,-0.01689864695072174,0.6213614344596863,0.3853123188018799,-0.015852997079491615,0.6263348460197449,0.3844606578350067,-0.01339626032859087,0.6338032484054565,0.3849560022354126,-0.0071012042462825775,0.6372448801994324,0.38569891452789307,-0.004302322864532471,0.5996369123458862,0.3878801465034485,-0.011038911528885365,0.6043575406074524,0.38667821884155273,-0.013186771422624588,0.6097965836524963,0.3863619565963745,-0.014972206205129623,0.615760326385498,0.3864513039588928,-0.015357409603893757,0.6214110851287842,0.3852631151676178,-0.014355911873281002,0.6263689398765564,0.38448861241340637,-0.01208337303251028,0.6316092014312744,0.3862047493457794,-0.011756387539207935,0.6372448801994324,0.38569891452789307,-0.004302322864532471,0.6833160519599915,0.2953357398509979,0.07664530724287033,0.5379140377044678,0.3094201982021332,0.07003670185804367,0.6172498464584351,0.4312320649623871,-0.013683917000889778,0.5670424103736877,0.3992210626602173,0.006367827765643597,0.5616703629493713,0.32959312200546265,0.003257208038121462
ssirt0486.mp4,289,,,,,,,,,,,,,,,,,,,,,,,,,,,,,,,,,,,,,,,,,,,,,,,,,,,,,,,,,,,,,,,,0.6159994006156921,0.39947032928466797,-0.019060730934143066,0.6228176951408386,0.39815667271614075,-0.018303893506526947,0.6288880705833435,0.3952515721321106,-0.015646301209926605,0.633679986000061,0.39158526062965393,-0.011976218782365322,0.63703852891922,0.3887726664543152,-0.006621764041483402,0.6395612359046936,0.3860107660293579,-0.0017755773151293397,0.6089627146720886,0.3996031880378723,-0.01901095174252987,0.6024868488311768,0.3981117308139801,-0.01703355275094509,0.59698885679245,0.3956298828125,-0.013836197555065155,0.5931766033172607,0.3937179446220398,-0.008953058160841465,0.616011917591095,0.378276526927948,-0.021519195288419724,0.6229647994041443,0.3747331202030182,-0.020160391926765442,0.6292559504508972,0.3773924708366394,-0.016179360449314117,0.633669376373291,0.3806610703468323,-0.0117654949426651,0.6370685696601868,0.38335174322128296,-0.0067294081673026085,0.5968995094299316,0.38457709550857544,-0.013774850405752659,0.6087158918380737,0.376046359539032,-0.020874833688139915,0.6018581986427307,0.3801352381706238,-0.017609454691410065,0.5968995094299316,0.38457709550857544,-0.013774850405752659,0.5930680632591248,0.3882996737957001,-0.00924256257712841,0.590337872505188,0.39163559675216675,-0.004568024538457394,0.5924471020698547,0.39076703786849976,-0.0065472861751914024,0.5959907174110413,0.3892070949077606,-0.009036310017108917,0.5995946526527405,0.3879517614841461,-0.0121152950450778,0.6098035573959351,0.38643649220466614,-0.01651189848780632,0.615799605846405,0.38639891147613525,-0.01691252738237381,0.6214965581893921,0.38522934913635254,-0.015843095257878304,0.6265038251876831,0.3844190835952759,-0.013347147963941097,0.6340449452400208,0.38492515683174133,-0.006965193897485733,0.637525200843811,0.3856367766857147,-0.004148621112108231,0.5997084975242615,0.3879038691520691,-0.011069037951529026,0.6044341325759888,0.3866746127605438,-0.013233745470643044,0.6098777651786804,0.38630735874176025,-0.015023664571344852,0.6158546209335327,0.38636481761932373,-0.015395427122712135,0.621526300907135,0.3851780891418457,-0.014368412084877491,0.6265119314193726,0.3844480514526367,-0.012058309279382229,0.631808340549469,0.38615888357162476,-0.01167383138090372,0.637525200843811,0.3856367766857147,-0.004148621112108231,0.6833086013793945,0.2952614426612854,0.07695377618074417,0.5378821492195129,0.3093489408493042,0.06984082609415054,0.6174888610839844,0.4311397075653076,-0.013710749335587025,0.5670036673545837,0.3990939259529114,0.006267157383263111,0.5615854859352112,0.3295244872570038,0.0031038031447678804
ssirt0486.mp4,290,,,,,,,,,,,,,,,,,,,,,,,,,,,,,,,,,,,,,,,,,,,,,,,,,,,,,,,,,,,,,,,,0.6160262823104858,0.39946311712265015,-0.019080614671111107,0.6228412389755249,0.39815324544906616,-0.01833317056298256,0.6288871765136719,0.3952564001083374,-0.015673073008656502,0.6336358785629272,0.3915812373161316,-0.011994356289505959,0.6369453072547913,0.3887649178504944,-0.006626260932534933,0.6394181251525879,0.3860233426094055,-0.0017701874021440744,0.608923077583313,0.3996005058288574,-0.019016927108168602,0.6023910045623779,0.39811113476753235,-0.017005667090415955,0.5968436002731323,0.3956373333930969,-0.013779137283563614,0.593009352684021,0.3937429189682007,-0.008863864466547966,0.6161037087440491,0.37840181589126587,-0.02150050550699234,0.6230751872062683,0.3748261332511902,-0.02015746384859085,0.629309356212616,0.37741169333457947,-0.016183238476514816,0.6336508393287659,0.3806544840335846,-0.011769836768507957,0.6369807124137878,0.3833393454551697,-0.006731123197823763,0.5967978239059448,0.3846210241317749,-0.013698546215891838,0.6087445616722107,0.37614208459854126,-0.020845144987106323,0.6018106341362,0.38020095229148865,-0.017554761841893196,0.5967978239059448,0.3846210241317749,-0.013698546215891838,0.592923104763031,0.38834136724472046,-0.009145296178758144,0.5901584029197693,0.39170241355895996,-0.0044532218016684055,0.5922835469245911,0.3908219337463379,-0.006443524267524481,0.5958499312400818,0.38922959566116333,-0.008952793665230274,0.5994977951049805,0.38794684410095215,-0.012049118988215923,0.6098041534423828,0.3864254355430603,-0.01647499017417431,0.6158448457717896,0.38640570640563965,-0.01688835769891739,0.6215184330940247,0.38522619009017944,-0.015827547758817673,0.6264849305152893,0.3843989670276642,-0.013337585143744946,0.6339398622512817,0.38490691781044006,-0.0069618006236851215,0.6373776197433472,0.38563328981399536,-0.004137963987886906,0.5995905995368958,0.387893408536911,-0.010982449166476727,0.6043654680252075,0.3866693079471588,-0.01315628457814455,0.6098589897155762,0.38632732629776,-0.014959330670535564,0.6158843040466309,0.3864005208015442,-0.015345201827585697,0.6215370893478394,0.3851975202560425,-0.01432674378156662,0.6264874339103699,0.38442564010620117,-0.012023083865642548,0.6317557692527771,0.3861570358276367,-0.011674541980028152,0.6373776197433472,0.38563328981399536,-0.004137963987886906,0.6833510994911194,0.29532384872436523,0.07686406373977661,0.5379038453102112,0.30941107869148254,0.07011967152357101,0.6173324584960938,0.43114256858825684,-0.013744102790951729,0.5669103860855103,0.3990890681743622,0.006423845421522856,0.5615044832229614,0.32950058579444885,0.0032310374081134796
ssirt0486.mp4,291,,,,,,,,,,,,,,,,,,,,,,,,,,,,,,,,,,,,,,,,,,,,,,,,,,,,,,,,,,,,,,,,0.6164984703063965,0.4006606340408325,-0.019320420920848846,0.623275876045227,0.39946338534355164,-0.018610822036862373,0.6292555928230286,0.3965417146682739,-0.016006380319595337,0.6339248418807983,0.3927833139896393,-0.01236766017973423,0.6371598243713379,0.38992947340011597,-0.007039373274892569,0.6395453810691833,0.387185662984848,-0.0021720314398407936,0.609393835067749,0.4005882441997528,-0.019233454018831253,0.6029000878334045,0.3987738788127899,-0.017211927101016045,0.5973970293998718,0.39604032039642334,-0.013986635953187943,0.5935983061790466,0.3940221071243286,-0.009073141030967236,0.6166616082191467,0.37888476252555847,-0.02165810391306877,0.6236423254013062,0.37543296813964844,-0.020335575565695763,0.6298626065254211,0.3780790865421295,-0.01641063019633293,0.6341009140014648,0.38146328926086426,-0.012067065574228764,0.6372987031936646,0.38429713249206543,-0.0070931133814156055,0.5972998738288879,0.3847055435180664,-0.013818489387631416,0.6092783808708191,0.3764572739601135,-0.020961517468094826,0.6022948026657104,0.3803325891494751,-0.017651483416557312,0.5972998738288879,0.3847055435180664,-0.013818489387631416,0.5934783220291138,0.3884551525115967,-0.00929686613380909,0.5907881259918213,0.39191490411758423,-0.004626765847206116,0.5928956866264343,0.39102262258529663,-0.006635493133217096,0.5964057445526123,0.38947850465774536,-0.009153084829449654,0.6000115871429443,0.3882623314857483,-0.01224671583622694,0.6102822422981262,0.38711562752723694,-0.01667909324169159,0.6163017153739929,0.38726747035980225,-0.017117280513048172,0.6219227910041809,0.3861573040485382,-0.016091154888272285,0.6268218159675598,0.38531458377838135,-0.013640829361975193,0.6340928673744202,0.3858528733253479,-0.007346421480178833,0.6374889016151428,0.38667845726013184,-0.004537773784250021,0.6001183986663818,0.38815614581108093,-0.011127368547022343,0.6048864126205444,0.3870832920074463,-0.013285302557051182,0.6103836894035339,0.3869365453720093,-0.015093354508280754,0.6163963675498962,0.38716888427734375,-0.01550474762916565,0.621992826461792,0.38606390357017517,-0.014522249810397625,0.6268767714500427,0.3852875232696533,-0.012261220254004002,0.6320186257362366,0.387159138917923,-0.012029008939862251,0.6374889016151428,0.38667845726013184,-0.004537773784250021,0.6841856837272644,0.296191543340683,0.07671324163675308,0.5380043387413025,0.30875784158706665,0.07049582153558731,0.6170180439949036,0.43211549520492554,-0.01398406457155943,0.5670337080955505,0.3993622064590454,0.006341952830553055,0.5619034767150879,0.32957929372787476,0.0033570327796041965
ssirt0486.mp4,292,,,,,,,,,,,,,,,,,,,,,,,,,,,,,,,,,,,,,,,,,,,,,,,,,,,,,,,,,,,,,,,,0.6167111992835999,0.40044960379600525,-0.0189726073294878,0.623487114906311,0.3992560803890228,-0.018222026526927948,0.6294957399368286,0.3963607847690582,-0.015559871681034565,0.6342038512229919,0.3926364481449127,-0.011904808692634106,0.6374972462654114,0.389750599861145,-0.006591008976101875,0.6399946212768555,0.38689208030700684,-0.001781752798706293,0.6096567511558533,0.40041792392730713,-0.018913881853222847,0.6031618714332581,0.39868247509002686,-0.016922613605856895,0.5976330041885376,0.39596813917160034,-0.013732317835092545,0.5937671661376953,0.39389535784721375,-0.008874817751348019,0.6167357563972473,0.3788203299045563,-0.021581264212727547,0.6236611604690552,0.37537163496017456,-0.020224258303642273,0.6298989057540894,0.37813305854797363,-0.016241002827882767,0.6342352628707886,0.38147664070129395,-0.011806482449173927,0.6375607252120972,0.384209543466568,-0.006756423972547054,0.5974782109260559,0.3847498893737793,-0.013784109614789486,0.6094135046005249,0.3764280080795288,-0.020927054807543755,0.6024842262268066,0.38040030002593994,-0.017651598900556564,0.5974782109260559,0.3847498893737793,-0.013784109614789486,0.5936216711997986,0.38839325308799744,-0.009221583604812622,0.5908857583999634,0.3916749358177185,-0.0045175026170909405,0.59297114610672,0.3908660411834717,-0.006494424305856228,0.5965390801429749,0.389448344707489,-0.008958353661000729,0.60016930103302,0.38830694556236267,-0.012035716325044632,0.6104553937911987,0.38707423210144043,-0.0164481271058321,0.6164690852165222,0.3871586322784424,-0.016858519986271858,0.6221283674240112,0.38607650995254517,-0.01579083316028118,0.6270788311958313,0.3853018581867218,-0.013297051191329956,0.6344791650772095,0.3857947289943695,-0.006929643917828798,0.6379566192626953,0.3864957094192505,-0.004146602936089039,0.600266695022583,0.38823163509368896,-0.011102910153567791,0.6050417423248291,0.3871327042579651,-0.013301766477525234,0.6105360388755798,0.3868984282016754,-0.015112392604351044,0.6165422797203064,0.38707542419433594,-0.015495242550969124,0.6221845149993896,0.38598376512527466,-0.014469611458480358,0.6271188259124756,0.3853023648262024,-0.012146233581006527,0.6323240995407104,0.3870833218097687,-0.011623553931713104,0.6379566192626953,0.3864957094192505,-0.004146602936089039,0.6842197179794312,0.2967638671398163,0.07690361142158508,0.5381673574447632,0.3089406490325928,0.0698426142334938,0.6175146102905273,0.43205296993255615,-0.013555887155234814,0.567225992679596,0.39902451634407043,0.0062784356996417046,0.5619465708732605,0.3295162320137024,0.0030260158237069845
ssirt0486.mp4,293,,,,,,,,,,,,,,,,,,,,,,,,,,,,,,,,,,,,,,,,,,,,,,,,,,,,,,,,,,,,,,,,0.6167834997177124,0.4003366529941559,-0.01886204443871975,0.6235769391059875,0.399105966091156,-0.018090607598423958,0.6296032667160034,0.3962050676345825,-0.015397428534924984,0.6343279480934143,0.392457515001297,-0.011707768775522709,0.6376137733459473,0.3895300626754761,-0.006345439702272415,0.6400814652442932,0.38666778802871704,-0.0015196555759757757,0.6096721291542053,0.40035000443458557,-0.018814168870449066,0.603137195110321,0.3986659348011017,-0.016820142045617104,0.5975789427757263,0.39598867297172546,-0.01361510343849659,0.5937148332595825,0.3939174711704254,-0.008736134506762028,0.6168568134307861,0.3790256977081299,-0.02144310623407364,0.6238171458244324,0.3754958510398865,-0.02007482387125492,0.6300145983695984,0.3781065046787262,-0.016060225665569305,0.6343271136283875,0.3813400864601135,-0.011596300639212132,0.6376389265060425,0.3840051293373108,-0.0065147471614181995,0.5975186228752136,0.3848815858364105,-0.013678239658474922,0.6094927191734314,0.37666118144989014,-0.020818691700696945,0.6025481224060059,0.38059908151626587,-0.017551545053720474,0.5975186228752136,0.3848815858364105,-0.013678239658474922,0.5936237573623657,0.388471394777298,-0.009099660441279411,0.5908376574516296,0.3917260468006134,-0.004384083207696676,0.5929391980171204,0.3909003734588623,-0.006348748691380024,0.596542239189148,0.3894444704055786,-0.008828866295516491,0.6002022624015808,0.38826999068260193,-0.011918089352548122,0.6105366349220276,0.3869670629501343,-0.016330908983945847,0.6165924668312073,0.387043833732605,-0.01672503538429737,0.6222506761550903,0.38590702414512634,-0.01563897356390953,0.6271947622299194,0.3850977420806885,-0.013121670112013817,0.634596586227417,0.3855805993080139,-0.006701326463371515,0.638053834438324,0.38627198338508606,-0.0038921101950109005,0.6002733707427979,0.38820499181747437,-0.010962620377540588,0.6050668358802795,0.38709717988967896,-0.01315855048596859,0.6105771660804749,0.38686370849609375,-0.014962233603000641,0.616625964641571,0.38703787326812744,-0.01532734464854002,0.6222742199897766,0.38586586713790894,-0.014281046576797962,0.6272051930427551,0.3851032853126526,-0.01193732675164938,0.6324427127838135,0.38690438866615295,-0.011425781063735485,0.638053834438324,0.38627198338508606,-0.0038921101950109005,0.6840134859085083,0.2966674566268921,0.07711062580347061,0.5382183194160461,0.3091914653778076,0.06969582289457321,0.6177446842193604,0.4318637251853943,-0.013462607748806477,0.5673096179962158,0.39911696314811707,0.006357408594340086,0.5619931221008301,0.32968100905418396,0.0029616013634949923
ssirt0486.mp4,294,,,,,,,,,,,,,,,,,,,,,,,,,,,,,,,,,,,,,,,,,,,,,,,,,,,,,,,,,,,,,,,,0.6167928576469421,0.4004422724246979,-0.018831320106983185,0.6236063838005066,0.39922356605529785,-0.01805935800075531,0.6296533346176147,0.3963009715080261,-0.015382341109216213,0.6343985795974731,0.3925449848175049,-0.011707211844623089,0.6377074718475342,0.38963383436203003,-0.006363217253237963,0.6402019262313843,0.38678815960884094,-0.0015445809112861753,0.6097427010536194,0.40040987730026245,-0.01879769191145897,0.6032713651657104,0.39865848422050476,-0.01683047227561474,0.5977741479873657,0.3959200382232666,-0.013649568893015385,0.5939462780952454,0.39381563663482666,-0.008799445815384388,0.6167957186698914,0.378865122795105,-0.021416332572698593,0.6237394213676453,0.37541887164115906,-0.02003871090710163,0.6300109028816223,0.3781362473964691,-0.016028136014938354,0.6343785524368286,0.38142862915992737,-0.01158321462571621,0.6377373933792114,0.38412582874298096,-0.006518078502267599,0.5976549386978149,0.3847409188747406,-0.013704470358788967,0.6094983220100403,0.376507431268692,-0.02079666778445244,0.6026180982589722,0.3804384171962738,-0.01754794828593731,0.5976549386978149,0.3847409188747406,-0.013704470358788967,0.5938245058059692,0.38834062218666077,-0.009155594743788242,0.591095507144928,0.39158669114112854,-0.004465647041797638,0.5931945443153381,0.3907812535762787,-0.006420039106160402,0.596757173538208,0.3893738090991974,-0.008889216929674149,0.6003627777099609,0.3882494866847992,-0.01196449063718319,0.6105777025222778,0.3870371878147125,-0.01635105349123478,0.6165680289268494,0.38711902499198914,-0.016736147925257683,0.622239887714386,0.3860245645046234,-0.015648290514945984,0.6272170543670654,0.3852385878562927,-0.01313359197229147,0.6346776485443115,0.3857104480266571,-0.006723739672452211,0.6381627917289734,0.38640233874320984,-0.003917578142136335,0.6004513502120972,0.3881775438785553,-0.010992116294801235,0.6051871180534363,0.38710325956344604,-0.013169476762413979,0.6106444597244263,0.3868784010410309,-0.014957776293158531,0.61662757396698,0.3870503604412079,-0.015312624163925648,0.6222831606864929,0.38593950867652893,-0.01426540594547987,0.627245306968689,0.3852382004261017,-0.011927253566682339,0.6325023770332336,0.38701319694519043,-0.011437857523560524,0.6381627917289734,0.38640233874320984,-0.003917578142136335,0.6839008331298828,0.2966686487197876,0.076970174908638,0.5383293628692627,0.3091428577899933,0.06934402137994766,0.6179067492485046,0.4318316578865051,-0.013462922535836697,0.5675960779190063,0.39919477701187134,0.006242772098630667,0.5622966289520264,0.3296024203300476,0.0029147572349756956
ssirt0486.mp4,295,,,,,,,,,,,,,,,,,,,,,,,,,,,,,,,,,,,,,,,,,,,,,,,,,,,,,,,,,,,,,,,,0.6168594360351562,0.40031901001930237,-0.01909833587706089,0.623674213886261,0.3991323709487915,-0.018327901139855385,0.6297155022621155,0.3962649703025818,-0.015636535361409187,0.63443922996521,0.39258912205696106,-0.011949853040277958,0.6377274990081787,0.38976725935935974,-0.006587842013686895,0.6401927471160889,0.3869859576225281,-0.0017364508239552379,0.6097857356071472,0.40028369426727295,-0.019057562574744225,0.6032870411872864,0.39855024218559265,-0.017065078020095825,0.5977666974067688,0.395851194858551,-0.013865143992006779,0.5939310193061829,0.39379966259002686,-0.00899000559002161,0.6169751286506653,0.37867271900177,-0.02153821475803852,0.6239250302314758,0.3753061294555664,-0.020165860652923584,0.6301863193511963,0.3780747354030609,-0.016168557107448578,0.6345155239105225,0.38144397735595703,-0.011740720830857754,0.6378188133239746,0.38422733545303345,-0.006694605574011803,0.5976791977882385,0.38464662432670593,-0.013821820728480816,0.609653115272522,0.376341313123703,-0.020907772704958916,0.6026965975761414,0.38029611110687256,-0.017654402181506157,0.5976791977882385,0.38464662432670593,-0.013821820728480816,0.5938162803649902,0.38830143213272095,-0.009290197864174843,0.5910919308662415,0.3916071653366089,-0.004619440995156765,0.5931898355484009,0.3907885253429413,-0.006579981185495853,0.5967282652854919,0.3893531262874603,-0.009060925804078579,0.6003547310829163,0.3882029056549072,-0.012143094092607498,0.610645055770874,0.38696059584617615,-0.0165408868342638,0.6166632771492004,0.38704389333724976,-0.01693263091146946,0.6223326921463013,0.385992169380188,-0.01584703102707863,0.6272972822189331,0.38525527715682983,-0.01333538070321083,0.6347046494483948,0.3858186602592468,-0.006928238086402416,0.638155460357666,0.38656580448150635,-0.004111241549253464,0.6004666686058044,0.38811129331588745,-0.011116104200482368,0.6052427887916565,0.387015700340271,-0.013284583576023579,0.6107414960861206,0.3867780566215515,-0.015074420720338821,0.6167502999305725,0.3869478404521942,-0.015437165275216103,0.6223953366279602,0.3858896493911743,-0.0143957594409585,0.6273398995399475,0.38524189591407776,-0.012066595256328583,0.6325563788414001,0.38707268238067627,-0.01165755558758974,0.638155460357666,0.38656580448150635,-0.004111241549253464,0.6840710043907166,0.29667243361473083,0.07708514481782913,0.5385259985923767,0.3089796006679535,0.06963822990655899,0.6177997589111328,0.4317372441291809,-0.013780532404780388,0.5676156878471375,0.3991064429283142,0.006123602855950594,0.562382161617279,0.3294191062450409,0.0029653673991560936
ssirt0486.mp4,296,,,,,,,,,,,,,,,,,,,,,,,,,,,,,,,,,,,,,,,,,,,,,,,,,,,,,,,,,,,,,,,,0.6168894171714783,0.4002634882926941,-0.019006507471203804,0.6237044930458069,0.3990449905395508,-0.018221138045191765,0.6297206878662109,0.39613476395606995,-0.015521196648478508,0.6344071626663208,0.3923952281475067,-0.01182735338807106,0.6376638412475586,0.3895205557346344,-0.006455407943576574,0.6401011943817139,0.386732280254364,-0.0015920777805149555,0.6097619533538818,0.40025439858436584,-0.01898830570280552,0.6032118797302246,0.3985368013381958,-0.017023460939526558,0.5976455211639404,0.3958438038825989,-0.013837992213666439,0.5937819480895996,0.3937952518463135,-0.008975832723081112,0.6169923543930054,0.378827303647995,-0.021488947793841362,0.6239629983901978,0.37539246678352356,-0.02009943686425686,0.6301563382148743,0.37805506587028503,-0.01607699878513813,0.6344411969184875,0.38133060932159424,-0.011630713008344173,0.6377187967300415,0.38402801752090454,-0.006569164805114269,0.5975948572158813,0.3846931755542755,-0.013821582309901714,0.6096329092979431,0.3764634132385254,-0.02088152803480625,0.6026497483253479,0.3803766369819641,-0.01764604076743126,0.5975948572158813,0.3846931755542755,-0.013821582309901714,0.5936920642852783,0.3883349895477295,-0.009291170164942741,0.5909132957458496,0.39164239168167114,-0.00461020739749074,0.5930294990539551,0.3908032476902008,-0.006568808574229479,0.5966061353683472,0.38932010531425476,-0.009051022119820118,0.6002759337425232,0.3881258964538574,-0.012117805890738964,0.6106423139572144,0.3868412375450134,-0.01647743210196495,0.6166960000991821,0.38693585991859436,-0.01684771291911602,0.6223465204238892,0.38583675026893616,-0.0157457422465086,0.6272775530815125,0.38504916429519653,-0.013226131908595562,0.6346393823623657,0.3855709433555603,-0.006810098420828581,0.6380736827850342,0.3863070607185364,-0.003980669192969799,0.6003456711769104,0.38804924488067627,-0.01108473539352417,0.6051528453826904,0.38693153858184814,-0.013237524777650833,0.610683023929596,0.3867034316062927,-0.015009050257503986,0.6167318820953369,0.3868904709815979,-0.015351351350545883,0.6223741769790649,0.385765939950943,-0.014291545376181602,0.627295732498169,0.3850446939468384,-0.011952057480812073,0.6325123906135559,0.3868672251701355,-0.011535695753991604,0.6380736827850342,0.3863070607185364,-0.003980669192969799,0.6840683221817017,0.2965383231639862,0.07729502022266388,0.5383853912353516,0.3086931109428406,0.06951657682657242,0.6177952289581299,0.43162673711776733,-0.013655874878168106,0.5674964189529419,0.39893895387649536,0.006128340028226376,0.562279224395752,0.32933321595191956,0.002861939137801528
